"Alue","Ikä","Yhteensä 2020 Väestö 31.12.","Miehet 2020 Väestö 31.12.","Naiset 2020 Väestö 31.12."
"Akaa","0",121,59,62
"Akaa","1",132,71,61
"Akaa","2",99,50,49
"Akaa","3",139,66,73
"Akaa","4",152,78,74
"Akaa","5",173,87,86
"Akaa","6",176,90,86
"Akaa","7",196,108,88
"Akaa","8",215,112,103
"Akaa","9",213,116,97
"Akaa","10",218,110,108
"Akaa","11",211,111,100
"Akaa","12",209,105,104
"Akaa","13",240,124,116
"Akaa","14",216,106,110
"Akaa","15",242,106,136
"Akaa","16",226,114,112
"Akaa","17",187,98,89
"Akaa","18",191,105,86
"Akaa","19",151,97,54
"Akaa","20",111,67,44
"Akaa","21",110,61,49
"Akaa","22",89,53,36
"Akaa","23",95,47,48
"Akaa","24",109,62,47
"Akaa","25",101,55,46
"Akaa","26",133,70,63
"Akaa","27",130,84,46
"Akaa","28",137,75,62
"Akaa","29",127,52,75
"Akaa","30",159,86,73
"Akaa","31",143,73,70
"Akaa","32",171,101,70
"Akaa","33",163,90,73
"Akaa","34",192,96,96
"Akaa","35",188,84,104
"Akaa","36",191,91,100
"Akaa","37",229,111,118
"Akaa","38",220,112,108
"Akaa","39",218,120,98
"Akaa","40",248,132,116
"Akaa","41",219,109,110
"Akaa","42",245,122,123
"Akaa","43",242,126,116
"Akaa","44",243,121,122
"Akaa","45",236,124,112
"Akaa","46",250,119,131
"Akaa","47",204,103,101
"Akaa","48",209,115,94
"Akaa","49",191,105,86
"Akaa","50",237,130,107
"Akaa","51",234,122,112
"Akaa","52",258,136,122
"Akaa","53",233,129,104
"Akaa","54",227,110,117
"Akaa","55",223,121,102
"Akaa","56",237,116,121
"Akaa","57",217,109,108
"Akaa","58",212,120,92
"Akaa","59",205,110,95
"Akaa","60",211,106,105
"Akaa","61",219,115,104
"Akaa","62",215,112,103
"Akaa","63",239,119,120
"Akaa","64",254,120,134
"Akaa","65",236,123,113
"Akaa","66",237,124,113
"Akaa","67",216,106,110
"Akaa","68",238,125,113
"Akaa","69",249,122,127
"Akaa","70",230,102,128
"Akaa","71",246,127,119
"Akaa","72",271,119,152
"Akaa","73",224,119,105
"Akaa","74",184,85,99
"Akaa","75",179,88,91
"Akaa","76",136,62,74
"Akaa","77",123,55,68
"Akaa","78",107,45,62
"Akaa","79",138,62,76
"Akaa","80",91,31,60
"Akaa","81",115,52,63
"Akaa","82",94,38,56
"Akaa","83",85,32,53
"Akaa","84",80,30,50
"Akaa","85",70,25,45
"Akaa","86",61,18,43
"Akaa","87",60,22,38
"Akaa","88",56,21,35
"Akaa","89",52,18,34
"Akaa","90",39,10,29
"Akaa","91",43,12,31
"Akaa","92",25,8,17
"Akaa","93",23,6,17
"Akaa","94",13,2,11
"Akaa","95",15,2,13
"Akaa","96",10,2,8
"Akaa","97",7,1,6
"Akaa","98",3,1,2
"Akaa","99",2,0,2
"Akaa","100 -",2,0,2
"Alajärvi","0",78,40,38
"Alajärvi","1",82,45,37
"Alajärvi","2",87,42,45
"Alajärvi","3",89,36,53
"Alajärvi","4",93,47,46
"Alajärvi","5",108,54,54
"Alajärvi","6",106,48,58
"Alajärvi","7",102,44,58
"Alajärvi","8",119,66,53
"Alajärvi","9",124,66,58
"Alajärvi","10",137,65,72
"Alajärvi","11",121,59,62
"Alajärvi","12",134,60,74
"Alajärvi","13",130,71,59
"Alajärvi","14",126,70,56
"Alajärvi","15",116,54,62
"Alajärvi","16",108,64,44
"Alajärvi","17",133,70,63
"Alajärvi","18",107,61,46
"Alajärvi","19",120,81,39
"Alajärvi","20",77,49,28
"Alajärvi","21",78,47,31
"Alajärvi","22",73,50,23
"Alajärvi","23",57,35,22
"Alajärvi","24",62,34,28
"Alajärvi","25",55,28,27
"Alajärvi","26",70,43,27
"Alajärvi","27",64,37,27
"Alajärvi","28",87,49,38
"Alajärvi","29",78,45,33
"Alajärvi","30",71,36,35
"Alajärvi","31",77,37,40
"Alajärvi","32",79,37,42
"Alajärvi","33",91,50,41
"Alajärvi","34",71,39,32
"Alajärvi","35",69,36,33
"Alajärvi","36",92,54,38
"Alajärvi","37",94,51,43
"Alajärvi","38",76,34,42
"Alajärvi","39",90,45,45
"Alajärvi","40",106,64,42
"Alajärvi","41",102,53,49
"Alajärvi","42",89,46,43
"Alajärvi","43",101,57,44
"Alajärvi","44",113,53,60
"Alajärvi","45",100,52,48
"Alajärvi","46",97,53,44
"Alajärvi","47",85,44,41
"Alajärvi","48",99,44,55
"Alajärvi","49",86,46,40
"Alajärvi","50",92,47,45
"Alajärvi","51",96,47,49
"Alajärvi","52",105,54,51
"Alajärvi","53",141,79,62
"Alajärvi","54",118,57,61
"Alajärvi","55",133,72,61
"Alajärvi","56",122,50,72
"Alajärvi","57",167,82,85
"Alajärvi","58",137,73,64
"Alajärvi","59",133,68,65
"Alajärvi","60",168,81,87
"Alajärvi","61",152,77,75
"Alajärvi","62",158,79,79
"Alajärvi","63",151,67,84
"Alajärvi","64",170,86,84
"Alajärvi","65",129,74,55
"Alajärvi","66",158,83,75
"Alajärvi","67",143,76,67
"Alajärvi","68",164,90,74
"Alajärvi","69",175,102,73
"Alajärvi","70",163,84,79
"Alajärvi","71",149,72,77
"Alajärvi","72",160,80,80
"Alajärvi","73",137,69,68
"Alajärvi","74",115,58,57
"Alajärvi","75",123,67,56
"Alajärvi","76",82,42,40
"Alajärvi","77",81,34,47
"Alajärvi","78",64,25,39
"Alajärvi","79",97,44,53
"Alajärvi","80",60,24,36
"Alajärvi","81",92,39,53
"Alajärvi","82",68,29,39
"Alajärvi","83",68,28,40
"Alajärvi","84",64,24,40
"Alajärvi","85",59,22,37
"Alajärvi","86",46,17,29
"Alajärvi","87",40,16,24
"Alajärvi","88",37,13,24
"Alajärvi","89",38,8,30
"Alajärvi","90",45,15,30
"Alajärvi","91",26,7,19
"Alajärvi","92",26,3,23
"Alajärvi","93",20,5,15
"Alajärvi","94",18,5,13
"Alajärvi","95",7,2,5
"Alajärvi","96",3,2,1
"Alajärvi","97",6,1,5
"Alajärvi","98",0,0,0
"Alajärvi","99",2,0,2
"Alajärvi","100 -",2,0,2
"Alavieska","0",20,13,7
"Alavieska","1",20,11,9
"Alavieska","2",30,14,16
"Alavieska","3",27,10,17
"Alavieska","4",23,15,8
"Alavieska","5",36,17,19
"Alavieska","6",39,19,20
"Alavieska","7",34,12,22
"Alavieska","8",39,24,15
"Alavieska","9",36,26,10
"Alavieska","10",39,22,17
"Alavieska","11",32,17,15
"Alavieska","12",42,25,17
"Alavieska","13",38,19,19
"Alavieska","14",32,17,15
"Alavieska","15",36,19,17
"Alavieska","16",30,13,17
"Alavieska","17",43,35,8
"Alavieska","18",26,18,8
"Alavieska","19",35,22,13
"Alavieska","20",22,16,6
"Alavieska","21",18,13,5
"Alavieska","22",23,12,11
"Alavieska","23",21,11,10
"Alavieska","24",22,12,10
"Alavieska","25",18,11,7
"Alavieska","26",17,8,9
"Alavieska","27",24,14,10
"Alavieska","28",23,14,9
"Alavieska","29",21,9,12
"Alavieska","30",28,15,13
"Alavieska","31",17,12,5
"Alavieska","32",24,16,8
"Alavieska","33",29,14,15
"Alavieska","34",22,10,12
"Alavieska","35",25,11,14
"Alavieska","36",22,11,11
"Alavieska","37",27,18,9
"Alavieska","38",30,16,14
"Alavieska","39",34,15,19
"Alavieska","40",22,13,9
"Alavieska","41",32,12,20
"Alavieska","42",20,8,12
"Alavieska","43",26,19,7
"Alavieska","44",22,14,8
"Alavieska","45",29,14,15
"Alavieska","46",23,12,11
"Alavieska","47",19,10,9
"Alavieska","48",23,12,11
"Alavieska","49",32,17,15
"Alavieska","50",22,13,9
"Alavieska","51",29,15,14
"Alavieska","52",27,12,15
"Alavieska","53",33,14,19
"Alavieska","54",36,20,16
"Alavieska","55",32,15,17
"Alavieska","56",44,21,23
"Alavieska","57",34,16,18
"Alavieska","58",38,18,20
"Alavieska","59",31,17,14
"Alavieska","60",38,18,20
"Alavieska","61",40,20,20
"Alavieska","62",43,24,19
"Alavieska","63",35,19,16
"Alavieska","64",37,21,16
"Alavieska","65",39,30,9
"Alavieska","66",32,17,15
"Alavieska","67",36,16,20
"Alavieska","68",30,17,13
"Alavieska","69",38,24,14
"Alavieska","70",39,26,13
"Alavieska","71",31,13,18
"Alavieska","72",34,20,14
"Alavieska","73",29,20,9
"Alavieska","74",20,10,10
"Alavieska","75",21,11,10
"Alavieska","76",16,6,10
"Alavieska","77",22,9,13
"Alavieska","78",14,4,10
"Alavieska","79",26,12,14
"Alavieska","80",16,7,9
"Alavieska","81",16,5,11
"Alavieska","82",24,12,12
"Alavieska","83",24,12,12
"Alavieska","84",20,8,12
"Alavieska","85",14,7,7
"Alavieska","86",16,4,12
"Alavieska","87",13,6,7
"Alavieska","88",10,3,7
"Alavieska","89",12,3,9
"Alavieska","90",6,1,5
"Alavieska","91",8,3,5
"Alavieska","92",8,2,6
"Alavieska","93",3,0,3
"Alavieska","94",6,1,5
"Alavieska","95",0,0,0
"Alavieska","96",2,0,2
"Alavieska","97",0,0,0
"Alavieska","98",0,0,0
"Alavieska","99",1,0,1
"Alavieska","100 -",0,0,0
"Alavus","0",107,60,47
"Alavus","1",101,57,44
"Alavus","2",95,52,43
"Alavus","3",126,72,54
"Alavus","4",118,57,61
"Alavus","5",113,60,53
"Alavus","6",139,75,64
"Alavus","7",116,61,55
"Alavus","8",139,61,78
"Alavus","9",125,55,70
"Alavus","10",142,66,76
"Alavus","11",124,63,61
"Alavus","12",154,78,76
"Alavus","13",137,69,68
"Alavus","14",153,77,76
"Alavus","15",174,87,87
"Alavus","16",132,74,58
"Alavus","17",123,64,59
"Alavus","18",117,65,52
"Alavus","19",121,70,51
"Alavus","20",97,55,42
"Alavus","21",89,51,38
"Alavus","22",90,50,40
"Alavus","23",76,44,32
"Alavus","24",78,44,34
"Alavus","25",99,52,47
"Alavus","26",102,56,46
"Alavus","27",86,42,44
"Alavus","28",98,51,47
"Alavus","29",103,52,51
"Alavus","30",95,51,44
"Alavus","31",88,44,44
"Alavus","32",92,54,38
"Alavus","33",111,65,46
"Alavus","34",108,54,54
"Alavus","35",121,63,58
"Alavus","36",134,80,54
"Alavus","37",115,51,64
"Alavus","38",118,67,51
"Alavus","39",123,68,55
"Alavus","40",118,57,61
"Alavus","41",114,57,57
"Alavus","42",93,58,35
"Alavus","43",118,60,58
"Alavus","44",127,66,61
"Alavus","45",127,65,62
"Alavus","46",117,61,56
"Alavus","47",103,54,49
"Alavus","48",98,54,44
"Alavus","49",132,59,73
"Alavus","50",148,72,76
"Alavus","51",144,73,71
"Alavus","52",116,64,52
"Alavus","53",145,81,64
"Alavus","54",161,80,81
"Alavus","55",143,82,61
"Alavus","56",183,91,92
"Alavus","57",167,84,83
"Alavus","58",132,73,59
"Alavus","59",173,102,71
"Alavus","60",145,71,74
"Alavus","61",173,83,90
"Alavus","62",132,66,66
"Alavus","63",177,101,76
"Alavus","64",212,102,110
"Alavus","65",194,110,84
"Alavus","66",208,99,109
"Alavus","67",147,78,69
"Alavus","68",194,101,93
"Alavus","69",182,104,78
"Alavus","70",165,90,75
"Alavus","71",191,95,96
"Alavus","72",162,84,78
"Alavus","73",158,75,83
"Alavus","74",178,96,82
"Alavus","75",137,61,76
"Alavus","76",112,52,60
"Alavus","77",120,57,63
"Alavus","78",79,40,39
"Alavus","79",139,58,81
"Alavus","80",82,36,46
"Alavus","81",98,45,53
"Alavus","82",97,43,54
"Alavus","83",101,37,64
"Alavus","84",78,26,52
"Alavus","85",71,26,45
"Alavus","86",54,21,33
"Alavus","87",47,17,30
"Alavus","88",40,10,30
"Alavus","89",54,15,39
"Alavus","90",49,16,33
"Alavus","91",20,8,12
"Alavus","92",24,8,16
"Alavus","93",19,1,18
"Alavus","94",18,4,14
"Alavus","95",13,3,10
"Alavus","96",7,3,4
"Alavus","97",6,1,5
"Alavus","98",5,1,4
"Alavus","99",2,0,2
"Alavus","100 -",4,1,3
"Asikkala","0",49,29,20
"Asikkala","1",34,14,20
"Asikkala","2",58,27,31
"Asikkala","3",49,26,23
"Asikkala","4",62,30,32
"Asikkala","5",73,31,42
"Asikkala","6",67,42,25
"Asikkala","7",84,42,42
"Asikkala","8",71,40,31
"Asikkala","9",73,35,38
"Asikkala","10",76,39,37
"Asikkala","11",102,55,47
"Asikkala","12",85,44,41
"Asikkala","13",99,42,57
"Asikkala","14",90,47,43
"Asikkala","15",90,59,31
"Asikkala","16",106,57,49
"Asikkala","17",63,41,22
"Asikkala","18",68,35,33
"Asikkala","19",69,38,31
"Asikkala","20",50,29,21
"Asikkala","21",45,21,24
"Asikkala","22",50,27,23
"Asikkala","23",37,17,20
"Asikkala","24",35,17,18
"Asikkala","25",35,18,17
"Asikkala","26",36,17,19
"Asikkala","27",51,29,22
"Asikkala","28",43,23,20
"Asikkala","29",51,26,25
"Asikkala","30",61,30,31
"Asikkala","31",65,35,30
"Asikkala","32",55,27,28
"Asikkala","33",63,31,32
"Asikkala","34",70,39,31
"Asikkala","35",87,46,41
"Asikkala","36",55,28,27
"Asikkala","37",78,39,39
"Asikkala","38",101,52,49
"Asikkala","39",97,47,50
"Asikkala","40",90,50,40
"Asikkala","41",88,46,42
"Asikkala","42",86,47,39
"Asikkala","43",99,49,50
"Asikkala","44",106,52,54
"Asikkala","45",84,44,40
"Asikkala","46",83,48,35
"Asikkala","47",99,51,48
"Asikkala","48",88,44,44
"Asikkala","49",93,47,46
"Asikkala","50",101,47,54
"Asikkala","51",96,51,45
"Asikkala","52",112,55,57
"Asikkala","53",123,54,69
"Asikkala","54",102,67,35
"Asikkala","55",96,49,47
"Asikkala","56",137,71,66
"Asikkala","57",131,63,68
"Asikkala","58",129,68,61
"Asikkala","59",116,61,55
"Asikkala","60",108,56,52
"Asikkala","61",122,66,56
"Asikkala","62",124,58,66
"Asikkala","63",136,69,67
"Asikkala","64",134,61,73
"Asikkala","65",159,72,87
"Asikkala","66",149,67,82
"Asikkala","67",153,62,91
"Asikkala","68",158,80,78
"Asikkala","69",155,78,77
"Asikkala","70",184,95,89
"Asikkala","71",147,78,69
"Asikkala","72",142,67,75
"Asikkala","73",175,90,85
"Asikkala","74",159,82,77
"Asikkala","75",132,64,68
"Asikkala","76",95,36,59
"Asikkala","77",89,36,53
"Asikkala","78",80,37,43
"Asikkala","79",109,60,49
"Asikkala","80",64,31,33
"Asikkala","81",81,36,45
"Asikkala","82",73,26,47
"Asikkala","83",74,33,41
"Asikkala","84",49,22,27
"Asikkala","85",73,30,43
"Asikkala","86",39,14,25
"Asikkala","87",32,16,16
"Asikkala","88",34,12,22
"Asikkala","89",37,17,20
"Asikkala","90",28,10,18
"Asikkala","91",15,3,12
"Asikkala","92",15,7,8
"Asikkala","93",11,3,8
"Asikkala","94",13,2,11
"Asikkala","95",4,1,3
"Asikkala","96",6,0,6
"Asikkala","97",6,0,6
"Asikkala","98",1,0,1
"Asikkala","99",1,0,1
"Asikkala","100 -",1,1,0
"Askola","0",36,21,15
"Askola","1",34,11,23
"Askola","2",49,24,25
"Askola","3",42,25,17
"Askola","4",58,27,31
"Askola","5",73,41,32
"Askola","6",62,28,34
"Askola","7",65,31,34
"Askola","8",67,29,38
"Askola","9",68,33,35
"Askola","10",80,49,31
"Askola","11",83,45,38
"Askola","12",64,40,24
"Askola","13",75,35,40
"Askola","14",57,28,29
"Askola","15",68,26,42
"Askola","16",65,34,31
"Askola","17",70,30,40
"Askola","18",59,34,25
"Askola","19",52,34,18
"Askola","20",45,30,15
"Askola","21",25,12,13
"Askola","22",27,16,11
"Askola","23",25,19,6
"Askola","24",35,17,18
"Askola","25",39,18,21
"Askola","26",43,21,22
"Askola","27",46,21,25
"Askola","28",53,29,24
"Askola","29",51,24,27
"Askola","30",38,28,10
"Askola","31",51,28,23
"Askola","32",52,22,30
"Askola","33",56,29,27
"Askola","34",48,22,26
"Askola","35",59,34,25
"Askola","36",74,36,38
"Askola","37",60,27,33
"Askola","38",60,33,27
"Askola","39",70,28,42
"Askola","40",53,30,23
"Askola","41",60,30,30
"Askola","42",75,33,42
"Askola","43",85,41,44
"Askola","44",74,44,30
"Askola","45",62,36,26
"Askola","46",74,38,36
"Askola","47",55,28,27
"Askola","48",51,27,24
"Askola","49",61,32,29
"Askola","50",72,36,36
"Askola","51",59,34,25
"Askola","52",91,48,43
"Askola","53",86,49,37
"Askola","54",68,37,31
"Askola","55",79,44,35
"Askola","56",62,33,29
"Askola","57",64,33,31
"Askola","58",64,29,35
"Askola","59",85,47,38
"Askola","60",61,34,27
"Askola","61",69,37,32
"Askola","62",69,33,36
"Askola","63",63,37,26
"Askola","64",65,28,37
"Askola","65",57,26,31
"Askola","66",59,26,33
"Askola","67",56,22,34
"Askola","68",69,38,31
"Askola","69",60,29,31
"Askola","70",69,34,35
"Askola","71",61,35,26
"Askola","72",70,38,32
"Askola","73",46,26,20
"Askola","74",54,32,22
"Askola","75",46,24,22
"Askola","76",32,15,17
"Askola","77",32,17,15
"Askola","78",24,9,15
"Askola","79",40,14,26
"Askola","80",18,9,9
"Askola","81",32,15,17
"Askola","82",25,14,11
"Askola","83",17,6,11
"Askola","84",23,8,15
"Askola","85",23,11,12
"Askola","86",10,5,5
"Askola","87",9,4,5
"Askola","88",7,3,4
"Askola","89",9,1,8
"Askola","90",8,2,6
"Askola","91",6,1,5
"Askola","92",2,0,2
"Askola","93",12,4,8
"Askola","94",5,0,5
"Askola","95",5,0,5
"Askola","96",1,1,0
"Askola","97",0,0,0
"Askola","98",0,0,0
"Askola","99",0,0,0
"Askola","100 -",0,0,0
"Aura","0",48,23,25
"Aura","1",43,21,22
"Aura","2",41,24,17
"Aura","3",43,18,25
"Aura","4",41,23,18
"Aura","5",67,30,37
"Aura","6",45,23,22
"Aura","7",44,24,20
"Aura","8",53,28,25
"Aura","9",61,27,34
"Aura","10",70,35,35
"Aura","11",40,23,17
"Aura","12",51,28,23
"Aura","13",57,23,34
"Aura","14",50,24,26
"Aura","15",58,25,33
"Aura","16",60,30,30
"Aura","17",35,18,17
"Aura","18",35,15,20
"Aura","19",40,17,23
"Aura","20",28,17,11
"Aura","21",18,10,8
"Aura","22",25,12,13
"Aura","23",20,8,12
"Aura","24",36,21,15
"Aura","25",30,14,16
"Aura","26",38,20,18
"Aura","27",49,25,24
"Aura","28",34,17,17
"Aura","29",45,24,21
"Aura","30",37,20,17
"Aura","31",47,24,23
"Aura","32",53,29,24
"Aura","33",45,18,27
"Aura","34",53,26,27
"Aura","35",42,24,18
"Aura","36",49,26,23
"Aura","37",59,23,36
"Aura","38",73,30,43
"Aura","39",53,28,25
"Aura","40",64,29,35
"Aura","41",53,31,22
"Aura","42",67,33,34
"Aura","43",65,32,33
"Aura","44",44,30,14
"Aura","45",74,41,33
"Aura","46",45,19,26
"Aura","47",37,21,16
"Aura","48",50,30,20
"Aura","49",56,29,27
"Aura","50",57,29,28
"Aura","51",44,22,22
"Aura","52",56,23,33
"Aura","53",52,23,29
"Aura","54",50,23,27
"Aura","55",44,25,19
"Aura","56",48,25,23
"Aura","57",64,34,30
"Aura","58",49,19,30
"Aura","59",39,21,18
"Aura","60",50,22,28
"Aura","61",46,21,25
"Aura","62",55,22,33
"Aura","63",52,25,27
"Aura","64",59,26,33
"Aura","65",63,35,28
"Aura","66",49,23,26
"Aura","67",49,19,30
"Aura","68",58,33,25
"Aura","69",51,30,21
"Aura","70",51,26,25
"Aura","71",43,20,23
"Aura","72",37,19,18
"Aura","73",48,24,24
"Aura","74",50,27,23
"Aura","75",33,13,20
"Aura","76",33,14,19
"Aura","77",27,13,14
"Aura","78",22,10,12
"Aura","79",25,9,16
"Aura","80",23,12,11
"Aura","81",26,9,17
"Aura","82",18,5,13
"Aura","83",17,9,8
"Aura","84",19,10,9
"Aura","85",15,3,12
"Aura","86",9,3,6
"Aura","87",11,3,8
"Aura","88",7,4,3
"Aura","89",7,2,5
"Aura","90",6,2,4
"Aura","91",10,5,5
"Aura","92",6,0,6
"Aura","93",4,2,2
"Aura","94",0,0,0
"Aura","95",3,0,3
"Aura","96",1,0,1
"Aura","97",1,0,1
"Aura","98",0,0,0
"Aura","99",0,0,0
"Aura","100 -",1,0,1
"Brändö","0",4,1,3
"Brändö","1",1,1,0
"Brändö","2",2,1,1
"Brändö","3",2,2,0
"Brändö","4",1,0,1
"Brändö","5",1,0,1
"Brändö","6",5,3,2
"Brändö","7",1,0,1
"Brändö","8",3,2,1
"Brändö","9",2,0,2
"Brändö","10",2,0,2
"Brändö","11",3,1,2
"Brändö","12",3,3,0
"Brändö","13",6,3,3
"Brändö","14",4,2,2
"Brändö","15",4,3,1
"Brändö","16",2,2,0
"Brändö","17",6,3,3
"Brändö","18",1,0,1
"Brändö","19",3,1,2
"Brändö","20",4,2,2
"Brändö","21",5,5,0
"Brändö","22",5,3,2
"Brändö","23",6,5,1
"Brändö","24",3,2,1
"Brändö","25",2,0,2
"Brändö","26",4,1,3
"Brändö","27",6,4,2
"Brändö","28",4,1,3
"Brändö","29",4,2,2
"Brändö","30",5,2,3
"Brändö","31",5,4,1
"Brändö","32",1,0,1
"Brändö","33",5,4,1
"Brändö","34",1,0,1
"Brändö","35",2,0,2
"Brändö","36",4,1,3
"Brändö","37",4,1,3
"Brändö","38",1,1,0
"Brändö","39",3,3,0
"Brändö","40",4,0,4
"Brändö","41",4,3,1
"Brändö","42",4,2,2
"Brändö","43",2,1,1
"Brändö","44",2,0,2
"Brändö","45",2,1,1
"Brändö","46",5,0,5
"Brändö","47",5,3,2
"Brändö","48",3,1,2
"Brändö","49",10,7,3
"Brändö","50",6,5,1
"Brändö","51",4,2,2
"Brändö","52",3,2,1
"Brändö","53",14,8,6
"Brändö","54",6,2,4
"Brändö","55",6,2,4
"Brändö","56",9,5,4
"Brändö","57",5,1,4
"Brändö","58",16,9,7
"Brändö","59",8,7,1
"Brändö","60",8,4,4
"Brändö","61",14,8,6
"Brändö","62",8,3,5
"Brändö","63",10,7,3
"Brändö","64",13,5,8
"Brändö","65",8,5,3
"Brändö","66",7,6,1
"Brändö","67",9,6,3
"Brändö","68",7,2,5
"Brändö","69",8,3,5
"Brändö","70",15,7,8
"Brändö","71",3,2,1
"Brändö","72",4,2,2
"Brändö","73",8,7,1
"Brändö","74",9,7,2
"Brändö","75",12,5,7
"Brändö","76",7,1,6
"Brändö","77",5,4,1
"Brändö","78",4,1,3
"Brändö","79",7,6,1
"Brändö","80",5,4,1
"Brändö","81",4,1,3
"Brändö","82",0,0,0
"Brändö","83",3,1,2
"Brändö","84",1,1,0
"Brändö","85",3,1,2
"Brändö","86",3,1,2
"Brändö","87",2,1,1
"Brändö","88",1,0,1
"Brändö","89",2,2,0
"Brändö","90",1,0,1
"Brändö","91",1,1,0
"Brändö","92",3,1,2
"Brändö","93",0,0,0
"Brändö","94",2,0,2
"Brändö","95",2,1,1
"Brändö","96",2,0,2
"Brändö","97",0,0,0
"Brändö","98",0,0,0
"Brändö","99",0,0,0
"Brändö","100 -",0,0,0
"Eckerö","0",9,5,4
"Eckerö","1",5,3,2
"Eckerö","2",4,2,2
"Eckerö","3",13,6,7
"Eckerö","4",8,2,6
"Eckerö","5",12,8,4
"Eckerö","6",9,4,5
"Eckerö","7",5,1,4
"Eckerö","8",14,7,7
"Eckerö","9",12,7,5
"Eckerö","10",7,4,3
"Eckerö","11",5,2,3
"Eckerö","12",10,5,5
"Eckerö","13",11,7,4
"Eckerö","14",10,4,6
"Eckerö","15",10,7,3
"Eckerö","16",10,6,4
"Eckerö","17",4,3,1
"Eckerö","18",10,5,5
"Eckerö","19",6,4,2
"Eckerö","20",7,4,3
"Eckerö","21",4,2,2
"Eckerö","22",6,4,2
"Eckerö","23",1,0,1
"Eckerö","24",9,5,4
"Eckerö","25",5,4,1
"Eckerö","26",10,3,7
"Eckerö","27",8,3,5
"Eckerö","28",12,7,5
"Eckerö","29",12,6,6
"Eckerö","30",11,6,5
"Eckerö","31",11,8,3
"Eckerö","32",13,4,9
"Eckerö","33",12,7,5
"Eckerö","34",10,6,4
"Eckerö","35",18,10,8
"Eckerö","36",9,4,5
"Eckerö","37",11,8,3
"Eckerö","38",11,6,5
"Eckerö","39",14,5,9
"Eckerö","40",7,4,3
"Eckerö","41",11,6,5
"Eckerö","42",7,4,3
"Eckerö","43",9,3,6
"Eckerö","44",15,7,8
"Eckerö","45",16,9,7
"Eckerö","46",12,8,4
"Eckerö","47",10,8,2
"Eckerö","48",9,3,6
"Eckerö","49",14,6,8
"Eckerö","50",5,3,2
"Eckerö","51",12,6,6
"Eckerö","52",13,9,4
"Eckerö","53",14,7,7
"Eckerö","54",10,6,4
"Eckerö","55",18,15,3
"Eckerö","56",22,11,11
"Eckerö","57",15,9,6
"Eckerö","58",11,6,5
"Eckerö","59",16,7,9
"Eckerö","60",18,8,10
"Eckerö","61",19,8,11
"Eckerö","62",19,8,11
"Eckerö","63",17,12,5
"Eckerö","64",18,9,9
"Eckerö","65",10,7,3
"Eckerö","66",17,11,6
"Eckerö","67",11,6,5
"Eckerö","68",10,3,7
"Eckerö","69",18,8,10
"Eckerö","70",10,4,6
"Eckerö","71",18,10,8
"Eckerö","72",13,5,8
"Eckerö","73",17,10,7
"Eckerö","74",11,4,7
"Eckerö","75",13,6,7
"Eckerö","76",9,5,4
"Eckerö","77",7,1,6
"Eckerö","78",9,9,0
"Eckerö","79",11,5,6
"Eckerö","80",6,3,3
"Eckerö","81",7,3,4
"Eckerö","82",4,3,1
"Eckerö","83",10,4,6
"Eckerö","84",5,3,2
"Eckerö","85",4,2,2
"Eckerö","86",6,3,3
"Eckerö","87",1,0,1
"Eckerö","88",2,1,1
"Eckerö","89",5,1,4
"Eckerö","90",1,1,0
"Eckerö","91",3,3,0
"Eckerö","92",0,0,0
"Eckerö","93",4,1,3
"Eckerö","94",3,1,2
"Eckerö","95",4,1,3
"Eckerö","96",2,1,1
"Eckerö","97",0,0,0
"Eckerö","98",0,0,0
"Eckerö","99",2,2,0
"Eckerö","100 -",0,0,0
"Enonkoski","0",10,5,5
"Enonkoski","1",8,6,2
"Enonkoski","2",4,2,2
"Enonkoski","3",8,2,6
"Enonkoski","4",10,2,8
"Enonkoski","5",11,5,6
"Enonkoski","6",10,8,2
"Enonkoski","7",13,4,9
"Enonkoski","8",13,6,7
"Enonkoski","9",15,8,7
"Enonkoski","10",17,11,6
"Enonkoski","11",9,3,6
"Enonkoski","12",13,6,7
"Enonkoski","13",6,4,2
"Enonkoski","14",11,4,7
"Enonkoski","15",10,6,4
"Enonkoski","16",14,8,6
"Enonkoski","17",14,6,8
"Enonkoski","18",7,3,4
"Enonkoski","19",10,9,1
"Enonkoski","20",5,4,1
"Enonkoski","21",7,6,1
"Enonkoski","22",5,4,1
"Enonkoski","23",6,3,3
"Enonkoski","24",5,4,1
"Enonkoski","25",9,4,5
"Enonkoski","26",9,4,5
"Enonkoski","27",7,4,3
"Enonkoski","28",9,7,2
"Enonkoski","29",12,5,7
"Enonkoski","30",20,9,11
"Enonkoski","31",11,4,7
"Enonkoski","32",12,7,5
"Enonkoski","33",6,5,1
"Enonkoski","34",7,5,2
"Enonkoski","35",10,6,4
"Enonkoski","36",17,12,5
"Enonkoski","37",9,6,3
"Enonkoski","38",10,5,5
"Enonkoski","39",14,7,7
"Enonkoski","40",18,8,10
"Enonkoski","41",15,7,8
"Enonkoski","42",11,3,8
"Enonkoski","43",14,9,5
"Enonkoski","44",16,8,8
"Enonkoski","45",10,4,6
"Enonkoski","46",13,4,9
"Enonkoski","47",6,5,1
"Enonkoski","48",11,6,5
"Enonkoski","49",7,4,3
"Enonkoski","50",26,15,11
"Enonkoski","51",11,5,6
"Enonkoski","52",11,7,4
"Enonkoski","53",25,15,10
"Enonkoski","54",14,7,7
"Enonkoski","55",25,16,9
"Enonkoski","56",24,14,10
"Enonkoski","57",26,16,10
"Enonkoski","58",25,12,13
"Enonkoski","59",23,6,17
"Enonkoski","60",17,4,13
"Enonkoski","61",24,12,12
"Enonkoski","62",19,9,10
"Enonkoski","63",23,16,7
"Enonkoski","64",25,16,9
"Enonkoski","65",25,10,15
"Enonkoski","66",20,11,9
"Enonkoski","67",19,12,7
"Enonkoski","68",31,17,14
"Enonkoski","69",31,17,14
"Enonkoski","70",27,14,13
"Enonkoski","71",38,16,22
"Enonkoski","72",24,9,15
"Enonkoski","73",32,23,9
"Enonkoski","74",26,11,15
"Enonkoski","75",29,17,12
"Enonkoski","76",26,12,14
"Enonkoski","77",12,7,5
"Enonkoski","78",14,9,5
"Enonkoski","79",26,11,15
"Enonkoski","80",9,3,6
"Enonkoski","81",14,7,7
"Enonkoski","82",16,8,8
"Enonkoski","83",14,7,7
"Enonkoski","84",12,3,9
"Enonkoski","85",15,5,10
"Enonkoski","86",11,8,3
"Enonkoski","87",8,5,3
"Enonkoski","88",11,5,6
"Enonkoski","89",11,4,7
"Enonkoski","90",6,3,3
"Enonkoski","91",3,2,1
"Enonkoski","92",7,2,5
"Enonkoski","93",1,1,0
"Enonkoski","94",0,0,0
"Enonkoski","95",2,0,2
"Enonkoski","96",1,0,1
"Enonkoski","97",2,0,2
"Enonkoski","98",1,0,1
"Enonkoski","99",2,0,2
"Enonkoski","100 -",1,0,1
"Enontekiö","0",11,4,7
"Enontekiö","1",10,8,2
"Enontekiö","2",10,5,5
"Enontekiö","3",11,4,7
"Enontekiö","4",14,6,8
"Enontekiö","5",11,6,5
"Enontekiö","6",11,9,2
"Enontekiö","7",17,11,6
"Enontekiö","8",19,13,6
"Enontekiö","9",21,8,13
"Enontekiö","10",20,10,10
"Enontekiö","11",19,11,8
"Enontekiö","12",17,8,9
"Enontekiö","13",21,13,8
"Enontekiö","14",14,6,8
"Enontekiö","15",14,9,5
"Enontekiö","16",15,9,6
"Enontekiö","17",12,6,6
"Enontekiö","18",16,11,5
"Enontekiö","19",7,5,2
"Enontekiö","20",11,8,3
"Enontekiö","21",8,4,4
"Enontekiö","22",20,9,11
"Enontekiö","23",11,8,3
"Enontekiö","24",11,5,6
"Enontekiö","25",8,5,3
"Enontekiö","26",19,9,10
"Enontekiö","27",15,11,4
"Enontekiö","28",14,10,4
"Enontekiö","29",19,7,12
"Enontekiö","30",20,9,11
"Enontekiö","31",16,7,9
"Enontekiö","32",22,13,9
"Enontekiö","33",21,10,11
"Enontekiö","34",16,9,7
"Enontekiö","35",16,11,5
"Enontekiö","36",21,8,13
"Enontekiö","37",26,15,11
"Enontekiö","38",27,11,16
"Enontekiö","39",22,14,8
"Enontekiö","40",26,15,11
"Enontekiö","41",16,7,9
"Enontekiö","42",18,10,8
"Enontekiö","43",22,11,11
"Enontekiö","44",18,10,8
"Enontekiö","45",23,12,11
"Enontekiö","46",19,9,10
"Enontekiö","47",19,11,8
"Enontekiö","48",22,12,10
"Enontekiö","49",21,14,7
"Enontekiö","50",29,14,15
"Enontekiö","51",13,6,7
"Enontekiö","52",25,12,13
"Enontekiö","53",34,13,21
"Enontekiö","54",21,15,6
"Enontekiö","55",28,14,14
"Enontekiö","56",27,16,11
"Enontekiö","57",36,22,14
"Enontekiö","58",35,21,14
"Enontekiö","59",29,13,16
"Enontekiö","60",23,10,13
"Enontekiö","61",38,19,19
"Enontekiö","62",34,15,19
"Enontekiö","63",28,15,13
"Enontekiö","64",43,26,17
"Enontekiö","65",40,20,20
"Enontekiö","66",42,19,23
"Enontekiö","67",36,24,12
"Enontekiö","68",43,21,22
"Enontekiö","69",31,17,14
"Enontekiö","70",36,14,22
"Enontekiö","71",37,21,16
"Enontekiö","72",31,16,15
"Enontekiö","73",30,16,14
"Enontekiö","74",23,12,11
"Enontekiö","75",15,6,9
"Enontekiö","76",18,6,12
"Enontekiö","77",16,13,3
"Enontekiö","78",14,9,5
"Enontekiö","79",18,12,6
"Enontekiö","80",11,5,6
"Enontekiö","81",19,10,9
"Enontekiö","82",11,6,5
"Enontekiö","83",7,3,4
"Enontekiö","84",8,3,5
"Enontekiö","85",5,1,4
"Enontekiö","86",9,3,6
"Enontekiö","87",6,3,3
"Enontekiö","88",2,0,2
"Enontekiö","89",4,0,4
"Enontekiö","90",5,3,2
"Enontekiö","91",1,1,0
"Enontekiö","92",6,2,4
"Enontekiö","93",1,1,0
"Enontekiö","94",2,1,1
"Enontekiö","95",0,0,0
"Enontekiö","96",0,0,0
"Enontekiö","97",0,0,0
"Enontekiö","98",0,0,0
"Enontekiö","99",0,0,0
"Enontekiö","100 -",1,0,1
"Espoo","0",3116,1561,1555
"Espoo","1",3161,1685,1476
"Espoo","2",3260,1666,1594
"Espoo","3",3379,1774,1605
"Espoo","4",3559,1895,1664
"Espoo","5",3607,1855,1752
"Espoo","6",3870,1994,1876
"Espoo","7",3943,2012,1931
"Espoo","8",3910,1962,1948
"Espoo","9",3950,2081,1869
"Espoo","10",3975,2043,1932
"Espoo","11",3766,1989,1777
"Espoo","12",3815,1930,1885
"Espoo","13",3798,1950,1848
"Espoo","14",3761,1926,1835
"Espoo","15",3595,1834,1761
"Espoo","16",3501,1790,1711
"Espoo","17",3436,1774,1662
"Espoo","18",3273,1621,1652
"Espoo","19",3269,1730,1539
"Espoo","20",3286,1822,1464
"Espoo","21",3340,1846,1494
"Espoo","22",3274,1810,1464
"Espoo","23",3394,1827,1567
"Espoo","24",3693,1890,1803
"Espoo","25",3809,2024,1785
"Espoo","26",4129,2156,1973
"Espoo","27",4244,2225,2019
"Espoo","28",4591,2408,2183
"Espoo","29",4438,2282,2156
"Espoo","30",4636,2355,2281
"Espoo","31",4534,2370,2164
"Espoo","32",4578,2363,2215
"Espoo","33",4595,2383,2212
"Espoo","34",4532,2299,2233
"Espoo","35",4519,2341,2178
"Espoo","36",4619,2402,2217
"Espoo","37",4634,2349,2285
"Espoo","38",4803,2524,2279
"Espoo","39",4581,2354,2227
"Espoo","40",4563,2379,2184
"Espoo","41",4622,2328,2294
"Espoo","42",4267,2212,2055
"Espoo","43",4464,2216,2248
"Espoo","44",4448,2227,2221
"Espoo","45",4328,2229,2099
"Espoo","46",3951,2013,1938
"Espoo","47",3713,1855,1858
"Espoo","48",3609,1869,1740
"Espoo","49",3783,1941,1842
"Espoo","50",3747,1862,1885
"Espoo","51",3590,1809,1781
"Espoo","52",3867,1914,1953
"Espoo","53",3905,1926,1979
"Espoo","54",3771,1852,1919
"Espoo","55",3648,1720,1928
"Espoo","56",3662,1808,1854
"Espoo","57",3410,1687,1723
"Espoo","58",3389,1669,1720
"Espoo","59",3357,1618,1739
"Espoo","60",3159,1516,1643
"Espoo","61",2913,1418,1495
"Espoo","62",2857,1347,1510
"Espoo","63",2843,1332,1511
"Espoo","64",2718,1308,1410
"Espoo","65",2685,1270,1415
"Espoo","66",2541,1097,1444
"Espoo","67",2501,1091,1410
"Espoo","68",2475,1054,1421
"Espoo","69",2403,1063,1340
"Espoo","70",2473,1100,1373
"Espoo","71",2490,1130,1360
"Espoo","72",2649,1173,1476
"Espoo","73",2672,1152,1520
"Espoo","74",2674,1172,1502
"Espoo","75",2344,1040,1304
"Espoo","76",1779,758,1021
"Espoo","77",1618,702,916
"Espoo","78",1302,571,731
"Espoo","79",1727,749,978
"Espoo","80",1130,484,646
"Espoo","81",1204,486,718
"Espoo","82",1077,445,632
"Espoo","83",1003,412,591
"Espoo","84",851,347,504
"Espoo","85",707,270,437
"Espoo","86",668,271,397
"Espoo","87",570,190,380
"Espoo","88",488,148,340
"Espoo","89",432,145,287
"Espoo","90",391,116,275
"Espoo","91",320,80,240
"Espoo","92",255,82,173
"Espoo","93",177,42,135
"Espoo","94",136,28,108
"Espoo","95",94,25,69
"Espoo","96",56,14,42
"Espoo","97",46,12,34
"Espoo","98",38,7,31
"Espoo","99",19,6,13
"Espoo","100 -",44,3,41
"Eura","0",68,39,29
"Eura","1",76,46,30
"Eura","2",97,46,51
"Eura","3",93,44,49
"Eura","4",133,69,64
"Eura","5",104,53,51
"Eura","6",131,70,61
"Eura","7",128,62,66
"Eura","8",116,62,54
"Eura","9",129,66,63
"Eura","10",138,76,62
"Eura","11",143,70,73
"Eura","12",128,71,57
"Eura","13",122,61,61
"Eura","14",142,66,76
"Eura","15",144,77,67
"Eura","16",142,60,82
"Eura","17",144,75,69
"Eura","18",119,69,50
"Eura","19",103,58,45
"Eura","20",85,55,30
"Eura","21",79,42,37
"Eura","22",68,43,25
"Eura","23",78,47,31
"Eura","24",90,51,39
"Eura","25",95,53,42
"Eura","26",103,64,39
"Eura","27",105,59,46
"Eura","28",95,53,42
"Eura","29",116,60,56
"Eura","30",98,46,52
"Eura","31",115,57,58
"Eura","32",118,69,49
"Eura","33",109,63,46
"Eura","34",115,56,59
"Eura","35",121,58,63
"Eura","36",139,58,81
"Eura","37",134,79,55
"Eura","38",147,83,64
"Eura","39",144,78,66
"Eura","40",122,74,48
"Eura","41",123,63,60
"Eura","42",121,62,59
"Eura","43",136,62,74
"Eura","44",120,66,54
"Eura","45",132,71,61
"Eura","46",119,58,61
"Eura","47",115,60,55
"Eura","48",132,66,66
"Eura","49",148,69,79
"Eura","50",143,66,77
"Eura","51",166,100,66
"Eura","52",158,79,79
"Eura","53",146,90,56
"Eura","54",156,80,76
"Eura","55",159,89,70
"Eura","56",163,81,82
"Eura","57",163,82,81
"Eura","58",193,106,87
"Eura","59",152,67,85
"Eura","60",164,78,86
"Eura","61",156,76,80
"Eura","62",173,83,90
"Eura","63",155,78,77
"Eura","64",153,85,68
"Eura","65",169,84,85
"Eura","66",155,69,86
"Eura","67",174,96,78
"Eura","68",182,90,92
"Eura","69",176,87,89
"Eura","70",203,106,97
"Eura","71",166,83,83
"Eura","72",200,104,96
"Eura","73",192,102,90
"Eura","74",181,89,92
"Eura","75",152,73,79
"Eura","76",117,49,68
"Eura","77",100,39,61
"Eura","78",77,43,34
"Eura","79",127,65,62
"Eura","80",87,42,45
"Eura","81",109,51,58
"Eura","82",93,40,53
"Eura","83",71,28,43
"Eura","84",84,33,51
"Eura","85",77,31,46
"Eura","86",59,19,40
"Eura","87",47,20,27
"Eura","88",42,10,32
"Eura","89",47,17,30
"Eura","90",38,11,27
"Eura","91",33,12,21
"Eura","92",30,5,25
"Eura","93",22,8,14
"Eura","94",20,4,16
"Eura","95",11,1,10
"Eura","96",11,2,9
"Eura","97",6,0,6
"Eura","98",2,0,2
"Eura","99",0,0,0
"Eura","100 -",1,0,1
"Eurajoki","0",74,42,32
"Eurajoki","1",74,38,36
"Eurajoki","2",89,41,48
"Eurajoki","3",83,48,35
"Eurajoki","4",99,59,40
"Eurajoki","5",107,52,55
"Eurajoki","6",104,61,43
"Eurajoki","7",110,50,60
"Eurajoki","8",111,46,65
"Eurajoki","9",123,63,60
"Eurajoki","10",115,54,61
"Eurajoki","11",145,82,63
"Eurajoki","12",126,63,63
"Eurajoki","13",129,58,71
"Eurajoki","14",124,69,55
"Eurajoki","15",113,67,46
"Eurajoki","16",123,63,60
"Eurajoki","17",106,55,51
"Eurajoki","18",97,53,44
"Eurajoki","19",78,45,33
"Eurajoki","20",68,47,21
"Eurajoki","21",45,26,19
"Eurajoki","22",44,24,20
"Eurajoki","23",54,28,26
"Eurajoki","24",74,40,34
"Eurajoki","25",79,39,40
"Eurajoki","26",79,49,30
"Eurajoki","27",59,23,36
"Eurajoki","28",103,53,50
"Eurajoki","29",73,34,39
"Eurajoki","30",95,50,45
"Eurajoki","31",86,46,40
"Eurajoki","32",91,44,47
"Eurajoki","33",90,40,50
"Eurajoki","34",102,56,46
"Eurajoki","35",111,57,54
"Eurajoki","36",114,54,60
"Eurajoki","37",117,55,62
"Eurajoki","38",140,77,63
"Eurajoki","39",109,48,61
"Eurajoki","40",122,76,46
"Eurajoki","41",148,82,66
"Eurajoki","42",120,60,60
"Eurajoki","43",142,72,70
"Eurajoki","44",142,73,69
"Eurajoki","45",143,77,66
"Eurajoki","46",108,58,50
"Eurajoki","47",96,47,49
"Eurajoki","48",134,73,61
"Eurajoki","49",103,59,44
"Eurajoki","50",122,69,53
"Eurajoki","51",98,46,52
"Eurajoki","52",126,69,57
"Eurajoki","53",134,76,58
"Eurajoki","54",136,74,62
"Eurajoki","55",127,65,62
"Eurajoki","56",148,74,74
"Eurajoki","57",138,72,66
"Eurajoki","58",126,63,63
"Eurajoki","59",122,65,57
"Eurajoki","60",117,63,54
"Eurajoki","61",121,72,49
"Eurajoki","62",108,60,48
"Eurajoki","63",107,57,50
"Eurajoki","64",125,71,54
"Eurajoki","65",119,58,61
"Eurajoki","66",142,79,63
"Eurajoki","67",149,75,74
"Eurajoki","68",146,66,80
"Eurajoki","69",153,83,70
"Eurajoki","70",156,67,89
"Eurajoki","71",152,77,75
"Eurajoki","72",166,77,89
"Eurajoki","73",151,78,73
"Eurajoki","74",130,64,66
"Eurajoki","75",109,56,53
"Eurajoki","76",92,48,44
"Eurajoki","77",86,47,39
"Eurajoki","78",65,35,30
"Eurajoki","79",88,43,45
"Eurajoki","80",74,36,38
"Eurajoki","81",66,29,37
"Eurajoki","82",67,30,37
"Eurajoki","83",61,21,40
"Eurajoki","84",52,15,37
"Eurajoki","85",35,14,21
"Eurajoki","86",30,10,20
"Eurajoki","87",24,10,14
"Eurajoki","88",32,9,23
"Eurajoki","89",33,17,16
"Eurajoki","90",24,10,14
"Eurajoki","91",14,4,10
"Eurajoki","92",18,2,16
"Eurajoki","93",16,3,13
"Eurajoki","94",12,3,9
"Eurajoki","95",4,3,1
"Eurajoki","96",1,0,1
"Eurajoki","97",6,1,5
"Eurajoki","98",0,0,0
"Eurajoki","99",1,0,1
"Eurajoki","100 -",2,1,1
"Evijärvi","0",15,7,8
"Evijärvi","1",18,7,11
"Evijärvi","2",26,10,16
"Evijärvi","3",21,11,10
"Evijärvi","4",23,10,13
"Evijärvi","5",21,13,8
"Evijärvi","6",14,6,8
"Evijärvi","7",35,16,19
"Evijärvi","8",25,15,10
"Evijärvi","9",37,20,17
"Evijärvi","10",37,23,14
"Evijärvi","11",29,13,16
"Evijärvi","12",30,13,17
"Evijärvi","13",28,18,10
"Evijärvi","14",33,18,15
"Evijärvi","15",21,9,12
"Evijärvi","16",22,10,12
"Evijärvi","17",31,16,15
"Evijärvi","18",34,15,19
"Evijärvi","19",24,18,6
"Evijärvi","20",15,9,6
"Evijärvi","21",5,4,1
"Evijärvi","22",19,13,6
"Evijärvi","23",11,4,7
"Evijärvi","24",16,9,7
"Evijärvi","25",26,13,13
"Evijärvi","26",22,11,11
"Evijärvi","27",13,10,3
"Evijärvi","28",17,10,7
"Evijärvi","29",16,6,10
"Evijärvi","30",19,10,9
"Evijärvi","31",25,15,10
"Evijärvi","32",23,13,10
"Evijärvi","33",29,20,9
"Evijärvi","34",26,12,14
"Evijärvi","35",25,13,12
"Evijärvi","36",35,19,16
"Evijärvi","37",33,15,18
"Evijärvi","38",30,14,16
"Evijärvi","39",27,11,16
"Evijärvi","40",17,6,11
"Evijärvi","41",26,12,14
"Evijärvi","42",37,20,17
"Evijärvi","43",17,9,8
"Evijärvi","44",28,16,12
"Evijärvi","45",19,14,5
"Evijärvi","46",18,11,7
"Evijärvi","47",30,16,14
"Evijärvi","48",22,10,12
"Evijärvi","49",18,14,4
"Evijärvi","50",24,11,13
"Evijärvi","51",32,15,17
"Evijärvi","52",31,16,15
"Evijärvi","53",30,20,10
"Evijärvi","54",40,28,12
"Evijärvi","55",27,9,18
"Evijärvi","56",31,19,12
"Evijärvi","57",40,23,17
"Evijärvi","58",35,18,17
"Evijärvi","59",35,15,20
"Evijärvi","60",37,17,20
"Evijärvi","61",29,13,16
"Evijärvi","62",43,23,20
"Evijärvi","63",34,19,15
"Evijärvi","64",40,19,21
"Evijärvi","65",40,29,11
"Evijärvi","66",51,26,25
"Evijärvi","67",41,20,21
"Evijärvi","68",34,16,18
"Evijärvi","69",35,19,16
"Evijärvi","70",30,16,14
"Evijärvi","71",29,13,16
"Evijärvi","72",33,16,17
"Evijärvi","73",39,13,26
"Evijärvi","74",38,16,22
"Evijärvi","75",34,18,16
"Evijärvi","76",37,21,16
"Evijärvi","77",29,15,14
"Evijärvi","78",15,5,10
"Evijärvi","79",27,10,17
"Evijärvi","80",19,7,12
"Evijärvi","81",16,8,8
"Evijärvi","82",22,11,11
"Evijärvi","83",18,9,9
"Evijärvi","84",26,11,15
"Evijärvi","85",3,3,0
"Evijärvi","86",13,5,8
"Evijärvi","87",21,7,14
"Evijärvi","88",10,6,4
"Evijärvi","89",7,2,5
"Evijärvi","90",10,0,10
"Evijärvi","91",10,2,8
"Evijärvi","92",8,3,5
"Evijärvi","93",5,2,3
"Evijärvi","94",2,0,2
"Evijärvi","95",3,0,3
"Evijärvi","96",1,0,1
"Evijärvi","97",4,0,4
"Evijärvi","98",1,0,1
"Evijärvi","99",1,0,1
"Evijärvi","100 -",0,0,0
"Finström","0",19,8,11
"Finström","1",30,16,14
"Finström","2",23,14,9
"Finström","3",32,14,18
"Finström","4",30,13,17
"Finström","5",26,15,11
"Finström","6",30,17,13
"Finström","7",33,17,16
"Finström","8",38,13,25
"Finström","9",32,20,12
"Finström","10",38,18,20
"Finström","11",34,19,15
"Finström","12",32,15,17
"Finström","13",33,16,17
"Finström","14",36,20,16
"Finström","15",31,18,13
"Finström","16",31,17,14
"Finström","17",34,23,11
"Finström","18",23,8,15
"Finström","19",21,12,9
"Finström","20",18,11,7
"Finström","21",19,12,7
"Finström","22",19,12,7
"Finström","23",18,9,9
"Finström","24",22,11,11
"Finström","25",25,16,9
"Finström","26",21,8,13
"Finström","27",26,15,11
"Finström","28",22,12,10
"Finström","29",38,15,23
"Finström","30",44,22,22
"Finström","31",28,11,17
"Finström","32",38,17,21
"Finström","33",30,15,15
"Finström","34",22,16,6
"Finström","35",40,17,23
"Finström","36",36,17,19
"Finström","37",35,18,17
"Finström","38",34,14,20
"Finström","39",37,14,23
"Finström","40",33,16,17
"Finström","41",23,14,9
"Finström","42",21,13,8
"Finström","43",29,17,12
"Finström","44",41,20,21
"Finström","45",42,29,13
"Finström","46",28,14,14
"Finström","47",37,15,22
"Finström","48",33,17,16
"Finström","49",32,16,16
"Finström","50",45,27,18
"Finström","51",34,19,15
"Finström","52",33,21,12
"Finström","53",47,19,28
"Finström","54",30,11,19
"Finström","55",37,24,13
"Finström","56",43,19,24
"Finström","57",38,21,17
"Finström","58",43,17,26
"Finström","59",36,20,16
"Finström","60",27,12,15
"Finström","61",25,13,12
"Finström","62",33,13,20
"Finström","63",28,11,17
"Finström","64",30,16,14
"Finström","65",25,9,16
"Finström","66",36,21,15
"Finström","67",45,25,20
"Finström","68",26,10,16
"Finström","69",25,18,7
"Finström","70",33,16,17
"Finström","71",44,20,24
"Finström","72",26,12,14
"Finström","73",37,17,20
"Finström","74",21,7,14
"Finström","75",26,13,13
"Finström","76",24,13,11
"Finström","77",17,8,9
"Finström","78",19,12,7
"Finström","79",18,12,6
"Finström","80",27,13,14
"Finström","81",21,6,15
"Finström","82",22,9,13
"Finström","83",15,6,9
"Finström","84",9,4,5
"Finström","85",8,3,5
"Finström","86",9,3,6
"Finström","87",6,2,4
"Finström","88",8,1,7
"Finström","89",6,2,4
"Finström","90",1,0,1
"Finström","91",9,2,7
"Finström","92",3,2,1
"Finström","93",0,0,0
"Finström","94",3,0,3
"Finström","95",2,1,1
"Finström","96",2,1,1
"Finström","97",1,1,0
"Finström","98",2,2,0
"Finström","99",0,0,0
"Finström","100 -",1,1,0
"Forssa","0",91,57,34
"Forssa","1",110,57,53
"Forssa","2",107,52,55
"Forssa","3",112,59,53
"Forssa","4",125,62,63
"Forssa","5",128,69,59
"Forssa","6",119,53,66
"Forssa","7",147,73,74
"Forssa","8",123,60,63
"Forssa","9",158,74,84
"Forssa","10",132,78,54
"Forssa","11",164,90,74
"Forssa","12",166,92,74
"Forssa","13",168,94,74
"Forssa","14",164,86,78
"Forssa","15",164,79,85
"Forssa","16",150,83,67
"Forssa","17",182,102,80
"Forssa","18",180,99,81
"Forssa","19",192,88,104
"Forssa","20",183,99,84
"Forssa","21",206,93,113
"Forssa","22",166,94,72
"Forssa","23",130,70,60
"Forssa","24",177,85,92
"Forssa","25",155,81,74
"Forssa","26",137,78,59
"Forssa","27",146,71,75
"Forssa","28",178,98,80
"Forssa","29",165,91,74
"Forssa","30",145,84,61
"Forssa","31",177,89,88
"Forssa","32",161,82,79
"Forssa","33",150,91,59
"Forssa","34",152,65,87
"Forssa","35",180,96,84
"Forssa","36",168,83,85
"Forssa","37",196,113,83
"Forssa","38",170,98,72
"Forssa","39",203,109,94
"Forssa","40",170,79,91
"Forssa","41",198,115,83
"Forssa","42",197,95,102
"Forssa","43",171,88,83
"Forssa","44",184,100,84
"Forssa","45",188,99,89
"Forssa","46",189,99,90
"Forssa","47",164,97,67
"Forssa","48",151,70,81
"Forssa","49",187,96,91
"Forssa","50",184,105,79
"Forssa","51",167,102,65
"Forssa","52",227,128,99
"Forssa","53",208,106,102
"Forssa","54",225,106,119
"Forssa","55",221,105,116
"Forssa","56",235,118,117
"Forssa","57",225,99,126
"Forssa","58",231,114,117
"Forssa","59",270,127,143
"Forssa","60",218,117,101
"Forssa","61",230,111,119
"Forssa","62",272,128,144
"Forssa","63",301,145,156
"Forssa","64",260,122,138
"Forssa","65",270,114,156
"Forssa","66",288,127,161
"Forssa","67",266,118,148
"Forssa","68",232,101,131
"Forssa","69",281,126,155
"Forssa","70",291,144,147
"Forssa","71",311,134,177
"Forssa","72",343,140,203
"Forssa","73",322,145,177
"Forssa","74",311,161,150
"Forssa","75",262,125,137
"Forssa","76",189,79,110
"Forssa","77",190,84,106
"Forssa","78",148,67,81
"Forssa","79",192,81,111
"Forssa","80",139,53,86
"Forssa","81",165,63,102
"Forssa","82",152,64,88
"Forssa","83",138,45,93
"Forssa","84",136,54,82
"Forssa","85",117,43,74
"Forssa","86",97,26,71
"Forssa","87",97,38,59
"Forssa","88",69,23,46
"Forssa","89",67,20,47
"Forssa","90",51,13,38
"Forssa","91",37,12,25
"Forssa","92",36,12,24
"Forssa","93",29,4,25
"Forssa","94",27,6,21
"Forssa","95",12,2,10
"Forssa","96",12,0,12
"Forssa","97",7,0,7
"Forssa","98",4,2,2
"Forssa","99",5,1,4
"Forssa","100 -",7,1,6
"Föglö","0",6,4,2
"Föglö","1",8,4,4
"Föglö","2",4,4,0
"Föglö","3",4,4,0
"Föglö","4",6,3,3
"Föglö","5",5,3,2
"Föglö","6",6,3,3
"Föglö","7",6,2,4
"Föglö","8",5,1,4
"Föglö","9",6,2,4
"Föglö","10",5,2,3
"Föglö","11",2,1,1
"Föglö","12",4,1,3
"Föglö","13",3,3,0
"Föglö","14",2,2,0
"Föglö","15",5,3,2
"Föglö","16",8,4,4
"Föglö","17",3,2,1
"Föglö","18",6,4,2
"Föglö","19",8,3,5
"Föglö","20",5,3,2
"Föglö","21",3,2,1
"Föglö","22",2,1,1
"Föglö","23",5,1,4
"Föglö","24",3,2,1
"Föglö","25",2,1,1
"Föglö","26",7,4,3
"Föglö","27",5,4,1
"Föglö","28",2,0,2
"Föglö","29",10,7,3
"Föglö","30",2,1,1
"Föglö","31",9,3,6
"Föglö","32",7,4,3
"Föglö","33",9,7,2
"Föglö","34",5,1,4
"Föglö","35",6,4,2
"Föglö","36",4,1,3
"Föglö","37",5,2,3
"Föglö","38",3,2,1
"Föglö","39",4,2,2
"Föglö","40",12,6,6
"Föglö","41",4,4,0
"Föglö","42",6,5,1
"Föglö","43",2,1,1
"Föglö","44",7,5,2
"Föglö","45",5,3,2
"Föglö","46",7,4,3
"Föglö","47",6,1,5
"Föglö","48",5,2,3
"Föglö","49",7,3,4
"Föglö","50",5,3,2
"Föglö","51",3,2,1
"Föglö","52",10,7,3
"Föglö","53",7,5,2
"Föglö","54",10,4,6
"Föglö","55",10,5,5
"Föglö","56",0,0,0
"Föglö","57",4,3,1
"Föglö","58",8,3,5
"Föglö","59",5,1,4
"Föglö","60",9,6,3
"Föglö","61",6,3,3
"Föglö","62",8,6,2
"Föglö","63",8,4,4
"Föglö","64",6,2,4
"Föglö","65",11,5,6
"Föglö","66",7,2,5
"Föglö","67",8,4,4
"Föglö","68",9,3,6
"Föglö","69",12,6,6
"Föglö","70",10,3,7
"Föglö","71",6,3,3
"Föglö","72",11,9,2
"Föglö","73",8,5,3
"Föglö","74",9,4,5
"Föglö","75",7,3,4
"Föglö","76",3,1,2
"Föglö","77",8,5,3
"Föglö","78",6,4,2
"Föglö","79",6,5,1
"Föglö","80",6,3,3
"Föglö","81",2,0,2
"Föglö","82",1,1,0
"Föglö","83",2,2,0
"Föglö","84",3,1,2
"Föglö","85",2,2,0
"Föglö","86",3,2,1
"Föglö","87",4,2,2
"Föglö","88",3,2,1
"Föglö","89",4,1,3
"Föglö","90",3,1,2
"Föglö","91",2,0,2
"Föglö","92",1,0,1
"Föglö","93",3,0,3
"Föglö","94",2,0,2
"Föglö","95",1,0,1
"Föglö","96",0,0,0
"Föglö","97",1,0,1
"Föglö","98",0,0,0
"Föglö","99",0,0,0
"Föglö","100 -",2,0,2
"Geta","0",4,1,3
"Geta","1",6,4,2
"Geta","2",3,2,1
"Geta","3",2,2,0
"Geta","4",4,3,1
"Geta","5",8,3,5
"Geta","6",6,2,4
"Geta","7",6,3,3
"Geta","8",7,5,2
"Geta","9",7,5,2
"Geta","10",7,1,6
"Geta","11",6,3,3
"Geta","12",9,4,5
"Geta","13",3,2,1
"Geta","14",8,3,5
"Geta","15",4,2,2
"Geta","16",6,3,3
"Geta","17",5,4,1
"Geta","18",4,2,2
"Geta","19",5,3,2
"Geta","20",2,2,0
"Geta","21",4,2,2
"Geta","22",2,0,2
"Geta","23",1,0,1
"Geta","24",6,3,3
"Geta","25",2,1,1
"Geta","26",9,5,4
"Geta","27",2,1,1
"Geta","28",4,3,1
"Geta","29",3,2,1
"Geta","30",9,4,5
"Geta","31",4,2,2
"Geta","32",6,5,1
"Geta","33",5,1,4
"Geta","34",6,3,3
"Geta","35",11,5,6
"Geta","36",3,1,2
"Geta","37",12,7,5
"Geta","38",8,3,5
"Geta","39",5,3,2
"Geta","40",5,3,2
"Geta","41",7,3,4
"Geta","42",8,3,5
"Geta","43",3,1,2
"Geta","44",7,6,1
"Geta","45",3,1,2
"Geta","46",7,5,2
"Geta","47",7,2,5
"Geta","48",8,3,5
"Geta","49",7,6,1
"Geta","50",3,1,2
"Geta","51",8,5,3
"Geta","52",6,2,4
"Geta","53",1,1,0
"Geta","54",11,7,4
"Geta","55",6,4,2
"Geta","56",10,3,7
"Geta","57",14,5,9
"Geta","58",11,6,5
"Geta","59",5,3,2
"Geta","60",12,9,3
"Geta","61",9,4,5
"Geta","62",8,2,6
"Geta","63",8,4,4
"Geta","64",9,4,5
"Geta","65",9,6,3
"Geta","66",1,0,1
"Geta","67",8,4,4
"Geta","68",7,2,5
"Geta","69",5,2,3
"Geta","70",3,3,0
"Geta","71",5,3,2
"Geta","72",3,2,1
"Geta","73",6,4,2
"Geta","74",7,4,3
"Geta","75",4,2,2
"Geta","76",7,4,3
"Geta","77",4,1,3
"Geta","78",6,2,4
"Geta","79",6,4,2
"Geta","80",2,0,2
"Geta","81",3,2,1
"Geta","82",4,2,2
"Geta","83",2,0,2
"Geta","84",2,2,0
"Geta","85",6,3,3
"Geta","86",1,0,1
"Geta","87",2,0,2
"Geta","88",2,1,1
"Geta","89",0,0,0
"Geta","90",2,1,1
"Geta","91",1,0,1
"Geta","92",2,1,1
"Geta","93",1,1,0
"Geta","94",2,0,2
"Geta","95",1,0,1
"Geta","96",0,0,0
"Geta","97",0,0,0
"Geta","98",0,0,0
"Geta","99",0,0,0
"Geta","100 -",0,0,0
"Haapajärvi","0",54,27,27
"Haapajärvi","1",75,35,40
"Haapajärvi","2",70,32,38
"Haapajärvi","3",73,42,31
"Haapajärvi","4",82,40,42
"Haapajärvi","5",73,44,29
"Haapajärvi","6",91,45,46
"Haapajärvi","7",80,40,40
"Haapajärvi","8",88,44,44
"Haapajärvi","9",81,35,46
"Haapajärvi","10",96,46,50
"Haapajärvi","11",115,54,61
"Haapajärvi","12",76,40,36
"Haapajärvi","13",102,52,50
"Haapajärvi","14",105,53,52
"Haapajärvi","15",101,43,58
"Haapajärvi","16",107,67,40
"Haapajärvi","17",89,46,43
"Haapajärvi","18",85,41,44
"Haapajärvi","19",87,51,36
"Haapajärvi","20",60,34,26
"Haapajärvi","21",60,34,26
"Haapajärvi","22",42,29,13
"Haapajärvi","23",53,33,20
"Haapajärvi","24",55,31,24
"Haapajärvi","25",71,32,39
"Haapajärvi","26",60,30,30
"Haapajärvi","27",62,36,26
"Haapajärvi","28",63,37,26
"Haapajärvi","29",61,31,30
"Haapajärvi","30",72,39,33
"Haapajärvi","31",50,27,23
"Haapajärvi","32",54,22,32
"Haapajärvi","33",77,43,34
"Haapajärvi","34",56,23,33
"Haapajärvi","35",60,35,25
"Haapajärvi","36",55,37,18
"Haapajärvi","37",79,45,34
"Haapajärvi","38",75,33,42
"Haapajärvi","39",76,41,35
"Haapajärvi","40",76,36,40
"Haapajärvi","41",73,39,34
"Haapajärvi","42",61,31,30
"Haapajärvi","43",66,28,38
"Haapajärvi","44",74,42,32
"Haapajärvi","45",73,37,36
"Haapajärvi","46",61,35,26
"Haapajärvi","47",57,32,25
"Haapajärvi","48",72,32,40
"Haapajärvi","49",83,47,36
"Haapajärvi","50",85,43,42
"Haapajärvi","51",78,36,42
"Haapajärvi","52",92,54,38
"Haapajärvi","53",85,39,46
"Haapajärvi","54",91,50,41
"Haapajärvi","55",93,38,55
"Haapajärvi","56",110,56,54
"Haapajärvi","57",97,43,54
"Haapajärvi","58",95,56,39
"Haapajärvi","59",114,60,54
"Haapajärvi","60",108,56,52
"Haapajärvi","61",109,50,59
"Haapajärvi","62",110,59,51
"Haapajärvi","63",114,61,53
"Haapajärvi","64",97,50,47
"Haapajärvi","65",94,49,45
"Haapajärvi","66",119,63,56
"Haapajärvi","67",125,72,53
"Haapajärvi","68",97,40,57
"Haapajärvi","69",100,49,51
"Haapajärvi","70",102,43,59
"Haapajärvi","71",96,53,43
"Haapajärvi","72",99,54,45
"Haapajärvi","73",103,44,59
"Haapajärvi","74",81,35,46
"Haapajärvi","75",73,35,38
"Haapajärvi","76",69,37,32
"Haapajärvi","77",54,22,32
"Haapajärvi","78",35,18,17
"Haapajärvi","79",66,37,29
"Haapajärvi","80",43,21,22
"Haapajärvi","81",50,27,23
"Haapajärvi","82",47,22,25
"Haapajärvi","83",33,15,18
"Haapajärvi","84",39,15,24
"Haapajärvi","85",40,13,27
"Haapajärvi","86",45,19,26
"Haapajärvi","87",26,11,15
"Haapajärvi","88",24,9,15
"Haapajärvi","89",21,4,17
"Haapajärvi","90",18,7,11
"Haapajärvi","91",17,8,9
"Haapajärvi","92",11,3,8
"Haapajärvi","93",11,2,9
"Haapajärvi","94",4,0,4
"Haapajärvi","95",1,0,1
"Haapajärvi","96",4,0,4
"Haapajärvi","97",1,1,0
"Haapajärvi","98",0,0,0
"Haapajärvi","99",0,0,0
"Haapajärvi","100 -",3,1,2
"Haapavesi","0",74,40,34
"Haapavesi","1",61,35,26
"Haapavesi","2",55,30,25
"Haapavesi","3",78,37,41
"Haapavesi","4",86,45,41
"Haapavesi","5",85,47,38
"Haapavesi","6",111,67,44
"Haapavesi","7",99,44,55
"Haapavesi","8",97,40,57
"Haapavesi","9",97,42,55
"Haapavesi","10",101,52,49
"Haapavesi","11",89,47,42
"Haapavesi","12",96,48,48
"Haapavesi","13",110,56,54
"Haapavesi","14",98,48,50
"Haapavesi","15",94,36,58
"Haapavesi","16",107,55,52
"Haapavesi","17",95,51,44
"Haapavesi","18",113,64,49
"Haapavesi","19",57,39,18
"Haapavesi","20",75,39,36
"Haapavesi","21",36,25,11
"Haapavesi","22",50,30,20
"Haapavesi","23",60,34,26
"Haapavesi","24",49,30,19
"Haapavesi","25",66,37,29
"Haapavesi","26",49,28,21
"Haapavesi","27",53,23,30
"Haapavesi","28",46,24,22
"Haapavesi","29",70,33,37
"Haapavesi","30",77,41,36
"Haapavesi","31",77,42,35
"Haapavesi","32",76,33,43
"Haapavesi","33",82,46,36
"Haapavesi","34",52,29,23
"Haapavesi","35",58,35,23
"Haapavesi","36",79,47,32
"Haapavesi","37",80,54,26
"Haapavesi","38",77,35,42
"Haapavesi","39",77,41,36
"Haapavesi","40",75,36,39
"Haapavesi","41",85,45,40
"Haapavesi","42",77,35,42
"Haapavesi","43",80,43,37
"Haapavesi","44",80,55,25
"Haapavesi","45",60,33,27
"Haapavesi","46",62,35,27
"Haapavesi","47",62,32,30
"Haapavesi","48",66,39,27
"Haapavesi","49",59,27,32
"Haapavesi","50",67,36,31
"Haapavesi","51",69,32,37
"Haapavesi","52",72,33,39
"Haapavesi","53",79,42,37
"Haapavesi","54",82,41,41
"Haapavesi","55",81,44,37
"Haapavesi","56",78,40,38
"Haapavesi","57",82,42,40
"Haapavesi","58",96,54,42
"Haapavesi","59",74,37,37
"Haapavesi","60",84,45,39
"Haapavesi","61",92,48,44
"Haapavesi","62",92,45,47
"Haapavesi","63",100,49,51
"Haapavesi","64",104,51,53
"Haapavesi","65",115,54,61
"Haapavesi","66",99,46,53
"Haapavesi","67",88,49,39
"Haapavesi","68",95,51,44
"Haapavesi","69",94,52,42
"Haapavesi","70",96,47,49
"Haapavesi","71",106,55,51
"Haapavesi","72",92,47,45
"Haapavesi","73",80,34,46
"Haapavesi","74",66,36,30
"Haapavesi","75",83,45,38
"Haapavesi","76",47,23,24
"Haapavesi","77",52,23,29
"Haapavesi","78",42,21,21
"Haapavesi","79",50,17,33
"Haapavesi","80",35,19,16
"Haapavesi","81",38,13,25
"Haapavesi","82",54,23,31
"Haapavesi","83",39,18,21
"Haapavesi","84",36,14,22
"Haapavesi","85",35,14,21
"Haapavesi","86",42,14,28
"Haapavesi","87",20,10,10
"Haapavesi","88",22,6,16
"Haapavesi","89",16,4,12
"Haapavesi","90",17,6,11
"Haapavesi","91",8,1,7
"Haapavesi","92",12,1,11
"Haapavesi","93",12,2,10
"Haapavesi","94",13,3,10
"Haapavesi","95",5,3,2
"Haapavesi","96",4,1,3
"Haapavesi","97",3,1,2
"Haapavesi","98",0,0,0
"Haapavesi","99",1,0,1
"Haapavesi","100 -",0,0,0
"Hailuoto","0",2,0,2
"Hailuoto","1",4,1,3
"Hailuoto","2",12,4,8
"Hailuoto","3",7,3,4
"Hailuoto","4",5,1,4
"Hailuoto","5",11,6,5
"Hailuoto","6",7,2,5
"Hailuoto","7",10,5,5
"Hailuoto","8",5,1,4
"Hailuoto","9",11,6,5
"Hailuoto","10",10,5,5
"Hailuoto","11",9,3,6
"Hailuoto","12",10,5,5
"Hailuoto","13",7,4,3
"Hailuoto","14",11,4,7
"Hailuoto","15",10,5,5
"Hailuoto","16",3,1,2
"Hailuoto","17",5,2,3
"Hailuoto","18",3,3,0
"Hailuoto","19",7,5,2
"Hailuoto","20",3,1,2
"Hailuoto","21",4,4,0
"Hailuoto","22",2,1,1
"Hailuoto","23",2,1,1
"Hailuoto","24",4,3,1
"Hailuoto","25",6,4,2
"Hailuoto","26",4,4,0
"Hailuoto","27",3,2,1
"Hailuoto","28",3,1,2
"Hailuoto","29",4,2,2
"Hailuoto","30",2,1,1
"Hailuoto","31",7,2,5
"Hailuoto","32",8,3,5
"Hailuoto","33",6,1,5
"Hailuoto","34",11,6,5
"Hailuoto","35",6,4,2
"Hailuoto","36",8,5,3
"Hailuoto","37",7,2,5
"Hailuoto","38",7,4,3
"Hailuoto","39",10,4,6
"Hailuoto","40",9,6,3
"Hailuoto","41",9,5,4
"Hailuoto","42",11,6,5
"Hailuoto","43",7,2,5
"Hailuoto","44",14,8,6
"Hailuoto","45",6,3,3
"Hailuoto","46",11,7,4
"Hailuoto","47",7,4,3
"Hailuoto","48",12,6,6
"Hailuoto","49",12,8,4
"Hailuoto","50",10,5,5
"Hailuoto","51",11,7,4
"Hailuoto","52",8,1,7
"Hailuoto","53",20,13,7
"Hailuoto","54",12,10,2
"Hailuoto","55",14,6,8
"Hailuoto","56",18,7,11
"Hailuoto","57",17,10,7
"Hailuoto","58",17,10,7
"Hailuoto","59",9,3,6
"Hailuoto","60",12,7,5
"Hailuoto","61",26,15,11
"Hailuoto","62",15,8,7
"Hailuoto","63",20,13,7
"Hailuoto","64",17,11,6
"Hailuoto","65",18,12,6
"Hailuoto","66",14,6,8
"Hailuoto","67",21,9,12
"Hailuoto","68",21,11,10
"Hailuoto","69",22,15,7
"Hailuoto","70",18,11,7
"Hailuoto","71",20,13,7
"Hailuoto","72",22,9,13
"Hailuoto","73",22,13,9
"Hailuoto","74",23,13,10
"Hailuoto","75",25,10,15
"Hailuoto","76",14,5,9
"Hailuoto","77",19,10,9
"Hailuoto","78",14,4,10
"Hailuoto","79",10,7,3
"Hailuoto","80",12,6,6
"Hailuoto","81",11,5,6
"Hailuoto","82",11,6,5
"Hailuoto","83",10,5,5
"Hailuoto","84",9,2,7
"Hailuoto","85",7,1,6
"Hailuoto","86",5,3,2
"Hailuoto","87",4,3,1
"Hailuoto","88",4,1,3
"Hailuoto","89",4,1,3
"Hailuoto","90",1,0,1
"Hailuoto","91",2,1,1
"Hailuoto","92",3,1,2
"Hailuoto","93",1,0,1
"Hailuoto","94",1,1,0
"Hailuoto","95",0,0,0
"Hailuoto","96",1,0,1
"Hailuoto","97",0,0,0
"Hailuoto","98",0,0,0
"Hailuoto","99",0,0,0
"Hailuoto","100 -",0,0,0
"Halsua","0",5,1,4
"Halsua","1",11,5,6
"Halsua","2",5,3,2
"Halsua","3",14,2,12
"Halsua","4",4,4,0
"Halsua","5",10,6,4
"Halsua","6",12,6,6
"Halsua","7",9,5,4
"Halsua","8",12,3,9
"Halsua","9",9,4,5
"Halsua","10",12,7,5
"Halsua","11",11,5,6
"Halsua","12",9,4,5
"Halsua","13",11,8,3
"Halsua","14",13,8,5
"Halsua","15",12,6,6
"Halsua","16",10,4,6
"Halsua","17",11,8,3
"Halsua","18",6,2,4
"Halsua","19",14,7,7
"Halsua","20",7,4,3
"Halsua","21",8,5,3
"Halsua","22",11,7,4
"Halsua","23",8,1,7
"Halsua","24",11,4,7
"Halsua","25",11,8,3
"Halsua","26",5,4,1
"Halsua","27",6,5,1
"Halsua","28",13,8,5
"Halsua","29",8,5,3
"Halsua","30",7,3,4
"Halsua","31",7,5,2
"Halsua","32",9,8,1
"Halsua","33",5,2,3
"Halsua","34",8,3,5
"Halsua","35",10,5,5
"Halsua","36",12,7,5
"Halsua","37",11,6,5
"Halsua","38",9,6,3
"Halsua","39",7,4,3
"Halsua","40",7,5,2
"Halsua","41",15,9,6
"Halsua","42",10,4,6
"Halsua","43",15,9,6
"Halsua","44",5,1,4
"Halsua","45",15,8,7
"Halsua","46",13,10,3
"Halsua","47",12,8,4
"Halsua","48",14,6,8
"Halsua","49",10,6,4
"Halsua","50",15,9,6
"Halsua","51",9,6,3
"Halsua","52",13,6,7
"Halsua","53",16,10,6
"Halsua","54",15,9,6
"Halsua","55",13,5,8
"Halsua","56",16,9,7
"Halsua","57",12,9,3
"Halsua","58",15,9,6
"Halsua","59",18,9,9
"Halsua","60",21,7,14
"Halsua","61",20,9,11
"Halsua","62",11,4,7
"Halsua","63",18,7,11
"Halsua","64",20,12,8
"Halsua","65",19,11,8
"Halsua","66",10,6,4
"Halsua","67",20,10,10
"Halsua","68",30,13,17
"Halsua","69",20,11,9
"Halsua","70",25,15,10
"Halsua","71",19,9,10
"Halsua","72",21,16,5
"Halsua","73",21,7,14
"Halsua","74",11,10,1
"Halsua","75",20,11,9
"Halsua","76",14,7,7
"Halsua","77",6,3,3
"Halsua","78",9,1,8
"Halsua","79",17,9,8
"Halsua","80",10,3,7
"Halsua","81",13,9,4
"Halsua","82",11,5,6
"Halsua","83",12,7,5
"Halsua","84",14,5,9
"Halsua","85",13,6,7
"Halsua","86",8,2,6
"Halsua","87",5,2,3
"Halsua","88",7,0,7
"Halsua","89",6,3,3
"Halsua","90",2,0,2
"Halsua","91",3,2,1
"Halsua","92",3,0,3
"Halsua","93",2,1,1
"Halsua","94",3,0,3
"Halsua","95",3,2,1
"Halsua","96",0,0,0
"Halsua","97",1,0,1
"Halsua","98",1,0,1
"Halsua","99",3,0,3
"Halsua","100 -",0,0,0
"Hamina","0",111,56,55
"Hamina","1",118,67,51
"Hamina","2",126,67,59
"Hamina","3",125,70,55
"Hamina","4",150,68,82
"Hamina","5",158,86,72
"Hamina","6",181,91,90
"Hamina","7",178,83,95
"Hamina","8",181,101,80
"Hamina","9",195,94,101
"Hamina","10",206,110,96
"Hamina","11",222,111,111
"Hamina","12",177,84,93
"Hamina","13",228,135,93
"Hamina","14",187,91,96
"Hamina","15",212,106,106
"Hamina","16",193,101,92
"Hamina","17",207,113,94
"Hamina","18",202,110,92
"Hamina","19",196,104,92
"Hamina","20",174,105,69
"Hamina","21",132,73,59
"Hamina","22",127,80,47
"Hamina","23",126,73,53
"Hamina","24",148,77,71
"Hamina","25",161,81,80
"Hamina","26",137,80,57
"Hamina","27",162,83,79
"Hamina","28",180,102,78
"Hamina","29",155,84,71
"Hamina","30",174,93,81
"Hamina","31",158,74,84
"Hamina","32",174,94,80
"Hamina","33",176,87,89
"Hamina","34",176,98,78
"Hamina","35",189,109,80
"Hamina","36",221,109,112
"Hamina","37",224,125,99
"Hamina","38",230,116,114
"Hamina","39",201,96,105
"Hamina","40",269,136,133
"Hamina","41",228,131,97
"Hamina","42",235,118,117
"Hamina","43",223,112,111
"Hamina","44",247,118,129
"Hamina","45",272,142,130
"Hamina","46",243,122,121
"Hamina","47",221,109,112
"Hamina","48",213,106,107
"Hamina","49",252,137,115
"Hamina","50",235,114,121
"Hamina","51",264,132,132
"Hamina","52",284,132,152
"Hamina","53",311,154,157
"Hamina","54",296,154,142
"Hamina","55",293,152,141
"Hamina","56",301,146,155
"Hamina","57",305,155,150
"Hamina","58",314,152,162
"Hamina","59",340,193,147
"Hamina","60",321,150,171
"Hamina","61",330,168,162
"Hamina","62",314,159,155
"Hamina","63",310,160,150
"Hamina","64",321,158,163
"Hamina","65",297,136,161
"Hamina","66",290,138,152
"Hamina","67",299,167,132
"Hamina","68",349,160,189
"Hamina","69",287,141,146
"Hamina","70",333,170,163
"Hamina","71",345,156,189
"Hamina","72",340,179,161
"Hamina","73",345,168,177
"Hamina","74",335,180,155
"Hamina","75",288,143,145
"Hamina","76",218,101,117
"Hamina","77",198,83,115
"Hamina","78",167,76,91
"Hamina","79",261,119,142
"Hamina","80",171,74,97
"Hamina","81",207,87,120
"Hamina","82",175,81,94
"Hamina","83",124,49,75
"Hamina","84",130,45,85
"Hamina","85",122,47,75
"Hamina","86",119,51,68
"Hamina","87",98,34,64
"Hamina","88",83,17,66
"Hamina","89",77,27,50
"Hamina","90",73,20,53
"Hamina","91",59,20,39
"Hamina","92",45,16,29
"Hamina","93",34,11,23
"Hamina","94",28,7,21
"Hamina","95",21,4,17
"Hamina","96",15,1,14
"Hamina","97",8,0,8
"Hamina","98",8,0,8
"Hamina","99",3,1,2
"Hamina","100 -",5,1,4
"Hammarland","0",14,6,8
"Hammarland","1",12,8,4
"Hammarland","2",25,14,11
"Hammarland","3",15,9,6
"Hammarland","4",14,9,5
"Hammarland","5",20,12,8
"Hammarland","6",23,7,16
"Hammarland","7",16,9,7
"Hammarland","8",21,12,9
"Hammarland","9",30,14,16
"Hammarland","10",15,10,5
"Hammarland","11",20,10,10
"Hammarland","12",20,10,10
"Hammarland","13",19,9,10
"Hammarland","14",19,11,8
"Hammarland","15",28,19,9
"Hammarland","16",19,14,5
"Hammarland","17",16,9,7
"Hammarland","18",17,5,12
"Hammarland","19",8,3,5
"Hammarland","20",8,3,5
"Hammarland","21",10,7,3
"Hammarland","22",11,8,3
"Hammarland","23",11,6,5
"Hammarland","24",5,5,0
"Hammarland","25",10,4,6
"Hammarland","26",8,3,5
"Hammarland","27",20,6,14
"Hammarland","28",16,9,7
"Hammarland","29",16,7,9
"Hammarland","30",16,9,7
"Hammarland","31",18,7,11
"Hammarland","32",26,12,14
"Hammarland","33",23,10,13
"Hammarland","34",12,8,4
"Hammarland","35",19,9,10
"Hammarland","36",24,11,13
"Hammarland","37",24,12,12
"Hammarland","38",21,8,13
"Hammarland","39",25,14,11
"Hammarland","40",26,13,13
"Hammarland","41",17,10,7
"Hammarland","42",18,9,9
"Hammarland","43",17,5,12
"Hammarland","44",23,10,13
"Hammarland","45",18,12,6
"Hammarland","46",21,10,11
"Hammarland","47",18,12,6
"Hammarland","48",33,21,12
"Hammarland","49",28,12,16
"Hammarland","50",22,11,11
"Hammarland","51",21,12,9
"Hammarland","52",29,14,15
"Hammarland","53",27,12,15
"Hammarland","54",22,10,12
"Hammarland","55",20,5,15
"Hammarland","56",19,9,10
"Hammarland","57",24,12,12
"Hammarland","58",22,15,7
"Hammarland","59",20,10,10
"Hammarland","60",21,12,9
"Hammarland","61",27,17,10
"Hammarland","62",24,10,14
"Hammarland","63",14,5,9
"Hammarland","64",20,9,11
"Hammarland","65",19,10,9
"Hammarland","66",15,7,8
"Hammarland","67",24,13,11
"Hammarland","68",26,13,13
"Hammarland","69",12,8,4
"Hammarland","70",24,14,10
"Hammarland","71",13,9,4
"Hammarland","72",23,13,10
"Hammarland","73",21,11,10
"Hammarland","74",25,15,10
"Hammarland","75",18,9,9
"Hammarland","76",15,6,9
"Hammarland","77",12,9,3
"Hammarland","78",16,7,9
"Hammarland","79",7,6,1
"Hammarland","80",12,7,5
"Hammarland","81",7,4,3
"Hammarland","82",10,5,5
"Hammarland","83",3,1,2
"Hammarland","84",6,3,3
"Hammarland","85",9,3,6
"Hammarland","86",3,2,1
"Hammarland","87",7,2,5
"Hammarland","88",3,2,1
"Hammarland","89",4,2,2
"Hammarland","90",2,1,1
"Hammarland","91",5,1,4
"Hammarland","92",3,0,3
"Hammarland","93",5,3,2
"Hammarland","94",2,0,2
"Hammarland","95",0,0,0
"Hammarland","96",2,0,2
"Hammarland","97",0,0,0
"Hammarland","98",1,0,1
"Hammarland","99",0,0,0
"Hammarland","100 -",0,0,0
"Hankasalmi","0",27,16,11
"Hankasalmi","1",28,13,15
"Hankasalmi","2",29,15,14
"Hankasalmi","3",28,13,15
"Hankasalmi","4",43,28,15
"Hankasalmi","5",39,21,18
"Hankasalmi","6",43,19,24
"Hankasalmi","7",64,28,36
"Hankasalmi","8",51,25,26
"Hankasalmi","9",48,21,27
"Hankasalmi","10",61,30,31
"Hankasalmi","11",60,37,23
"Hankasalmi","12",57,29,28
"Hankasalmi","13",61,27,34
"Hankasalmi","14",53,29,24
"Hankasalmi","15",37,14,23
"Hankasalmi","16",48,22,26
"Hankasalmi","17",58,34,24
"Hankasalmi","18",42,28,14
"Hankasalmi","19",29,20,9
"Hankasalmi","20",31,24,7
"Hankasalmi","21",28,18,10
"Hankasalmi","22",23,8,15
"Hankasalmi","23",29,16,13
"Hankasalmi","24",25,14,11
"Hankasalmi","25",30,12,18
"Hankasalmi","26",28,14,14
"Hankasalmi","27",26,10,16
"Hankasalmi","28",22,15,7
"Hankasalmi","29",33,14,19
"Hankasalmi","30",34,18,16
"Hankasalmi","31",40,17,23
"Hankasalmi","32",43,15,28
"Hankasalmi","33",41,23,18
"Hankasalmi","34",35,13,22
"Hankasalmi","35",48,32,16
"Hankasalmi","36",60,31,29
"Hankasalmi","37",47,24,23
"Hankasalmi","38",55,26,29
"Hankasalmi","39",59,29,30
"Hankasalmi","40",45,19,26
"Hankasalmi","41",33,14,19
"Hankasalmi","42",55,31,24
"Hankasalmi","43",58,33,25
"Hankasalmi","44",66,31,35
"Hankasalmi","45",46,27,19
"Hankasalmi","46",41,20,21
"Hankasalmi","47",45,20,25
"Hankasalmi","48",61,31,30
"Hankasalmi","49",56,27,29
"Hankasalmi","50",50,31,19
"Hankasalmi","51",51,23,28
"Hankasalmi","52",57,31,26
"Hankasalmi","53",61,36,25
"Hankasalmi","54",70,37,33
"Hankasalmi","55",81,45,36
"Hankasalmi","56",71,42,29
"Hankasalmi","57",70,43,27
"Hankasalmi","58",94,49,45
"Hankasalmi","59",78,41,37
"Hankasalmi","60",68,33,35
"Hankasalmi","61",74,39,35
"Hankasalmi","62",86,45,41
"Hankasalmi","63",105,54,51
"Hankasalmi","64",81,39,42
"Hankasalmi","65",100,52,48
"Hankasalmi","66",85,36,49
"Hankasalmi","67",79,42,37
"Hankasalmi","68",73,41,32
"Hankasalmi","69",71,39,32
"Hankasalmi","70",92,51,41
"Hankasalmi","71",79,37,42
"Hankasalmi","72",90,49,41
"Hankasalmi","73",86,44,42
"Hankasalmi","74",90,38,52
"Hankasalmi","75",65,35,30
"Hankasalmi","76",53,30,23
"Hankasalmi","77",48,22,26
"Hankasalmi","78",39,21,18
"Hankasalmi","79",63,28,35
"Hankasalmi","80",32,12,20
"Hankasalmi","81",48,25,23
"Hankasalmi","82",46,15,31
"Hankasalmi","83",34,19,15
"Hankasalmi","84",33,14,19
"Hankasalmi","85",34,9,25
"Hankasalmi","86",30,12,18
"Hankasalmi","87",33,12,21
"Hankasalmi","88",36,13,23
"Hankasalmi","89",17,3,14
"Hankasalmi","90",12,3,9
"Hankasalmi","91",19,3,16
"Hankasalmi","92",15,5,10
"Hankasalmi","93",12,2,10
"Hankasalmi","94",8,4,4
"Hankasalmi","95",4,0,4
"Hankasalmi","96",8,3,5
"Hankasalmi","97",2,0,2
"Hankasalmi","98",0,0,0
"Hankasalmi","99",0,0,0
"Hankasalmi","100 -",0,0,0
"Hanko","0",34,18,16
"Hanko","1",44,20,24
"Hanko","2",46,25,21
"Hanko","3",49,22,27
"Hanko","4",65,29,36
"Hanko","5",46,27,19
"Hanko","6",58,29,29
"Hanko","7",59,29,30
"Hanko","8",72,43,29
"Hanko","9",78,40,38
"Hanko","10",84,39,45
"Hanko","11",93,49,44
"Hanko","12",79,46,33
"Hanko","13",83,40,43
"Hanko","14",70,42,28
"Hanko","15",86,39,47
"Hanko","16",87,40,47
"Hanko","17",73,36,37
"Hanko","18",71,35,36
"Hanko","19",70,49,21
"Hanko","20",52,35,17
"Hanko","21",52,30,22
"Hanko","22",39,29,10
"Hanko","23",39,19,20
"Hanko","24",55,30,25
"Hanko","25",46,30,16
"Hanko","26",56,35,21
"Hanko","27",44,19,25
"Hanko","28",45,26,19
"Hanko","29",69,40,29
"Hanko","30",73,48,25
"Hanko","31",59,34,25
"Hanko","32",72,35,37
"Hanko","33",60,24,36
"Hanko","34",78,43,35
"Hanko","35",64,31,33
"Hanko","36",75,38,37
"Hanko","37",80,41,39
"Hanko","38",94,50,44
"Hanko","39",63,32,31
"Hanko","40",90,45,45
"Hanko","41",84,50,34
"Hanko","42",78,40,38
"Hanko","43",100,55,45
"Hanko","44",85,33,52
"Hanko","45",106,52,54
"Hanko","46",105,56,49
"Hanko","47",89,38,51
"Hanko","48",100,58,42
"Hanko","49",104,55,49
"Hanko","50",133,69,64
"Hanko","51",120,59,61
"Hanko","52",116,45,71
"Hanko","53",122,68,54
"Hanko","54",112,59,53
"Hanko","55",128,65,63
"Hanko","56",127,62,65
"Hanko","57",115,67,48
"Hanko","58",115,62,53
"Hanko","59",154,80,74
"Hanko","60",112,53,59
"Hanko","61",129,76,53
"Hanko","62",135,58,77
"Hanko","63",129,70,59
"Hanko","64",140,71,69
"Hanko","65",128,65,63
"Hanko","66",133,62,71
"Hanko","67",126,61,65
"Hanko","68",147,74,73
"Hanko","69",137,58,79
"Hanko","70",136,58,78
"Hanko","71",160,79,81
"Hanko","72",167,83,84
"Hanko","73",183,89,94
"Hanko","74",173,79,94
"Hanko","75",148,57,91
"Hanko","76",143,75,68
"Hanko","77",104,44,60
"Hanko","78",89,38,51
"Hanko","79",99,49,50
"Hanko","80",69,35,34
"Hanko","81",92,45,47
"Hanko","82",74,39,35
"Hanko","83",62,26,36
"Hanko","84",52,22,30
"Hanko","85",35,18,17
"Hanko","86",47,19,28
"Hanko","87",32,10,22
"Hanko","88",22,7,15
"Hanko","89",24,8,16
"Hanko","90",14,7,7
"Hanko","91",15,4,11
"Hanko","92",10,5,5
"Hanko","93",5,0,5
"Hanko","94",4,2,2
"Hanko","95",5,1,4
"Hanko","96",6,2,4
"Hanko","97",5,2,3
"Hanko","98",3,0,3
"Hanko","99",1,1,0
"Hanko","100 -",2,0,2
"Harjavalta","0",44,27,17
"Harjavalta","1",39,17,22
"Harjavalta","2",53,27,26
"Harjavalta","3",51,33,18
"Harjavalta","4",52,32,20
"Harjavalta","5",62,35,27
"Harjavalta","6",78,41,37
"Harjavalta","7",75,39,36
"Harjavalta","8",68,38,30
"Harjavalta","9",86,51,35
"Harjavalta","10",61,32,29
"Harjavalta","11",64,36,28
"Harjavalta","12",59,30,29
"Harjavalta","13",64,27,37
"Harjavalta","14",78,38,40
"Harjavalta","15",67,34,33
"Harjavalta","16",73,38,35
"Harjavalta","17",72,32,40
"Harjavalta","18",90,46,44
"Harjavalta","19",57,35,22
"Harjavalta","20",55,33,22
"Harjavalta","21",50,25,25
"Harjavalta","22",50,26,24
"Harjavalta","23",40,18,22
"Harjavalta","24",42,27,15
"Harjavalta","25",49,31,18
"Harjavalta","26",53,33,20
"Harjavalta","27",45,16,29
"Harjavalta","28",62,33,29
"Harjavalta","29",58,25,33
"Harjavalta","30",68,38,30
"Harjavalta","31",60,38,22
"Harjavalta","32",56,34,22
"Harjavalta","33",65,33,32
"Harjavalta","34",66,28,38
"Harjavalta","35",73,33,40
"Harjavalta","36",86,45,41
"Harjavalta","37",101,45,56
"Harjavalta","38",78,45,33
"Harjavalta","39",76,41,35
"Harjavalta","40",70,34,36
"Harjavalta","41",74,32,42
"Harjavalta","42",81,40,41
"Harjavalta","43",90,50,40
"Harjavalta","44",72,41,31
"Harjavalta","45",79,40,39
"Harjavalta","46",81,43,38
"Harjavalta","47",62,28,34
"Harjavalta","48",68,33,35
"Harjavalta","49",63,30,33
"Harjavalta","50",81,40,41
"Harjavalta","51",84,39,45
"Harjavalta","52",88,46,42
"Harjavalta","53",105,57,48
"Harjavalta","54",99,58,41
"Harjavalta","55",89,48,41
"Harjavalta","56",72,32,40
"Harjavalta","57",107,54,53
"Harjavalta","58",97,53,44
"Harjavalta","59",90,55,35
"Harjavalta","60",83,42,41
"Harjavalta","61",98,47,51
"Harjavalta","62",102,36,66
"Harjavalta","63",99,39,60
"Harjavalta","64",95,42,53
"Harjavalta","65",105,63,42
"Harjavalta","66",105,56,49
"Harjavalta","67",99,40,59
"Harjavalta","68",135,65,70
"Harjavalta","69",140,69,71
"Harjavalta","70",124,55,69
"Harjavalta","71",135,67,68
"Harjavalta","72",116,57,59
"Harjavalta","73",130,59,71
"Harjavalta","74",129,58,71
"Harjavalta","75",109,48,61
"Harjavalta","76",81,33,48
"Harjavalta","77",71,27,44
"Harjavalta","78",60,29,31
"Harjavalta","79",97,39,58
"Harjavalta","80",63,26,37
"Harjavalta","81",83,36,47
"Harjavalta","82",56,22,34
"Harjavalta","83",55,22,33
"Harjavalta","84",52,16,36
"Harjavalta","85",38,15,23
"Harjavalta","86",35,14,21
"Harjavalta","87",27,9,18
"Harjavalta","88",36,10,26
"Harjavalta","89",26,9,17
"Harjavalta","90",22,7,15
"Harjavalta","91",21,5,16
"Harjavalta","92",20,4,16
"Harjavalta","93",8,2,6
"Harjavalta","94",11,2,9
"Harjavalta","95",8,2,6
"Harjavalta","96",9,5,4
"Harjavalta","97",5,1,4
"Harjavalta","98",1,0,1
"Harjavalta","99",1,0,1
"Harjavalta","100 -",1,0,1
"Hartola","0",13,6,7
"Hartola","1",12,5,7
"Hartola","2",11,5,6
"Hartola","3",14,9,5
"Hartola","4",13,9,4
"Hartola","5",20,9,11
"Hartola","6",20,8,12
"Hartola","7",16,7,9
"Hartola","8",15,12,3
"Hartola","9",15,7,8
"Hartola","10",19,9,10
"Hartola","11",13,5,8
"Hartola","12",11,6,5
"Hartola","13",24,12,12
"Hartola","14",25,14,11
"Hartola","15",21,4,17
"Hartola","16",22,14,8
"Hartola","17",16,6,10
"Hartola","18",11,7,4
"Hartola","19",17,13,4
"Hartola","20",17,9,8
"Hartola","21",13,5,8
"Hartola","22",15,3,12
"Hartola","23",10,7,3
"Hartola","24",10,6,4
"Hartola","25",13,8,5
"Hartola","26",14,6,8
"Hartola","27",12,8,4
"Hartola","28",18,12,6
"Hartola","29",15,8,7
"Hartola","30",15,9,6
"Hartola","31",8,2,6
"Hartola","32",22,10,12
"Hartola","33",15,7,8
"Hartola","34",15,6,9
"Hartola","35",21,13,8
"Hartola","36",20,12,8
"Hartola","37",19,8,11
"Hartola","38",18,10,8
"Hartola","39",15,9,6
"Hartola","40",17,9,8
"Hartola","41",13,6,7
"Hartola","42",13,6,7
"Hartola","43",19,13,6
"Hartola","44",19,8,11
"Hartola","45",30,18,12
"Hartola","46",32,14,18
"Hartola","47",25,11,14
"Hartola","48",28,12,16
"Hartola","49",38,19,19
"Hartola","50",30,13,17
"Hartola","51",29,18,11
"Hartola","52",41,26,15
"Hartola","53",44,29,15
"Hartola","54",57,20,37
"Hartola","55",45,24,21
"Hartola","56",40,29,11
"Hartola","57",46,24,22
"Hartola","58",42,20,22
"Hartola","59",48,23,25
"Hartola","60",48,32,16
"Hartola","61",65,31,34
"Hartola","62",57,33,24
"Hartola","63",51,29,22
"Hartola","64",71,40,31
"Hartola","65",57,29,28
"Hartola","66",56,20,36
"Hartola","67",53,31,22
"Hartola","68",58,34,24
"Hartola","69",59,31,28
"Hartola","70",53,29,24
"Hartola","71",64,34,30
"Hartola","72",62,25,37
"Hartola","73",62,33,29
"Hartola","74",49,28,21
"Hartola","75",55,28,27
"Hartola","76",49,22,27
"Hartola","77",41,19,22
"Hartola","78",29,14,15
"Hartola","79",44,23,21
"Hartola","80",26,11,15
"Hartola","81",26,8,18
"Hartola","82",25,13,12
"Hartola","83",29,14,15
"Hartola","84",28,9,19
"Hartola","85",19,6,13
"Hartola","86",21,6,15
"Hartola","87",15,3,12
"Hartola","88",16,5,11
"Hartola","89",16,5,11
"Hartola","90",14,3,11
"Hartola","91",12,3,9
"Hartola","92",13,4,9
"Hartola","93",9,0,9
"Hartola","94",5,0,5
"Hartola","95",2,0,2
"Hartola","96",3,0,3
"Hartola","97",2,0,2
"Hartola","98",0,0,0
"Hartola","99",0,0,0
"Hartola","100 -",2,1,1
"Hattula","0",65,35,30
"Hattula","1",76,33,43
"Hattula","2",84,41,43
"Hattula","3",109,64,45
"Hattula","4",95,49,46
"Hattula","5",113,61,52
"Hattula","6",104,59,45
"Hattula","7",113,62,51
"Hattula","8",120,72,48
"Hattula","9",132,65,67
"Hattula","10",121,51,70
"Hattula","11",112,63,49
"Hattula","12",132,73,59
"Hattula","13",126,68,58
"Hattula","14",131,75,56
"Hattula","15",126,63,63
"Hattula","16",128,62,66
"Hattula","17",103,53,50
"Hattula","18",94,55,39
"Hattula","19",87,51,36
"Hattula","20",83,45,38
"Hattula","21",68,41,27
"Hattula","22",54,31,23
"Hattula","23",47,27,20
"Hattula","24",68,42,26
"Hattula","25",66,37,29
"Hattula","26",76,34,42
"Hattula","27",71,41,30
"Hattula","28",77,44,33
"Hattula","29",96,47,49
"Hattula","30",97,52,45
"Hattula","31",106,59,47
"Hattula","32",97,51,46
"Hattula","33",92,44,48
"Hattula","34",126,60,66
"Hattula","35",103,53,50
"Hattula","36",119,62,57
"Hattula","37",136,71,65
"Hattula","38",131,56,75
"Hattula","39",108,49,59
"Hattula","40",115,52,63
"Hattula","41",112,66,46
"Hattula","42",129,66,63
"Hattula","43",108,52,56
"Hattula","44",132,66,66
"Hattula","45",130,63,67
"Hattula","46",115,55,60
"Hattula","47",110,66,44
"Hattula","48",117,60,57
"Hattula","49",113,48,65
"Hattula","50",119,54,65
"Hattula","51",128,61,67
"Hattula","52",129,65,64
"Hattula","53",123,65,58
"Hattula","54",117,63,54
"Hattula","55",139,69,70
"Hattula","56",146,74,72
"Hattula","57",141,78,63
"Hattula","58",146,80,66
"Hattula","59",147,76,71
"Hattula","60",139,66,73
"Hattula","61",128,65,63
"Hattula","62",130,64,66
"Hattula","63",142,72,70
"Hattula","64",155,84,71
"Hattula","65",135,72,63
"Hattula","66",137,72,65
"Hattula","67",119,53,66
"Hattula","68",120,67,53
"Hattula","69",125,60,65
"Hattula","70",141,68,73
"Hattula","71",125,61,64
"Hattula","72",120,61,59
"Hattula","73",141,66,75
"Hattula","74",115,52,63
"Hattula","75",134,59,75
"Hattula","76",76,41,35
"Hattula","77",72,39,33
"Hattula","78",53,24,29
"Hattula","79",91,38,53
"Hattula","80",50,21,29
"Hattula","81",80,30,50
"Hattula","82",46,14,32
"Hattula","83",45,16,29
"Hattula","84",50,26,24
"Hattula","85",46,15,31
"Hattula","86",27,20,7
"Hattula","87",26,9,17
"Hattula","88",20,4,16
"Hattula","89",21,8,13
"Hattula","90",20,8,12
"Hattula","91",14,3,11
"Hattula","92",15,5,10
"Hattula","93",7,3,4
"Hattula","94",6,3,3
"Hattula","95",2,0,2
"Hattula","96",4,1,3
"Hattula","97",1,0,1
"Hattula","98",3,0,3
"Hattula","99",0,0,0
"Hattula","100 -",0,0,0
"Hausjärvi","0",52,26,26
"Hausjärvi","1",63,33,30
"Hausjärvi","2",58,31,27
"Hausjärvi","3",69,35,34
"Hausjärvi","4",69,35,34
"Hausjärvi","5",103,54,49
"Hausjärvi","6",98,48,50
"Hausjärvi","7",105,63,42
"Hausjärvi","8",118,59,59
"Hausjärvi","9",115,51,64
"Hausjärvi","10",112,64,48
"Hausjärvi","11",114,56,58
"Hausjärvi","12",112,59,53
"Hausjärvi","13",101,54,47
"Hausjärvi","14",108,54,54
"Hausjärvi","15",114,54,60
"Hausjärvi","16",109,61,48
"Hausjärvi","17",93,52,41
"Hausjärvi","18",86,48,38
"Hausjärvi","19",52,32,20
"Hausjärvi","20",59,33,26
"Hausjärvi","21",45,28,17
"Hausjärvi","22",42,23,19
"Hausjärvi","23",47,29,18
"Hausjärvi","24",40,24,16
"Hausjärvi","25",38,20,18
"Hausjärvi","26",56,34,22
"Hausjärvi","27",47,24,23
"Hausjärvi","28",62,32,30
"Hausjärvi","29",62,35,27
"Hausjärvi","30",61,33,28
"Hausjärvi","31",62,33,29
"Hausjärvi","32",55,24,31
"Hausjärvi","33",80,35,45
"Hausjärvi","34",87,38,49
"Hausjärvi","35",102,57,45
"Hausjärvi","36",109,44,65
"Hausjärvi","37",108,58,50
"Hausjärvi","38",122,62,60
"Hausjärvi","39",121,64,57
"Hausjärvi","40",107,51,56
"Hausjärvi","41",110,64,46
"Hausjärvi","42",134,72,62
"Hausjärvi","43",122,61,61
"Hausjärvi","44",112,60,52
"Hausjärvi","45",110,52,58
"Hausjärvi","46",105,58,47
"Hausjärvi","47",103,47,56
"Hausjärvi","48",99,53,46
"Hausjärvi","49",102,51,51
"Hausjärvi","50",137,66,71
"Hausjärvi","51",132,71,61
"Hausjärvi","52",121,71,50
"Hausjärvi","53",141,75,66
"Hausjärvi","54",137,74,63
"Hausjärvi","55",116,58,58
"Hausjärvi","56",140,74,66
"Hausjärvi","57",145,76,69
"Hausjärvi","58",137,79,58
"Hausjärvi","59",137,65,72
"Hausjärvi","60",117,59,58
"Hausjärvi","61",148,75,73
"Hausjärvi","62",121,60,61
"Hausjärvi","63",124,68,56
"Hausjärvi","64",114,54,60
"Hausjärvi","65",130,75,55
"Hausjärvi","66",135,63,72
"Hausjärvi","67",112,52,60
"Hausjärvi","68",137,78,59
"Hausjärvi","69",118,61,57
"Hausjärvi","70",99,52,47
"Hausjärvi","71",78,38,40
"Hausjärvi","72",97,45,52
"Hausjärvi","73",115,56,59
"Hausjärvi","74",114,57,57
"Hausjärvi","75",89,46,43
"Hausjärvi","76",68,28,40
"Hausjärvi","77",52,25,27
"Hausjärvi","78",43,21,22
"Hausjärvi","79",61,29,32
"Hausjärvi","80",37,18,19
"Hausjärvi","81",47,22,25
"Hausjärvi","82",37,14,23
"Hausjärvi","83",34,17,17
"Hausjärvi","84",26,8,18
"Hausjärvi","85",37,19,18
"Hausjärvi","86",32,12,20
"Hausjärvi","87",22,10,12
"Hausjärvi","88",29,10,19
"Hausjärvi","89",18,3,15
"Hausjärvi","90",25,9,16
"Hausjärvi","91",22,9,13
"Hausjärvi","92",12,3,9
"Hausjärvi","93",9,4,5
"Hausjärvi","94",1,0,1
"Hausjärvi","95",3,0,3
"Hausjärvi","96",4,1,3
"Hausjärvi","97",2,0,2
"Hausjärvi","98",2,1,1
"Hausjärvi","99",0,0,0
"Hausjärvi","100 -",1,0,1
"Heinola","0",93,44,49
"Heinola","1",91,50,41
"Heinola","2",100,43,57
"Heinola","3",112,47,65
"Heinola","4",130,61,69
"Heinola","5",120,54,66
"Heinola","6",143,62,81
"Heinola","7",131,67,64
"Heinola","8",147,71,76
"Heinola","9",152,82,70
"Heinola","10",153,69,84
"Heinola","11",188,98,90
"Heinola","12",143,74,69
"Heinola","13",185,94,91
"Heinola","14",144,73,71
"Heinola","15",180,101,79
"Heinola","16",214,123,91
"Heinola","17",190,96,94
"Heinola","18",169,93,76
"Heinola","19",159,86,73
"Heinola","20",123,83,40
"Heinola","21",132,81,51
"Heinola","22",137,81,56
"Heinola","23",112,57,55
"Heinola","24",107,54,53
"Heinola","25",146,88,58
"Heinola","26",155,94,61
"Heinola","27",104,59,45
"Heinola","28",134,66,68
"Heinola","29",159,87,72
"Heinola","30",122,58,64
"Heinola","31",127,77,50
"Heinola","32",135,69,66
"Heinola","33",118,56,62
"Heinola","34",141,81,60
"Heinola","35",148,68,80
"Heinola","36",193,87,106
"Heinola","37",172,81,91
"Heinola","38",148,81,67
"Heinola","39",167,97,70
"Heinola","40",172,87,85
"Heinola","41",174,74,100
"Heinola","42",180,101,79
"Heinola","43",190,101,89
"Heinola","44",185,104,81
"Heinola","45",195,106,89
"Heinola","46",202,107,95
"Heinola","47",182,91,91
"Heinola","48",212,109,103
"Heinola","49",217,118,99
"Heinola","50",215,101,114
"Heinola","51",246,112,134
"Heinola","52",265,135,130
"Heinola","53",263,127,136
"Heinola","54",251,122,129
"Heinola","55",316,166,150
"Heinola","56",290,149,141
"Heinola","57",303,150,153
"Heinola","58",326,162,164
"Heinola","59",295,149,146
"Heinola","60",310,142,168
"Heinola","61",337,166,171
"Heinola","62",276,145,131
"Heinola","63",327,177,150
"Heinola","64",343,152,191
"Heinola","65",341,165,176
"Heinola","66",362,166,196
"Heinola","67",351,184,167
"Heinola","68",369,161,208
"Heinola","69",355,175,180
"Heinola","70",366,175,191
"Heinola","71",369,170,199
"Heinola","72",376,177,199
"Heinola","73",361,177,184
"Heinola","74",359,179,180
"Heinola","75",300,139,161
"Heinola","76",280,116,164
"Heinola","77",238,118,120
"Heinola","78",191,92,99
"Heinola","79",269,110,159
"Heinola","80",191,82,109
"Heinola","81",182,68,114
"Heinola","82",173,70,103
"Heinola","83",150,64,86
"Heinola","84",133,47,86
"Heinola","85",128,41,87
"Heinola","86",119,41,78
"Heinola","87",88,26,62
"Heinola","88",84,31,53
"Heinola","89",83,27,56
"Heinola","90",70,20,50
"Heinola","91",51,11,40
"Heinola","92",38,14,24
"Heinola","93",43,11,32
"Heinola","94",28,7,21
"Heinola","95",20,4,16
"Heinola","96",14,6,8
"Heinola","97",7,1,6
"Heinola","98",4,2,2
"Heinola","99",3,0,3
"Heinola","100 -",5,2,3
"Heinävesi","0",10,5,5
"Heinävesi","1",11,5,6
"Heinävesi","2",9,4,5
"Heinävesi","3",15,8,7
"Heinävesi","4",18,9,9
"Heinävesi","5",17,6,11
"Heinävesi","6",25,13,12
"Heinävesi","7",24,11,13
"Heinävesi","8",20,7,13
"Heinävesi","9",26,11,15
"Heinävesi","10",27,16,11
"Heinävesi","11",37,20,17
"Heinävesi","12",36,20,16
"Heinävesi","13",20,11,9
"Heinävesi","14",22,14,8
"Heinävesi","15",36,16,20
"Heinävesi","16",23,17,6
"Heinävesi","17",30,16,14
"Heinävesi","18",33,20,13
"Heinävesi","19",19,11,8
"Heinävesi","20",13,7,6
"Heinävesi","21",8,7,1
"Heinävesi","22",13,8,5
"Heinävesi","23",8,5,3
"Heinävesi","24",8,3,5
"Heinävesi","25",13,7,6
"Heinävesi","26",15,9,6
"Heinävesi","27",20,14,6
"Heinävesi","28",21,11,10
"Heinävesi","29",16,11,5
"Heinävesi","30",20,12,8
"Heinävesi","31",21,12,9
"Heinävesi","32",17,10,7
"Heinävesi","33",16,7,9
"Heinävesi","34",16,5,11
"Heinävesi","35",9,6,3
"Heinävesi","36",21,12,9
"Heinävesi","37",26,16,10
"Heinävesi","38",24,16,8
"Heinävesi","39",32,13,19
"Heinävesi","40",28,12,16
"Heinävesi","41",33,18,15
"Heinävesi","42",28,10,18
"Heinävesi","43",39,16,23
"Heinävesi","44",28,15,13
"Heinävesi","45",36,25,11
"Heinävesi","46",29,15,14
"Heinävesi","47",33,23,10
"Heinävesi","48",27,14,13
"Heinävesi","49",38,19,19
"Heinävesi","50",29,16,13
"Heinävesi","51",41,24,17
"Heinävesi","52",41,25,16
"Heinävesi","53",32,14,18
"Heinävesi","54",55,31,24
"Heinävesi","55",52,26,26
"Heinävesi","56",57,20,37
"Heinävesi","57",50,28,22
"Heinävesi","58",61,35,26
"Heinävesi","59",67,36,31
"Heinävesi","60",56,29,27
"Heinävesi","61",82,46,36
"Heinävesi","62",65,34,31
"Heinävesi","63",66,34,32
"Heinävesi","64",78,34,44
"Heinävesi","65",59,32,27
"Heinävesi","66",69,39,30
"Heinävesi","67",68,37,31
"Heinävesi","68",84,52,32
"Heinävesi","69",53,32,21
"Heinävesi","70",60,32,28
"Heinävesi","71",62,38,24
"Heinävesi","72",70,38,32
"Heinävesi","73",71,35,36
"Heinävesi","74",72,35,37
"Heinävesi","75",55,28,27
"Heinävesi","76",40,18,22
"Heinävesi","77",46,22,24
"Heinävesi","78",31,13,18
"Heinävesi","79",54,26,28
"Heinävesi","80",37,10,27
"Heinävesi","81",39,16,23
"Heinävesi","82",40,13,27
"Heinävesi","83",42,20,22
"Heinävesi","84",26,8,18
"Heinävesi","85",24,10,14
"Heinävesi","86",25,12,13
"Heinävesi","87",22,6,16
"Heinävesi","88",14,6,8
"Heinävesi","89",22,8,14
"Heinävesi","90",23,11,12
"Heinävesi","91",13,4,9
"Heinävesi","92",9,1,8
"Heinävesi","93",5,1,4
"Heinävesi","94",2,0,2
"Heinävesi","95",2,0,2
"Heinävesi","96",5,2,3
"Heinävesi","97",3,1,2
"Heinävesi","98",1,1,0
"Heinävesi","99",0,0,0
"Heinävesi","100 -",2,0,2
"Helsinki","0",6499,3412,3087
"Helsinki","1",6123,3098,3025
"Helsinki","2",6089,3090,2999
"Helsinki","3",6332,3223,3109
"Helsinki","4",6468,3290,3178
"Helsinki","5",6643,3378,3265
"Helsinki","6",6568,3334,3234
"Helsinki","7",6569,3429,3140
"Helsinki","8",6463,3344,3119
"Helsinki","9",6330,3255,3075
"Helsinki","10",6413,3299,3114
"Helsinki","11",6134,3074,3060
"Helsinki","12",6058,3082,2976
"Helsinki","13",5715,2928,2787
"Helsinki","14",5712,2917,2795
"Helsinki","15",5493,2761,2732
"Helsinki","16",5560,2797,2763
"Helsinki","17",5651,2758,2893
"Helsinki","18",5454,2730,2724
"Helsinki","19",6203,2854,3349
"Helsinki","20",7077,3161,3916
"Helsinki","21",7603,3425,4178
"Helsinki","22",8151,3670,4481
"Helsinki","23",9026,4006,5020
"Helsinki","24",9952,4517,5435
"Helsinki","25",11018,5025,5993
"Helsinki","26",12071,5521,6550
"Helsinki","27",12626,5891,6735
"Helsinki","28",13148,6213,6935
"Helsinki","29",12968,6241,6727
"Helsinki","30",13209,6476,6733
"Helsinki","31",12856,6471,6385
"Helsinki","32",12709,6312,6397
"Helsinki","33",11749,5870,5879
"Helsinki","34",11325,5751,5574
"Helsinki","35",11269,5712,5557
"Helsinki","36",11177,5640,5537
"Helsinki","37",11264,5794,5470
"Helsinki","38",10805,5636,5169
"Helsinki","39",10173,5155,5018
"Helsinki","40",9889,5095,4794
"Helsinki","41",9637,4944,4693
"Helsinki","42",9426,4913,4513
"Helsinki","43",9229,4823,4406
"Helsinki","44",9093,4726,4367
"Helsinki","45",8542,4409,4133
"Helsinki","46",7965,4023,3942
"Helsinki","47",7090,3611,3479
"Helsinki","48",7133,3607,3526
"Helsinki","49",7164,3580,3584
"Helsinki","50",7210,3540,3670
"Helsinki","51",7482,3644,3838
"Helsinki","52",8097,4002,4095
"Helsinki","53",8245,4016,4229
"Helsinki","54",8266,4025,4241
"Helsinki","55",8243,3909,4334
"Helsinki","56",8243,3964,4279
"Helsinki","57",8263,4003,4260
"Helsinki","58",8014,3807,4207
"Helsinki","59",7562,3566,3996
"Helsinki","60",7519,3468,4051
"Helsinki","61",7198,3331,3867
"Helsinki","62",6848,3194,3654
"Helsinki","63",6779,3131,3648
"Helsinki","64",6824,3106,3718
"Helsinki","65",6552,2949,3603
"Helsinki","66",6506,2835,3671
"Helsinki","67",6204,2675,3529
"Helsinki","68",6318,2672,3646
"Helsinki","69",5998,2597,3401
"Helsinki","70",6087,2644,3443
"Helsinki","71",6442,2715,3727
"Helsinki","72",6549,2757,3792
"Helsinki","73",6592,2734,3858
"Helsinki","74",6412,2612,3800
"Helsinki","75",5893,2405,3488
"Helsinki","76",4626,1866,2760
"Helsinki","77",4327,1760,2567
"Helsinki","78",3239,1297,1942
"Helsinki","79",4294,1588,2706
"Helsinki","80",3073,1170,1903
"Helsinki","81",3323,1187,2136
"Helsinki","82",2888,1028,1860
"Helsinki","83",2590,897,1693
"Helsinki","84",2270,814,1456
"Helsinki","85",2155,723,1432
"Helsinki","86",1897,606,1291
"Helsinki","87",1693,568,1125
"Helsinki","88",1589,485,1104
"Helsinki","89",1354,406,948
"Helsinki","90",1260,342,918
"Helsinki","91",1030,258,772
"Helsinki","92",826,209,617
"Helsinki","93",635,133,502
"Helsinki","94",495,103,392
"Helsinki","95",393,64,329
"Helsinki","96",290,48,242
"Helsinki","97",186,31,155
"Helsinki","98",126,14,112
"Helsinki","99",79,12,67
"Helsinki","100 -",115,15,100
"Hirvensalmi","0",11,3,8
"Hirvensalmi","1",15,8,7
"Hirvensalmi","2",12,9,3
"Hirvensalmi","3",16,9,7
"Hirvensalmi","4",19,10,9
"Hirvensalmi","5",17,11,6
"Hirvensalmi","6",14,7,7
"Hirvensalmi","7",15,10,5
"Hirvensalmi","8",17,10,7
"Hirvensalmi","9",18,9,9
"Hirvensalmi","10",19,8,11
"Hirvensalmi","11",22,11,11
"Hirvensalmi","12",11,6,5
"Hirvensalmi","13",13,5,8
"Hirvensalmi","14",17,7,10
"Hirvensalmi","15",14,5,9
"Hirvensalmi","16",13,6,7
"Hirvensalmi","17",14,12,2
"Hirvensalmi","18",12,11,1
"Hirvensalmi","19",12,9,3
"Hirvensalmi","20",23,15,8
"Hirvensalmi","21",11,6,5
"Hirvensalmi","22",19,14,5
"Hirvensalmi","23",8,3,5
"Hirvensalmi","24",12,9,3
"Hirvensalmi","25",9,6,3
"Hirvensalmi","26",12,7,5
"Hirvensalmi","27",12,6,6
"Hirvensalmi","28",10,8,2
"Hirvensalmi","29",18,7,11
"Hirvensalmi","30",13,8,5
"Hirvensalmi","31",11,2,9
"Hirvensalmi","32",14,7,7
"Hirvensalmi","33",21,13,8
"Hirvensalmi","34",19,8,11
"Hirvensalmi","35",14,10,4
"Hirvensalmi","36",25,14,11
"Hirvensalmi","37",18,8,10
"Hirvensalmi","38",12,4,8
"Hirvensalmi","39",11,8,3
"Hirvensalmi","40",16,8,8
"Hirvensalmi","41",20,10,10
"Hirvensalmi","42",5,2,3
"Hirvensalmi","43",22,11,11
"Hirvensalmi","44",23,15,8
"Hirvensalmi","45",28,11,17
"Hirvensalmi","46",12,7,5
"Hirvensalmi","47",14,7,7
"Hirvensalmi","48",26,13,13
"Hirvensalmi","49",21,10,11
"Hirvensalmi","50",34,16,18
"Hirvensalmi","51",28,16,12
"Hirvensalmi","52",26,11,15
"Hirvensalmi","53",28,17,11
"Hirvensalmi","54",40,20,20
"Hirvensalmi","55",28,16,12
"Hirvensalmi","56",38,13,25
"Hirvensalmi","57",43,22,21
"Hirvensalmi","58",35,20,15
"Hirvensalmi","59",39,19,20
"Hirvensalmi","60",47,27,20
"Hirvensalmi","61",52,30,22
"Hirvensalmi","62",41,21,20
"Hirvensalmi","63",53,27,26
"Hirvensalmi","64",47,27,20
"Hirvensalmi","65",48,30,18
"Hirvensalmi","66",54,29,25
"Hirvensalmi","67",51,33,18
"Hirvensalmi","68",37,21,16
"Hirvensalmi","69",53,26,27
"Hirvensalmi","70",46,21,25
"Hirvensalmi","71",44,24,20
"Hirvensalmi","72",48,25,23
"Hirvensalmi","73",42,15,27
"Hirvensalmi","74",43,24,19
"Hirvensalmi","75",31,15,16
"Hirvensalmi","76",30,16,14
"Hirvensalmi","77",16,6,10
"Hirvensalmi","78",17,7,10
"Hirvensalmi","79",35,20,15
"Hirvensalmi","80",25,14,11
"Hirvensalmi","81",18,12,6
"Hirvensalmi","82",19,9,10
"Hirvensalmi","83",19,9,10
"Hirvensalmi","84",13,3,10
"Hirvensalmi","85",20,9,11
"Hirvensalmi","86",16,4,12
"Hirvensalmi","87",11,3,8
"Hirvensalmi","88",13,5,8
"Hirvensalmi","89",12,6,6
"Hirvensalmi","90",6,1,5
"Hirvensalmi","91",12,5,7
"Hirvensalmi","92",5,1,4
"Hirvensalmi","93",3,0,3
"Hirvensalmi","94",3,0,3
"Hirvensalmi","95",3,0,3
"Hirvensalmi","96",0,0,0
"Hirvensalmi","97",3,0,3
"Hirvensalmi","98",0,0,0
"Hirvensalmi","99",1,0,1
"Hirvensalmi","100 -",0,0,0
"Hollola","0",153,74,79
"Hollola","1",176,91,85
"Hollola","2",187,89,98
"Hollola","3",216,124,92
"Hollola","4",234,129,105
"Hollola","5",264,118,146
"Hollola","6",282,139,143
"Hollola","7",290,144,146
"Hollola","8",310,150,160
"Hollola","9",291,159,132
"Hollola","10",303,145,158
"Hollola","11",290,135,155
"Hollola","12",307,163,144
"Hollola","13",314,154,160
"Hollola","14",323,155,168
"Hollola","15",361,188,173
"Hollola","16",330,168,162
"Hollola","17",311,151,160
"Hollola","18",257,130,127
"Hollola","19",196,121,75
"Hollola","20",145,81,64
"Hollola","21",141,85,56
"Hollola","22",93,52,41
"Hollola","23",118,77,41
"Hollola","24",118,63,55
"Hollola","25",150,72,78
"Hollola","26",148,70,78
"Hollola","27",182,83,99
"Hollola","28",191,88,103
"Hollola","29",194,100,94
"Hollola","30",217,104,113
"Hollola","31",219,110,109
"Hollola","32",211,113,98
"Hollola","33",222,119,103
"Hollola","34",230,102,128
"Hollola","35",273,136,137
"Hollola","36",280,139,141
"Hollola","37",322,161,161
"Hollola","38",302,150,152
"Hollola","39",272,149,123
"Hollola","40",297,144,153
"Hollola","41",239,116,123
"Hollola","42",311,145,166
"Hollola","43",311,161,150
"Hollola","44",299,155,144
"Hollola","45",316,138,178
"Hollola","46",279,151,128
"Hollola","47",304,161,143
"Hollola","48",291,150,141
"Hollola","49",296,149,147
"Hollola","50",313,155,158
"Hollola","51",318,160,158
"Hollola","52",328,155,173
"Hollola","53",367,191,176
"Hollola","54",349,179,170
"Hollola","55",337,174,163
"Hollola","56",341,152,189
"Hollola","57",360,200,160
"Hollola","58",333,178,155
"Hollola","59",300,138,162
"Hollola","60",314,171,143
"Hollola","61",330,161,169
"Hollola","62",326,146,180
"Hollola","63",333,155,178
"Hollola","64",344,160,184
"Hollola","65",328,160,168
"Hollola","66",357,166,191
"Hollola","67",327,145,182
"Hollola","68",331,175,156
"Hollola","69",331,157,174
"Hollola","70",354,170,184
"Hollola","71",340,154,186
"Hollola","72",335,163,172
"Hollola","73",359,182,177
"Hollola","74",336,160,176
"Hollola","75",264,120,144
"Hollola","76",240,105,135
"Hollola","77",204,86,118
"Hollola","78",145,70,75
"Hollola","79",235,109,126
"Hollola","80",165,78,87
"Hollola","81",170,74,96
"Hollola","82",155,75,80
"Hollola","83",134,50,84
"Hollola","84",109,45,64
"Hollola","85",132,52,80
"Hollola","86",87,39,48
"Hollola","87",77,33,44
"Hollola","88",61,27,34
"Hollola","89",68,29,39
"Hollola","90",62,23,39
"Hollola","91",45,14,31
"Hollola","92",49,11,38
"Hollola","93",22,6,16
"Hollola","94",20,3,17
"Hollola","95",19,2,17
"Hollola","96",13,4,9
"Hollola","97",5,2,3
"Hollola","98",7,0,7
"Hollola","99",3,0,3
"Hollola","100 -",3,0,3
"Huittinen","0",77,40,37
"Huittinen","1",80,42,38
"Huittinen","2",64,31,33
"Huittinen","3",81,37,44
"Huittinen","4",99,50,49
"Huittinen","5",96,38,58
"Huittinen","6",103,50,53
"Huittinen","7",85,34,51
"Huittinen","8",95,56,39
"Huittinen","9",108,56,52
"Huittinen","10",108,62,46
"Huittinen","11",105,60,45
"Huittinen","12",98,46,52
"Huittinen","13",105,46,59
"Huittinen","14",113,58,55
"Huittinen","15",92,44,48
"Huittinen","16",104,63,41
"Huittinen","17",107,57,50
"Huittinen","18",90,47,43
"Huittinen","19",106,59,47
"Huittinen","20",83,50,33
"Huittinen","21",103,61,42
"Huittinen","22",86,49,37
"Huittinen","23",64,42,22
"Huittinen","24",83,53,30
"Huittinen","25",68,42,26
"Huittinen","26",84,46,38
"Huittinen","27",93,46,47
"Huittinen","28",85,50,35
"Huittinen","29",104,55,49
"Huittinen","30",113,55,58
"Huittinen","31",87,54,33
"Huittinen","32",101,52,49
"Huittinen","33",102,44,58
"Huittinen","34",103,40,63
"Huittinen","35",88,46,42
"Huittinen","36",122,77,45
"Huittinen","37",123,65,58
"Huittinen","38",114,60,54
"Huittinen","39",114,60,54
"Huittinen","40",97,51,46
"Huittinen","41",119,60,59
"Huittinen","42",105,50,55
"Huittinen","43",105,56,49
"Huittinen","44",105,53,52
"Huittinen","45",98,43,55
"Huittinen","46",94,42,52
"Huittinen","47",99,52,47
"Huittinen","48",101,50,51
"Huittinen","49",118,56,62
"Huittinen","50",115,53,62
"Huittinen","51",114,61,53
"Huittinen","52",119,71,48
"Huittinen","53",122,74,48
"Huittinen","54",149,78,71
"Huittinen","55",148,71,77
"Huittinen","56",159,84,75
"Huittinen","57",133,67,66
"Huittinen","58",166,82,84
"Huittinen","59",142,61,81
"Huittinen","60",147,78,69
"Huittinen","61",157,88,69
"Huittinen","62",117,65,52
"Huittinen","63",163,80,83
"Huittinen","64",183,94,89
"Huittinen","65",139,71,68
"Huittinen","66",169,82,87
"Huittinen","67",156,67,89
"Huittinen","68",178,99,79
"Huittinen","69",146,76,70
"Huittinen","70",160,77,83
"Huittinen","71",152,63,89
"Huittinen","72",169,73,96
"Huittinen","73",157,89,68
"Huittinen","74",167,73,94
"Huittinen","75",135,59,76
"Huittinen","76",96,41,55
"Huittinen","77",86,39,47
"Huittinen","78",86,31,55
"Huittinen","79",108,53,55
"Huittinen","80",87,32,55
"Huittinen","81",108,49,59
"Huittinen","82",93,41,52
"Huittinen","83",78,32,46
"Huittinen","84",68,31,37
"Huittinen","85",68,25,43
"Huittinen","86",58,24,34
"Huittinen","87",34,10,24
"Huittinen","88",41,21,20
"Huittinen","89",52,16,36
"Huittinen","90",37,16,21
"Huittinen","91",23,5,18
"Huittinen","92",16,5,11
"Huittinen","93",12,4,8
"Huittinen","94",16,1,15
"Huittinen","95",4,2,2
"Huittinen","96",4,1,3
"Huittinen","97",9,2,7
"Huittinen","98",5,0,5
"Huittinen","99",3,0,3
"Huittinen","100 -",6,0,6
"Humppila","0",17,10,7
"Humppila","1",14,7,7
"Humppila","2",17,11,6
"Humppila","3",21,8,13
"Humppila","4",13,7,6
"Humppila","5",13,6,7
"Humppila","6",21,10,11
"Humppila","7",22,13,9
"Humppila","8",24,15,9
"Humppila","9",28,13,15
"Humppila","10",16,7,9
"Humppila","11",24,20,4
"Humppila","12",31,20,11
"Humppila","13",23,12,11
"Humppila","14",29,18,11
"Humppila","15",26,17,9
"Humppila","16",25,12,13
"Humppila","17",26,9,17
"Humppila","18",17,10,7
"Humppila","19",22,12,10
"Humppila","20",14,5,9
"Humppila","21",13,8,5
"Humppila","22",16,10,6
"Humppila","23",17,13,4
"Humppila","24",19,11,8
"Humppila","25",8,7,1
"Humppila","26",16,9,7
"Humppila","27",13,3,10
"Humppila","28",9,8,1
"Humppila","29",16,9,7
"Humppila","30",10,6,4
"Humppila","31",15,6,9
"Humppila","32",17,7,10
"Humppila","33",15,7,8
"Humppila","34",18,5,13
"Humppila","35",26,14,12
"Humppila","36",16,10,6
"Humppila","37",35,14,21
"Humppila","38",28,14,14
"Humppila","39",25,13,12
"Humppila","40",24,13,11
"Humppila","41",26,12,14
"Humppila","42",16,10,6
"Humppila","43",30,17,13
"Humppila","44",31,16,15
"Humppila","45",37,17,20
"Humppila","46",30,18,12
"Humppila","47",24,13,11
"Humppila","48",22,9,13
"Humppila","49",17,12,5
"Humppila","50",21,10,11
"Humppila","51",22,9,13
"Humppila","52",29,16,13
"Humppila","53",34,22,12
"Humppila","54",29,16,13
"Humppila","55",32,13,19
"Humppila","56",29,17,12
"Humppila","57",41,23,18
"Humppila","58",39,22,17
"Humppila","59",32,19,13
"Humppila","60",40,20,20
"Humppila","61",35,17,18
"Humppila","62",31,13,18
"Humppila","63",36,21,15
"Humppila","64",51,21,30
"Humppila","65",43,27,16
"Humppila","66",37,16,21
"Humppila","67",47,25,22
"Humppila","68",49,23,26
"Humppila","69",44,24,20
"Humppila","70",41,22,19
"Humppila","71",32,13,19
"Humppila","72",36,19,17
"Humppila","73",27,15,12
"Humppila","74",27,8,19
"Humppila","75",31,19,12
"Humppila","76",24,12,12
"Humppila","77",28,13,15
"Humppila","78",12,5,7
"Humppila","79",19,10,9
"Humppila","80",9,4,5
"Humppila","81",18,9,9
"Humppila","82",14,6,8
"Humppila","83",13,3,10
"Humppila","84",10,5,5
"Humppila","85",8,4,4
"Humppila","86",11,7,4
"Humppila","87",12,6,6
"Humppila","88",12,1,11
"Humppila","89",13,4,9
"Humppila","90",8,2,6
"Humppila","91",3,0,3
"Humppila","92",3,1,2
"Humppila","93",4,1,3
"Humppila","94",3,1,2
"Humppila","95",0,0,0
"Humppila","96",2,0,2
"Humppila","97",1,1,0
"Humppila","98",0,0,0
"Humppila","99",0,0,0
"Humppila","100 -",0,0,0
"Hyrynsalmi","0",14,9,5
"Hyrynsalmi","1",11,5,6
"Hyrynsalmi","2",12,8,4
"Hyrynsalmi","3",12,5,7
"Hyrynsalmi","4",15,9,6
"Hyrynsalmi","5",10,9,1
"Hyrynsalmi","6",15,7,8
"Hyrynsalmi","7",16,8,8
"Hyrynsalmi","8",12,3,9
"Hyrynsalmi","9",10,5,5
"Hyrynsalmi","10",11,6,5
"Hyrynsalmi","11",18,11,7
"Hyrynsalmi","12",16,10,6
"Hyrynsalmi","13",16,8,8
"Hyrynsalmi","14",14,8,6
"Hyrynsalmi","15",14,4,10
"Hyrynsalmi","16",13,4,9
"Hyrynsalmi","17",13,5,8
"Hyrynsalmi","18",18,10,8
"Hyrynsalmi","19",16,7,9
"Hyrynsalmi","20",7,3,4
"Hyrynsalmi","21",7,4,3
"Hyrynsalmi","22",11,7,4
"Hyrynsalmi","23",8,3,5
"Hyrynsalmi","24",14,12,2
"Hyrynsalmi","25",18,12,6
"Hyrynsalmi","26",13,9,4
"Hyrynsalmi","27",18,8,10
"Hyrynsalmi","28",12,7,5
"Hyrynsalmi","29",20,11,9
"Hyrynsalmi","30",21,12,9
"Hyrynsalmi","31",11,8,3
"Hyrynsalmi","32",16,10,6
"Hyrynsalmi","33",12,8,4
"Hyrynsalmi","34",11,9,2
"Hyrynsalmi","35",15,10,5
"Hyrynsalmi","36",20,13,7
"Hyrynsalmi","37",10,8,2
"Hyrynsalmi","38",14,8,6
"Hyrynsalmi","39",14,9,5
"Hyrynsalmi","40",13,6,7
"Hyrynsalmi","41",14,5,9
"Hyrynsalmi","42",12,7,5
"Hyrynsalmi","43",13,5,8
"Hyrynsalmi","44",11,7,4
"Hyrynsalmi","45",14,6,8
"Hyrynsalmi","46",20,6,14
"Hyrynsalmi","47",16,8,8
"Hyrynsalmi","48",16,8,8
"Hyrynsalmi","49",22,9,13
"Hyrynsalmi","50",16,10,6
"Hyrynsalmi","51",34,17,17
"Hyrynsalmi","52",24,11,13
"Hyrynsalmi","53",29,13,16
"Hyrynsalmi","54",32,15,17
"Hyrynsalmi","55",40,18,22
"Hyrynsalmi","56",42,21,21
"Hyrynsalmi","57",40,23,17
"Hyrynsalmi","58",45,26,19
"Hyrynsalmi","59",41,26,15
"Hyrynsalmi","60",40,22,18
"Hyrynsalmi","61",39,14,25
"Hyrynsalmi","62",43,24,19
"Hyrynsalmi","63",65,41,24
"Hyrynsalmi","64",57,35,22
"Hyrynsalmi","65",52,30,22
"Hyrynsalmi","66",64,35,29
"Hyrynsalmi","67",53,31,22
"Hyrynsalmi","68",52,32,20
"Hyrynsalmi","69",51,31,20
"Hyrynsalmi","70",48,24,24
"Hyrynsalmi","71",55,32,23
"Hyrynsalmi","72",52,27,25
"Hyrynsalmi","73",40,21,19
"Hyrynsalmi","74",47,25,22
"Hyrynsalmi","75",32,17,15
"Hyrynsalmi","76",41,21,20
"Hyrynsalmi","77",29,12,17
"Hyrynsalmi","78",24,12,12
"Hyrynsalmi","79",40,15,25
"Hyrynsalmi","80",27,6,21
"Hyrynsalmi","81",27,9,18
"Hyrynsalmi","82",28,17,11
"Hyrynsalmi","83",21,8,13
"Hyrynsalmi","84",17,7,10
"Hyrynsalmi","85",21,9,12
"Hyrynsalmi","86",14,6,8
"Hyrynsalmi","87",10,3,7
"Hyrynsalmi","88",14,3,11
"Hyrynsalmi","89",14,8,6
"Hyrynsalmi","90",5,2,3
"Hyrynsalmi","91",6,1,5
"Hyrynsalmi","92",9,0,9
"Hyrynsalmi","93",7,2,5
"Hyrynsalmi","94",4,0,4
"Hyrynsalmi","95",4,0,4
"Hyrynsalmi","96",0,0,0
"Hyrynsalmi","97",2,1,1
"Hyrynsalmi","98",1,1,0
"Hyrynsalmi","99",1,0,1
"Hyrynsalmi","100 -",1,1,0
"Hyvinkää","0",336,172,164
"Hyvinkää","1",339,157,182
"Hyvinkää","2",383,201,182
"Hyvinkää","3",437,233,204
"Hyvinkää","4",405,211,194
"Hyvinkää","5",450,231,219
"Hyvinkää","6",449,229,220
"Hyvinkää","7",486,252,234
"Hyvinkää","8",499,253,246
"Hyvinkää","9",532,257,275
"Hyvinkää","10",513,273,240
"Hyvinkää","11",536,284,252
"Hyvinkää","12",552,275,277
"Hyvinkää","13",558,290,268
"Hyvinkää","14",560,286,274
"Hyvinkää","15",525,281,244
"Hyvinkää","16",551,281,270
"Hyvinkää","17",498,231,267
"Hyvinkää","18",527,259,268
"Hyvinkää","19",504,258,246
"Hyvinkää","20",482,249,233
"Hyvinkää","21",458,232,226
"Hyvinkää","22",453,230,223
"Hyvinkää","23",451,260,191
"Hyvinkää","24",489,244,245
"Hyvinkää","25",501,272,229
"Hyvinkää","26",526,278,248
"Hyvinkää","27",544,284,260
"Hyvinkää","28",562,303,259
"Hyvinkää","29",599,284,315
"Hyvinkää","30",618,333,285
"Hyvinkää","31",582,297,285
"Hyvinkää","32",600,304,296
"Hyvinkää","33",552,290,262
"Hyvinkää","34",553,296,257
"Hyvinkää","35",584,289,295
"Hyvinkää","36",591,289,302
"Hyvinkää","37",587,295,292
"Hyvinkää","38",671,364,307
"Hyvinkää","39",573,315,258
"Hyvinkää","40",545,282,263
"Hyvinkää","41",574,299,275
"Hyvinkää","42",594,293,301
"Hyvinkää","43",581,282,299
"Hyvinkää","44",599,302,297
"Hyvinkää","45",639,332,307
"Hyvinkää","46",564,278,286
"Hyvinkää","47",551,303,248
"Hyvinkää","48",535,255,280
"Hyvinkää","49",595,296,299
"Hyvinkää","50",572,315,257
"Hyvinkää","51",621,287,334
"Hyvinkää","52",672,313,359
"Hyvinkää","53",658,337,321
"Hyvinkää","54",635,294,341
"Hyvinkää","55",649,325,324
"Hyvinkää","56",667,349,318
"Hyvinkää","57",648,323,325
"Hyvinkää","58",675,335,340
"Hyvinkää","59",690,310,380
"Hyvinkää","60",649,316,333
"Hyvinkää","61",603,296,307
"Hyvinkää","62",582,283,299
"Hyvinkää","63",612,301,311
"Hyvinkää","64",668,336,332
"Hyvinkää","65",663,288,375
"Hyvinkää","66",584,290,294
"Hyvinkää","67",616,304,312
"Hyvinkää","68",595,280,315
"Hyvinkää","69",590,280,310
"Hyvinkää","70",593,265,328
"Hyvinkää","71",635,269,366
"Hyvinkää","72",618,274,344
"Hyvinkää","73",603,280,323
"Hyvinkää","74",556,264,292
"Hyvinkää","75",488,207,281
"Hyvinkää","76",401,182,219
"Hyvinkää","77",346,128,218
"Hyvinkää","78",259,110,149
"Hyvinkää","79",434,200,234
"Hyvinkää","80",250,88,162
"Hyvinkää","81",308,116,192
"Hyvinkää","82",247,89,158
"Hyvinkää","83",264,95,169
"Hyvinkää","84",223,92,131
"Hyvinkää","85",221,77,144
"Hyvinkää","86",177,60,117
"Hyvinkää","87",149,42,107
"Hyvinkää","88",156,43,113
"Hyvinkää","89",114,36,78
"Hyvinkää","90",106,31,75
"Hyvinkää","91",104,27,77
"Hyvinkää","92",79,24,55
"Hyvinkää","93",71,24,47
"Hyvinkää","94",44,13,31
"Hyvinkää","95",30,5,25
"Hyvinkää","96",18,5,13
"Hyvinkää","97",10,3,7
"Hyvinkää","98",15,4,11
"Hyvinkää","99",6,0,6
"Hyvinkää","100 -",9,1,8
"Hämeenkyrö","0",77,47,30
"Hämeenkyrö","1",88,47,41
"Hämeenkyrö","2",88,49,39
"Hämeenkyrö","3",106,57,49
"Hämeenkyrö","4",119,59,60
"Hämeenkyrö","5",115,57,58
"Hämeenkyrö","6",150,71,79
"Hämeenkyrö","7",123,54,69
"Hämeenkyrö","8",130,65,65
"Hämeenkyrö","9",133,73,60
"Hämeenkyrö","10",115,56,59
"Hämeenkyrö","11",131,63,68
"Hämeenkyrö","12",125,76,49
"Hämeenkyrö","13",123,54,69
"Hämeenkyrö","14",121,54,67
"Hämeenkyrö","15",123,62,61
"Hämeenkyrö","16",134,74,60
"Hämeenkyrö","17",136,72,64
"Hämeenkyrö","18",147,86,61
"Hämeenkyrö","19",95,59,36
"Hämeenkyrö","20",73,54,19
"Hämeenkyrö","21",53,32,21
"Hämeenkyrö","22",62,41,21
"Hämeenkyrö","23",51,28,23
"Hämeenkyrö","24",51,36,15
"Hämeenkyrö","25",60,29,31
"Hämeenkyrö","26",82,42,40
"Hämeenkyrö","27",70,39,31
"Hämeenkyrö","28",97,50,47
"Hämeenkyrö","29",92,50,42
"Hämeenkyrö","30",108,44,64
"Hämeenkyrö","31",97,50,47
"Hämeenkyrö","32",95,53,42
"Hämeenkyrö","33",112,55,57
"Hämeenkyrö","34",116,48,68
"Hämeenkyrö","35",112,53,59
"Hämeenkyrö","36",139,77,62
"Hämeenkyrö","37",134,67,67
"Hämeenkyrö","38",156,82,74
"Hämeenkyrö","39",128,63,65
"Hämeenkyrö","40",144,74,70
"Hämeenkyrö","41",131,66,65
"Hämeenkyrö","42",125,67,58
"Hämeenkyrö","43",126,66,60
"Hämeenkyrö","44",119,49,70
"Hämeenkyrö","45",111,59,52
"Hämeenkyrö","46",112,52,60
"Hämeenkyrö","47",143,80,63
"Hämeenkyrö","48",124,65,59
"Hämeenkyrö","49",148,79,69
"Hämeenkyrö","50",142,71,71
"Hämeenkyrö","51",165,89,76
"Hämeenkyrö","52",142,72,70
"Hämeenkyrö","53",161,84,77
"Hämeenkyrö","54",141,64,77
"Hämeenkyrö","55",129,60,69
"Hämeenkyrö","56",167,82,85
"Hämeenkyrö","57",158,87,71
"Hämeenkyrö","58",166,87,79
"Hämeenkyrö","59",167,86,81
"Hämeenkyrö","60",170,88,82
"Hämeenkyrö","61",138,66,72
"Hämeenkyrö","62",115,63,52
"Hämeenkyrö","63",137,67,70
"Hämeenkyrö","64",169,93,76
"Hämeenkyrö","65",141,63,78
"Hämeenkyrö","66",142,70,72
"Hämeenkyrö","67",169,85,84
"Hämeenkyrö","68",138,69,69
"Hämeenkyrö","69",141,67,74
"Hämeenkyrö","70",150,79,71
"Hämeenkyrö","71",134,68,66
"Hämeenkyrö","72",134,64,70
"Hämeenkyrö","73",155,79,76
"Hämeenkyrö","74",127,53,74
"Hämeenkyrö","75",117,59,58
"Hämeenkyrö","76",93,49,44
"Hämeenkyrö","77",88,39,49
"Hämeenkyrö","78",64,21,43
"Hämeenkyrö","79",95,34,61
"Hämeenkyrö","80",62,24,38
"Hämeenkyrö","81",74,30,44
"Hämeenkyrö","82",82,39,43
"Hämeenkyrö","83",51,23,28
"Hämeenkyrö","84",47,23,24
"Hämeenkyrö","85",52,21,31
"Hämeenkyrö","86",50,19,31
"Hämeenkyrö","87",36,17,19
"Hämeenkyrö","88",30,11,19
"Hämeenkyrö","89",25,6,19
"Hämeenkyrö","90",31,9,22
"Hämeenkyrö","91",29,10,19
"Hämeenkyrö","92",17,7,10
"Hämeenkyrö","93",17,3,14
"Hämeenkyrö","94",10,4,6
"Hämeenkyrö","95",7,1,6
"Hämeenkyrö","96",7,1,6
"Hämeenkyrö","97",2,0,2
"Hämeenkyrö","98",6,0,6
"Hämeenkyrö","99",1,0,1
"Hämeenkyrö","100 -",3,1,2
"Hämeenlinna","0",518,266,252
"Hämeenlinna","1",515,243,272
"Hämeenlinna","2",527,269,258
"Hämeenlinna","3",593,326,267
"Hämeenlinna","4",601,294,307
"Hämeenlinna","5",616,324,292
"Hämeenlinna","6",707,379,328
"Hämeenlinna","7",701,337,364
"Hämeenlinna","8",695,364,331
"Hämeenlinna","9",717,363,354
"Hämeenlinna","10",693,349,344
"Hämeenlinna","11",752,392,360
"Hämeenlinna","12",723,343,380
"Hämeenlinna","13",755,404,351
"Hämeenlinna","14",742,377,365
"Hämeenlinna","15",711,351,360
"Hämeenlinna","16",751,388,363
"Hämeenlinna","17",723,362,361
"Hämeenlinna","18",716,372,344
"Hämeenlinna","19",757,386,371
"Hämeenlinna","20",757,396,361
"Hämeenlinna","21",733,414,319
"Hämeenlinna","22",688,368,320
"Hämeenlinna","23",689,358,331
"Hämeenlinna","24",679,385,294
"Hämeenlinna","25",700,359,341
"Hämeenlinna","26",766,388,378
"Hämeenlinna","27",766,394,372
"Hämeenlinna","28",776,401,375
"Hämeenlinna","29",818,433,385
"Hämeenlinna","30",740,371,369
"Hämeenlinna","31",754,409,345
"Hämeenlinna","32",813,425,388
"Hämeenlinna","33",725,357,368
"Hämeenlinna","34",755,394,361
"Hämeenlinna","35",798,396,402
"Hämeenlinna","36",824,433,391
"Hämeenlinna","37",823,430,393
"Hämeenlinna","38",791,384,407
"Hämeenlinna","39",751,399,352
"Hämeenlinna","40",795,381,414
"Hämeenlinna","41",824,416,408
"Hämeenlinna","42",822,416,406
"Hämeenlinna","43",819,380,439
"Hämeenlinna","44",817,370,447
"Hämeenlinna","45",790,430,360
"Hämeenlinna","46",775,371,404
"Hämeenlinna","47",712,344,368
"Hämeenlinna","48",730,386,344
"Hämeenlinna","49",787,369,418
"Hämeenlinna","50",760,385,375
"Hämeenlinna","51",840,423,417
"Hämeenlinna","52",850,422,428
"Hämeenlinna","53",926,447,479
"Hämeenlinna","54",919,462,457
"Hämeenlinna","55",909,437,472
"Hämeenlinna","56",905,463,442
"Hämeenlinna","57",983,491,492
"Hämeenlinna","58",914,459,455
"Hämeenlinna","59",954,457,497
"Hämeenlinna","60",923,445,478
"Hämeenlinna","61",892,411,481
"Hämeenlinna","62",893,423,470
"Hämeenlinna","63",951,456,495
"Hämeenlinna","64",915,430,485
"Hämeenlinna","65",959,408,551
"Hämeenlinna","66",930,445,485
"Hämeenlinna","67",965,450,515
"Hämeenlinna","68",969,474,495
"Hämeenlinna","69",946,409,537
"Hämeenlinna","70",1016,474,542
"Hämeenlinna","71",975,440,535
"Hämeenlinna","72",1068,481,587
"Hämeenlinna","73",993,478,515
"Hämeenlinna","74",968,435,533
"Hämeenlinna","75",853,394,459
"Hämeenlinna","76",673,306,367
"Hämeenlinna","77",639,256,383
"Hämeenlinna","78",463,204,259
"Hämeenlinna","79",754,328,426
"Hämeenlinna","80",484,194,290
"Hämeenlinna","81",518,197,321
"Hämeenlinna","82",496,226,270
"Hämeenlinna","83",424,155,269
"Hämeenlinna","84",378,147,231
"Hämeenlinna","85",342,120,222
"Hämeenlinna","86",286,98,188
"Hämeenlinna","87",280,90,190
"Hämeenlinna","88",251,94,157
"Hämeenlinna","89",251,86,165
"Hämeenlinna","90",215,60,155
"Hämeenlinna","91",173,50,123
"Hämeenlinna","92",142,38,104
"Hämeenlinna","93",99,19,80
"Hämeenlinna","94",94,22,72
"Hämeenlinna","95",53,17,36
"Hämeenlinna","96",41,7,34
"Hämeenlinna","97",32,8,24
"Hämeenlinna","98",22,1,21
"Hämeenlinna","99",17,3,14
"Hämeenlinna","100 -",15,1,14
"Ii","0",115,62,53
"Ii","1",104,51,53
"Ii","2",120,54,66
"Ii","3",133,69,64
"Ii","4",146,74,72
"Ii","5",126,63,63
"Ii","6",180,89,91
"Ii","7",158,72,86
"Ii","8",161,93,68
"Ii","9",160,82,78
"Ii","10",149,71,78
"Ii","11",167,81,86
"Ii","12",172,94,78
"Ii","13",165,94,71
"Ii","14",163,95,68
"Ii","15",156,86,70
"Ii","16",147,83,64
"Ii","17",134,72,62
"Ii","18",130,86,44
"Ii","19",95,57,38
"Ii","20",61,41,20
"Ii","21",64,38,26
"Ii","22",51,37,14
"Ii","23",62,32,30
"Ii","24",75,35,40
"Ii","25",81,48,33
"Ii","26",86,49,37
"Ii","27",92,48,44
"Ii","28",95,46,49
"Ii","29",72,39,33
"Ii","30",98,48,50
"Ii","31",112,50,62
"Ii","32",98,52,46
"Ii","33",108,65,43
"Ii","34",119,53,66
"Ii","35",114,66,48
"Ii","36",122,65,57
"Ii","37",105,50,55
"Ii","38",120,59,61
"Ii","39",136,60,76
"Ii","40",107,61,46
"Ii","41",108,50,58
"Ii","42",123,63,60
"Ii","43",108,59,49
"Ii","44",121,60,61
"Ii","45",101,49,52
"Ii","46",106,58,48
"Ii","47",96,48,48
"Ii","48",99,57,42
"Ii","49",104,51,53
"Ii","50",106,55,51
"Ii","51",108,53,55
"Ii","52",107,49,58
"Ii","53",115,58,57
"Ii","54",123,64,59
"Ii","55",117,58,59
"Ii","56",150,74,76
"Ii","57",140,77,63
"Ii","58",145,86,59
"Ii","59",161,95,66
"Ii","60",153,88,65
"Ii","61",128,67,61
"Ii","62",125,75,50
"Ii","63",121,75,46
"Ii","64",126,69,57
"Ii","65",132,68,64
"Ii","66",122,65,57
"Ii","67",117,60,57
"Ii","68",138,64,74
"Ii","69",129,69,60
"Ii","70",118,59,59
"Ii","71",130,65,65
"Ii","72",94,50,44
"Ii","73",110,60,50
"Ii","74",107,52,55
"Ii","75",84,51,33
"Ii","76",65,27,38
"Ii","77",59,25,34
"Ii","78",58,26,32
"Ii","79",81,45,36
"Ii","80",43,22,21
"Ii","81",73,28,45
"Ii","82",49,20,29
"Ii","83",53,23,30
"Ii","84",40,16,24
"Ii","85",56,24,32
"Ii","86",49,19,30
"Ii","87",25,9,16
"Ii","88",43,14,29
"Ii","89",24,8,16
"Ii","90",27,13,14
"Ii","91",18,5,13
"Ii","92",18,1,17
"Ii","93",17,8,9
"Ii","94",2,0,2
"Ii","95",5,2,3
"Ii","96",5,1,4
"Ii","97",2,0,2
"Ii","98",2,0,2
"Ii","99",0,0,0
"Ii","100 -",3,1,2
"Iisalmi","0",141,66,75
"Iisalmi","1",144,72,72
"Iisalmi","2",163,96,67
"Iisalmi","3",189,98,91
"Iisalmi","4",211,102,109
"Iisalmi","5",210,102,108
"Iisalmi","6",232,112,120
"Iisalmi","7",235,124,111
"Iisalmi","8",204,97,107
"Iisalmi","9",250,135,115
"Iisalmi","10",236,128,108
"Iisalmi","11",256,141,115
"Iisalmi","12",220,116,104
"Iisalmi","13",243,126,117
"Iisalmi","14",211,119,92
"Iisalmi","15",240,113,127
"Iisalmi","16",238,123,115
"Iisalmi","17",201,111,90
"Iisalmi","18",249,121,128
"Iisalmi","19",240,132,108
"Iisalmi","20",222,103,119
"Iisalmi","21",219,123,96
"Iisalmi","22",161,94,67
"Iisalmi","23",198,113,85
"Iisalmi","24",186,85,101
"Iisalmi","25",207,105,102
"Iisalmi","26",180,91,89
"Iisalmi","27",184,85,99
"Iisalmi","28",217,111,106
"Iisalmi","29",211,110,101
"Iisalmi","30",228,119,109
"Iisalmi","31",228,116,112
"Iisalmi","32",236,126,110
"Iisalmi","33",213,120,93
"Iisalmi","34",238,135,103
"Iisalmi","35",237,124,113
"Iisalmi","36",238,120,118
"Iisalmi","37",290,133,157
"Iisalmi","38",246,127,119
"Iisalmi","39",258,137,121
"Iisalmi","40",239,131,108
"Iisalmi","41",219,111,108
"Iisalmi","42",220,116,104
"Iisalmi","43",218,109,109
"Iisalmi","44",256,124,132
"Iisalmi","45",220,118,102
"Iisalmi","46",207,109,98
"Iisalmi","47",199,94,105
"Iisalmi","48",222,112,110
"Iisalmi","49",210,105,105
"Iisalmi","50",219,102,117
"Iisalmi","51",212,100,112
"Iisalmi","52",261,124,137
"Iisalmi","53",278,149,129
"Iisalmi","54",264,134,130
"Iisalmi","55",261,139,122
"Iisalmi","56",300,162,138
"Iisalmi","57",289,131,158
"Iisalmi","58",302,142,160
"Iisalmi","59",320,168,152
"Iisalmi","60",340,177,163
"Iisalmi","61",338,162,176
"Iisalmi","62",352,174,178
"Iisalmi","63",349,168,181
"Iisalmi","64",383,187,196
"Iisalmi","65",375,187,188
"Iisalmi","66",341,171,170
"Iisalmi","67",344,166,178
"Iisalmi","68",358,178,180
"Iisalmi","69",356,181,175
"Iisalmi","70",310,150,160
"Iisalmi","71",334,174,160
"Iisalmi","72",321,154,167
"Iisalmi","73",331,161,170
"Iisalmi","74",282,132,150
"Iisalmi","75",263,126,137
"Iisalmi","76",183,68,115
"Iisalmi","77",179,84,95
"Iisalmi","78",137,56,81
"Iisalmi","79",178,86,92
"Iisalmi","80",133,56,77
"Iisalmi","81",161,65,96
"Iisalmi","82",153,70,83
"Iisalmi","83",126,55,71
"Iisalmi","84",126,47,79
"Iisalmi","85",119,48,71
"Iisalmi","86",88,29,59
"Iisalmi","87",90,32,58
"Iisalmi","88",93,32,61
"Iisalmi","89",70,27,43
"Iisalmi","90",70,22,48
"Iisalmi","91",54,11,43
"Iisalmi","92",43,11,32
"Iisalmi","93",34,8,26
"Iisalmi","94",30,6,24
"Iisalmi","95",19,6,13
"Iisalmi","96",14,3,11
"Iisalmi","97",9,1,8
"Iisalmi","98",3,0,3
"Iisalmi","99",2,0,2
"Iisalmi","100 -",7,3,4
"Iitti","0",44,20,24
"Iitti","1",44,21,23
"Iitti","2",55,24,31
"Iitti","3",58,31,27
"Iitti","4",57,34,23
"Iitti","5",67,34,33
"Iitti","6",65,33,32
"Iitti","7",75,40,35
"Iitti","8",63,32,31
"Iitti","9",57,30,27
"Iitti","10",64,33,31
"Iitti","11",73,33,40
"Iitti","12",57,30,27
"Iitti","13",74,35,39
"Iitti","14",74,39,35
"Iitti","15",76,33,43
"Iitti","16",77,42,35
"Iitti","17",58,28,30
"Iitti","18",59,34,25
"Iitti","19",48,31,17
"Iitti","20",51,29,22
"Iitti","21",48,24,24
"Iitti","22",30,13,17
"Iitti","23",32,20,12
"Iitti","24",50,33,17
"Iitti","25",36,16,20
"Iitti","26",46,25,21
"Iitti","27",40,25,15
"Iitti","28",59,35,24
"Iitti","29",55,32,23
"Iitti","30",52,26,26
"Iitti","31",48,16,32
"Iitti","32",64,34,30
"Iitti","33",65,35,30
"Iitti","34",60,32,28
"Iitti","35",63,34,29
"Iitti","36",71,36,35
"Iitti","37",70,35,35
"Iitti","38",63,31,32
"Iitti","39",71,38,33
"Iitti","40",60,33,27
"Iitti","41",74,34,40
"Iitti","42",64,39,25
"Iitti","43",77,35,42
"Iitti","44",66,33,33
"Iitti","45",72,37,35
"Iitti","46",85,44,41
"Iitti","47",49,25,24
"Iitti","48",70,34,36
"Iitti","49",74,37,37
"Iitti","50",80,39,41
"Iitti","51",68,41,27
"Iitti","52",89,44,45
"Iitti","53",97,57,40
"Iitti","54",96,51,45
"Iitti","55",101,58,43
"Iitti","56",102,57,45
"Iitti","57",110,51,59
"Iitti","58",96,49,47
"Iitti","59",115,59,56
"Iitti","60",109,62,47
"Iitti","61",112,55,57
"Iitti","62",123,62,61
"Iitti","63",113,57,56
"Iitti","64",115,62,53
"Iitti","65",135,70,65
"Iitti","66",107,55,52
"Iitti","67",116,48,68
"Iitti","68",117,62,55
"Iitti","69",120,61,59
"Iitti","70",126,61,65
"Iitti","71",119,61,58
"Iitti","72",105,52,53
"Iitti","73",112,59,53
"Iitti","74",119,61,58
"Iitti","75",90,38,52
"Iitti","76",69,31,38
"Iitti","77",74,32,42
"Iitti","78",58,32,26
"Iitti","79",80,45,35
"Iitti","80",61,30,31
"Iitti","81",54,25,29
"Iitti","82",45,16,29
"Iitti","83",44,19,25
"Iitti","84",62,20,42
"Iitti","85",40,16,24
"Iitti","86",30,11,19
"Iitti","87",38,10,28
"Iitti","88",28,11,17
"Iitti","89",31,12,19
"Iitti","90",27,8,19
"Iitti","91",24,10,14
"Iitti","92",11,2,9
"Iitti","93",18,2,16
"Iitti","94",3,1,2
"Iitti","95",11,4,7
"Iitti","96",6,1,5
"Iitti","97",3,1,2
"Iitti","98",4,0,4
"Iitti","99",2,0,2
"Iitti","100 -",0,0,0
"Ikaalinen","0",32,17,15
"Ikaalinen","1",34,19,15
"Ikaalinen","2",36,22,14
"Ikaalinen","3",63,39,24
"Ikaalinen","4",65,36,29
"Ikaalinen","5",63,35,28
"Ikaalinen","6",69,45,24
"Ikaalinen","7",73,43,30
"Ikaalinen","8",74,40,34
"Ikaalinen","9",77,43,34
"Ikaalinen","10",89,49,40
"Ikaalinen","11",60,30,30
"Ikaalinen","12",76,43,33
"Ikaalinen","13",63,39,24
"Ikaalinen","14",70,37,33
"Ikaalinen","15",79,36,43
"Ikaalinen","16",60,34,26
"Ikaalinen","17",74,32,42
"Ikaalinen","18",61,31,30
"Ikaalinen","19",52,29,23
"Ikaalinen","20",59,36,23
"Ikaalinen","21",38,25,13
"Ikaalinen","22",45,24,21
"Ikaalinen","23",49,31,18
"Ikaalinen","24",43,21,22
"Ikaalinen","25",46,27,19
"Ikaalinen","26",54,31,23
"Ikaalinen","27",54,29,25
"Ikaalinen","28",61,36,25
"Ikaalinen","29",60,32,28
"Ikaalinen","30",65,29,36
"Ikaalinen","31",56,37,19
"Ikaalinen","32",59,34,25
"Ikaalinen","33",54,28,26
"Ikaalinen","34",61,32,29
"Ikaalinen","35",61,30,31
"Ikaalinen","36",65,26,39
"Ikaalinen","37",75,40,35
"Ikaalinen","38",67,30,37
"Ikaalinen","39",74,38,36
"Ikaalinen","40",81,38,43
"Ikaalinen","41",69,38,31
"Ikaalinen","42",85,50,35
"Ikaalinen","43",61,28,33
"Ikaalinen","44",87,46,41
"Ikaalinen","45",82,44,38
"Ikaalinen","46",67,31,36
"Ikaalinen","47",72,35,37
"Ikaalinen","48",60,28,32
"Ikaalinen","49",68,35,33
"Ikaalinen","50",75,36,39
"Ikaalinen","51",87,40,47
"Ikaalinen","52",83,43,40
"Ikaalinen","53",105,44,61
"Ikaalinen","54",129,69,60
"Ikaalinen","55",91,47,44
"Ikaalinen","56",113,52,61
"Ikaalinen","57",93,53,40
"Ikaalinen","58",93,47,46
"Ikaalinen","59",112,65,47
"Ikaalinen","60",89,47,42
"Ikaalinen","61",85,46,39
"Ikaalinen","62",105,47,58
"Ikaalinen","63",121,54,67
"Ikaalinen","64",112,50,62
"Ikaalinen","65",120,62,58
"Ikaalinen","66",102,45,57
"Ikaalinen","67",115,60,55
"Ikaalinen","68",137,66,71
"Ikaalinen","69",126,61,65
"Ikaalinen","70",127,61,66
"Ikaalinen","71",146,84,62
"Ikaalinen","72",154,75,79
"Ikaalinen","73",119,61,58
"Ikaalinen","74",93,46,47
"Ikaalinen","75",112,53,59
"Ikaalinen","76",92,46,46
"Ikaalinen","77",75,36,39
"Ikaalinen","78",63,29,34
"Ikaalinen","79",88,39,49
"Ikaalinen","80",58,21,37
"Ikaalinen","81",69,27,42
"Ikaalinen","82",62,32,30
"Ikaalinen","83",62,24,38
"Ikaalinen","84",40,17,23
"Ikaalinen","85",43,24,19
"Ikaalinen","86",30,14,16
"Ikaalinen","87",27,9,18
"Ikaalinen","88",26,8,18
"Ikaalinen","89",29,12,17
"Ikaalinen","90",26,10,16
"Ikaalinen","91",21,7,14
"Ikaalinen","92",14,3,11
"Ikaalinen","93",16,3,13
"Ikaalinen","94",7,3,4
"Ikaalinen","95",7,1,6
"Ikaalinen","96",8,4,4
"Ikaalinen","97",4,1,3
"Ikaalinen","98",5,0,5
"Ikaalinen","99",0,0,0
"Ikaalinen","100 -",2,0,2
"Ilmajoki","0",129,73,56
"Ilmajoki","1",139,77,62
"Ilmajoki","2",139,72,67
"Ilmajoki","3",136,64,72
"Ilmajoki","4",154,71,83
"Ilmajoki","5",154,71,83
"Ilmajoki","6",161,83,78
"Ilmajoki","7",158,94,64
"Ilmajoki","8",197,109,88
"Ilmajoki","9",151,77,74
"Ilmajoki","10",178,86,92
"Ilmajoki","11",183,88,95
"Ilmajoki","12",179,85,94
"Ilmajoki","13",165,91,74
"Ilmajoki","14",167,81,86
"Ilmajoki","15",157,81,76
"Ilmajoki","16",138,71,67
"Ilmajoki","17",154,90,64
"Ilmajoki","18",145,77,68
"Ilmajoki","19",126,77,49
"Ilmajoki","20",137,75,62
"Ilmajoki","21",96,58,38
"Ilmajoki","22",90,46,44
"Ilmajoki","23",101,54,47
"Ilmajoki","24",112,59,53
"Ilmajoki","25",102,49,53
"Ilmajoki","26",115,62,53
"Ilmajoki","27",129,64,65
"Ilmajoki","28",138,76,62
"Ilmajoki","29",140,74,66
"Ilmajoki","30",135,59,76
"Ilmajoki","31",133,60,73
"Ilmajoki","32",141,74,67
"Ilmajoki","33",134,71,63
"Ilmajoki","34",148,74,74
"Ilmajoki","35",152,88,64
"Ilmajoki","36",159,76,83
"Ilmajoki","37",170,87,83
"Ilmajoki","38",170,84,86
"Ilmajoki","39",183,96,87
"Ilmajoki","40",153,82,71
"Ilmajoki","41",170,89,81
"Ilmajoki","42",155,71,84
"Ilmajoki","43",178,94,84
"Ilmajoki","44",151,83,68
"Ilmajoki","45",169,94,75
"Ilmajoki","46",138,70,68
"Ilmajoki","47",144,77,67
"Ilmajoki","48",109,53,56
"Ilmajoki","49",136,76,60
"Ilmajoki","50",133,76,57
"Ilmajoki","51",163,78,85
"Ilmajoki","52",137,71,66
"Ilmajoki","53",135,66,69
"Ilmajoki","54",130,65,65
"Ilmajoki","55",137,71,66
"Ilmajoki","56",161,74,87
"Ilmajoki","57",177,96,81
"Ilmajoki","58",159,85,74
"Ilmajoki","59",149,86,63
"Ilmajoki","60",139,71,68
"Ilmajoki","61",155,77,78
"Ilmajoki","62",174,82,92
"Ilmajoki","63",147,66,81
"Ilmajoki","64",176,99,77
"Ilmajoki","65",143,75,68
"Ilmajoki","66",176,95,81
"Ilmajoki","67",170,85,85
"Ilmajoki","68",158,85,73
"Ilmajoki","69",156,78,78
"Ilmajoki","70",151,74,77
"Ilmajoki","71",159,77,82
"Ilmajoki","72",157,74,83
"Ilmajoki","73",167,83,84
"Ilmajoki","74",134,72,62
"Ilmajoki","75",124,62,62
"Ilmajoki","76",82,38,44
"Ilmajoki","77",88,46,42
"Ilmajoki","78",49,25,24
"Ilmajoki","79",87,41,46
"Ilmajoki","80",46,18,28
"Ilmajoki","81",87,35,52
"Ilmajoki","82",69,25,44
"Ilmajoki","83",56,24,32
"Ilmajoki","84",57,21,36
"Ilmajoki","85",59,25,34
"Ilmajoki","86",65,22,43
"Ilmajoki","87",51,15,36
"Ilmajoki","88",41,16,25
"Ilmajoki","89",43,14,29
"Ilmajoki","90",36,12,24
"Ilmajoki","91",26,4,22
"Ilmajoki","92",27,6,21
"Ilmajoki","93",11,3,8
"Ilmajoki","94",12,3,9
"Ilmajoki","95",10,2,8
"Ilmajoki","96",7,1,6
"Ilmajoki","97",9,3,6
"Ilmajoki","98",5,1,4
"Ilmajoki","99",3,0,3
"Ilmajoki","100 -",3,0,3
"Ilomantsi","0",22,9,13
"Ilomantsi","1",16,7,9
"Ilomantsi","2",15,8,7
"Ilomantsi","3",21,8,13
"Ilomantsi","4",28,17,11
"Ilomantsi","5",31,13,18
"Ilomantsi","6",23,9,14
"Ilomantsi","7",30,21,9
"Ilomantsi","8",37,18,19
"Ilomantsi","9",36,17,19
"Ilomantsi","10",27,11,16
"Ilomantsi","11",36,17,19
"Ilomantsi","12",32,13,19
"Ilomantsi","13",40,19,21
"Ilomantsi","14",27,17,10
"Ilomantsi","15",39,21,18
"Ilomantsi","16",35,18,17
"Ilomantsi","17",42,18,24
"Ilomantsi","18",29,15,14
"Ilomantsi","19",26,19,7
"Ilomantsi","20",20,17,3
"Ilomantsi","21",13,9,4
"Ilomantsi","22",21,11,10
"Ilomantsi","23",15,10,5
"Ilomantsi","24",20,12,8
"Ilomantsi","25",23,12,11
"Ilomantsi","26",19,12,7
"Ilomantsi","27",31,19,12
"Ilomantsi","28",30,12,18
"Ilomantsi","29",18,11,7
"Ilomantsi","30",23,13,10
"Ilomantsi","31",38,25,13
"Ilomantsi","32",29,16,13
"Ilomantsi","33",32,12,20
"Ilomantsi","34",30,14,16
"Ilomantsi","35",32,15,17
"Ilomantsi","36",41,21,20
"Ilomantsi","37",48,26,22
"Ilomantsi","38",32,15,17
"Ilomantsi","39",33,19,14
"Ilomantsi","40",46,29,17
"Ilomantsi","41",41,28,13
"Ilomantsi","42",40,19,21
"Ilomantsi","43",32,18,14
"Ilomantsi","44",39,23,16
"Ilomantsi","45",31,16,15
"Ilomantsi","46",38,16,22
"Ilomantsi","47",32,14,18
"Ilomantsi","48",43,17,26
"Ilomantsi","49",44,25,19
"Ilomantsi","50",45,23,22
"Ilomantsi","51",43,19,24
"Ilomantsi","52",65,37,28
"Ilomantsi","53",68,35,33
"Ilomantsi","54",71,29,42
"Ilomantsi","55",63,28,35
"Ilomantsi","56",72,40,32
"Ilomantsi","57",80,49,31
"Ilomantsi","58",79,32,47
"Ilomantsi","59",98,49,49
"Ilomantsi","60",105,50,55
"Ilomantsi","61",113,54,59
"Ilomantsi","62",119,68,51
"Ilomantsi","63",135,74,61
"Ilomantsi","64",119,65,54
"Ilomantsi","65",129,67,62
"Ilomantsi","66",111,65,46
"Ilomantsi","67",112,61,51
"Ilomantsi","68",103,62,41
"Ilomantsi","69",113,61,52
"Ilomantsi","70",97,56,41
"Ilomantsi","71",107,56,51
"Ilomantsi","72",111,59,52
"Ilomantsi","73",112,59,53
"Ilomantsi","74",98,52,46
"Ilomantsi","75",79,40,39
"Ilomantsi","76",68,36,32
"Ilomantsi","77",68,44,24
"Ilomantsi","78",51,13,38
"Ilomantsi","79",65,28,37
"Ilomantsi","80",48,28,20
"Ilomantsi","81",53,24,29
"Ilomantsi","82",48,22,26
"Ilomantsi","83",54,21,33
"Ilomantsi","84",40,19,21
"Ilomantsi","85",55,20,35
"Ilomantsi","86",50,19,31
"Ilomantsi","87",25,8,17
"Ilomantsi","88",28,11,17
"Ilomantsi","89",18,3,15
"Ilomantsi","90",23,5,18
"Ilomantsi","91",25,6,19
"Ilomantsi","92",18,6,12
"Ilomantsi","93",12,3,9
"Ilomantsi","94",7,2,5
"Ilomantsi","95",8,3,5
"Ilomantsi","96",5,4,1
"Ilomantsi","97",4,1,3
"Ilomantsi","98",1,0,1
"Ilomantsi","99",0,0,0
"Ilomantsi","100 -",2,2,0
"Imatra","0",152,80,72
"Imatra","1",127,74,53
"Imatra","2",173,90,83
"Imatra","3",187,104,83
"Imatra","4",184,85,99
"Imatra","5",215,122,93
"Imatra","6",197,97,100
"Imatra","7",219,108,111
"Imatra","8",223,114,109
"Imatra","9",244,131,113
"Imatra","10",243,124,119
"Imatra","11",224,127,97
"Imatra","12",222,106,116
"Imatra","13",271,141,130
"Imatra","14",270,127,143
"Imatra","15",273,151,122
"Imatra","16",272,128,144
"Imatra","17",247,129,118
"Imatra","18",262,139,123
"Imatra","19",240,137,103
"Imatra","20",196,123,73
"Imatra","21",171,98,73
"Imatra","22",174,114,60
"Imatra","23",207,115,92
"Imatra","24",218,122,96
"Imatra","25",225,126,99
"Imatra","26",232,138,94
"Imatra","27",223,116,107
"Imatra","28",255,143,112
"Imatra","29",233,139,94
"Imatra","30",234,121,113
"Imatra","31",251,139,112
"Imatra","32",232,109,123
"Imatra","33",257,132,125
"Imatra","34",235,124,111
"Imatra","35",238,119,119
"Imatra","36",287,144,143
"Imatra","37",289,169,120
"Imatra","38",262,127,135
"Imatra","39",300,162,138
"Imatra","40",268,136,132
"Imatra","41",290,156,134
"Imatra","42",314,173,141
"Imatra","43",316,151,165
"Imatra","44",302,163,139
"Imatra","45",301,147,154
"Imatra","46",298,147,151
"Imatra","47",270,130,140
"Imatra","48",310,149,161
"Imatra","49",330,156,174
"Imatra","50",321,189,132
"Imatra","51",328,174,154
"Imatra","52",356,176,180
"Imatra","53",322,158,164
"Imatra","54",383,186,197
"Imatra","55",381,190,191
"Imatra","56",402,196,206
"Imatra","57",426,225,201
"Imatra","58",457,220,237
"Imatra","59",403,207,196
"Imatra","60",446,227,219
"Imatra","61",396,221,175
"Imatra","62",393,216,177
"Imatra","63",399,190,209
"Imatra","64",373,189,184
"Imatra","65",428,196,232
"Imatra","66",405,165,240
"Imatra","67",403,202,201
"Imatra","68",427,216,211
"Imatra","69",441,206,235
"Imatra","70",432,198,234
"Imatra","71",458,215,243
"Imatra","72",423,188,235
"Imatra","73",445,211,234
"Imatra","74",444,207,237
"Imatra","75",353,151,202
"Imatra","76",314,135,179
"Imatra","77",301,137,164
"Imatra","78",244,101,143
"Imatra","79",341,142,199
"Imatra","80",212,95,117
"Imatra","81",276,119,157
"Imatra","82",257,99,158
"Imatra","83",250,81,169
"Imatra","84",199,75,124
"Imatra","85",174,64,110
"Imatra","86",174,61,113
"Imatra","87",125,36,89
"Imatra","88",119,43,76
"Imatra","89",81,28,53
"Imatra","90",115,22,93
"Imatra","91",86,15,71
"Imatra","92",64,10,54
"Imatra","93",46,4,42
"Imatra","94",27,1,26
"Imatra","95",23,3,20
"Imatra","96",13,4,9
"Imatra","97",8,0,8
"Imatra","98",6,0,6
"Imatra","99",9,1,8
"Imatra","100 -",3,0,3
"Inari","0",42,13,29
"Inari","1",49,24,25
"Inari","2",41,22,19
"Inari","3",43,17,26
"Inari","4",54,20,34
"Inari","5",54,29,25
"Inari","6",50,20,30
"Inari","7",62,31,31
"Inari","8",48,24,24
"Inari","9",65,37,28
"Inari","10",68,37,31
"Inari","11",73,43,30
"Inari","12",49,23,26
"Inari","13",70,38,32
"Inari","14",60,30,30
"Inari","15",66,32,34
"Inari","16",47,20,27
"Inari","17",56,34,22
"Inari","18",47,27,20
"Inari","19",55,32,23
"Inari","20",37,22,15
"Inari","21",52,33,19
"Inari","22",40,21,19
"Inari","23",40,22,18
"Inari","24",65,33,32
"Inari","25",67,35,32
"Inari","26",63,34,29
"Inari","27",84,39,45
"Inari","28",87,52,35
"Inari","29",78,44,34
"Inari","30",84,44,40
"Inari","31",84,33,51
"Inari","32",76,35,41
"Inari","33",70,36,34
"Inari","34",70,31,39
"Inari","35",88,50,38
"Inari","36",85,43,42
"Inari","37",75,41,34
"Inari","38",98,59,39
"Inari","39",76,45,31
"Inari","40",72,29,43
"Inari","41",85,42,43
"Inari","42",78,39,39
"Inari","43",77,40,37
"Inari","44",78,38,40
"Inari","45",80,47,33
"Inari","46",75,31,44
"Inari","47",71,41,30
"Inari","48",67,35,32
"Inari","49",79,42,37
"Inari","50",89,41,48
"Inari","51",97,50,47
"Inari","52",98,55,43
"Inari","53",101,54,47
"Inari","54",93,51,42
"Inari","55",100,55,45
"Inari","56",118,51,67
"Inari","57",139,66,73
"Inari","58",122,63,59
"Inari","59",124,65,59
"Inari","60",124,64,60
"Inari","61",126,68,58
"Inari","62",123,61,62
"Inari","63",151,80,71
"Inari","64",131,72,59
"Inari","65",123,74,49
"Inari","66",131,73,58
"Inari","67",109,59,50
"Inari","68",123,69,54
"Inari","69",106,58,48
"Inari","70",114,68,46
"Inari","71",106,61,45
"Inari","72",114,61,53
"Inari","73",90,46,44
"Inari","74",93,44,49
"Inari","75",74,37,37
"Inari","76",64,31,33
"Inari","77",75,38,37
"Inari","78",50,22,28
"Inari","79",64,36,28
"Inari","80",43,22,21
"Inari","81",39,20,19
"Inari","82",45,17,28
"Inari","83",42,19,23
"Inari","84",47,18,29
"Inari","85",29,12,17
"Inari","86",32,17,15
"Inari","87",25,11,14
"Inari","88",18,9,9
"Inari","89",29,15,14
"Inari","90",12,5,7
"Inari","91",10,5,5
"Inari","92",10,5,5
"Inari","93",8,4,4
"Inari","94",6,1,5
"Inari","95",9,2,7
"Inari","96",2,0,2
"Inari","97",0,0,0
"Inari","98",0,0,0
"Inari","99",1,0,1
"Inari","100 -",3,0,3
"Inkoo","0",32,18,14
"Inkoo","1",43,24,19
"Inkoo","2",36,18,18
"Inkoo","3",38,19,19
"Inkoo","4",47,27,20
"Inkoo","5",34,17,17
"Inkoo","6",48,23,25
"Inkoo","7",64,32,32
"Inkoo","8",59,25,34
"Inkoo","9",58,35,23
"Inkoo","10",81,41,40
"Inkoo","11",56,28,28
"Inkoo","12",79,41,38
"Inkoo","13",64,34,30
"Inkoo","14",63,35,28
"Inkoo","15",87,44,43
"Inkoo","16",66,33,33
"Inkoo","17",63,25,38
"Inkoo","18",66,31,35
"Inkoo","19",42,23,19
"Inkoo","20",29,16,13
"Inkoo","21",31,18,13
"Inkoo","22",27,17,10
"Inkoo","23",14,10,4
"Inkoo","24",25,14,11
"Inkoo","25",34,23,11
"Inkoo","26",25,10,15
"Inkoo","27",33,16,17
"Inkoo","28",37,19,18
"Inkoo","29",38,16,22
"Inkoo","30",51,25,26
"Inkoo","31",40,22,18
"Inkoo","32",42,26,16
"Inkoo","33",47,21,26
"Inkoo","34",46,22,24
"Inkoo","35",53,26,27
"Inkoo","36",62,32,30
"Inkoo","37",44,21,23
"Inkoo","38",63,30,33
"Inkoo","39",77,37,40
"Inkoo","40",69,39,30
"Inkoo","41",60,31,29
"Inkoo","42",60,32,28
"Inkoo","43",62,36,26
"Inkoo","44",78,39,39
"Inkoo","45",88,37,51
"Inkoo","46",96,52,44
"Inkoo","47",76,30,46
"Inkoo","48",67,31,36
"Inkoo","49",79,42,37
"Inkoo","50",78,41,37
"Inkoo","51",86,39,47
"Inkoo","52",88,45,43
"Inkoo","53",95,44,51
"Inkoo","54",98,48,50
"Inkoo","55",99,44,55
"Inkoo","56",87,39,48
"Inkoo","57",87,48,39
"Inkoo","58",89,43,46
"Inkoo","59",89,43,46
"Inkoo","60",77,48,29
"Inkoo","61",70,44,26
"Inkoo","62",72,40,32
"Inkoo","63",73,34,39
"Inkoo","64",83,28,55
"Inkoo","65",66,25,41
"Inkoo","66",92,48,44
"Inkoo","67",64,34,30
"Inkoo","68",93,50,43
"Inkoo","69",60,34,26
"Inkoo","70",83,42,41
"Inkoo","71",82,40,42
"Inkoo","72",85,39,46
"Inkoo","73",72,40,32
"Inkoo","74",73,35,38
"Inkoo","75",69,32,37
"Inkoo","76",45,17,28
"Inkoo","77",47,20,27
"Inkoo","78",45,23,22
"Inkoo","79",56,21,35
"Inkoo","80",44,22,22
"Inkoo","81",36,13,23
"Inkoo","82",35,21,14
"Inkoo","83",29,15,14
"Inkoo","84",32,12,20
"Inkoo","85",24,8,16
"Inkoo","86",15,8,7
"Inkoo","87",13,4,9
"Inkoo","88",20,8,12
"Inkoo","89",21,12,9
"Inkoo","90",20,5,15
"Inkoo","91",12,7,5
"Inkoo","92",14,4,10
"Inkoo","93",10,3,7
"Inkoo","94",3,1,2
"Inkoo","95",4,0,4
"Inkoo","96",0,0,0
"Inkoo","97",3,0,3
"Inkoo","98",1,0,1
"Inkoo","99",3,0,3
"Inkoo","100 -",0,0,0
"Isojoki","0",7,4,3
"Isojoki","1",17,8,9
"Isojoki","2",11,7,4
"Isojoki","3",9,4,5
"Isojoki","4",9,6,3
"Isojoki","5",18,9,9
"Isojoki","6",12,5,7
"Isojoki","7",13,7,6
"Isojoki","8",15,5,10
"Isojoki","9",20,14,6
"Isojoki","10",23,13,10
"Isojoki","11",15,9,6
"Isojoki","12",12,7,5
"Isojoki","13",16,9,7
"Isojoki","14",20,12,8
"Isojoki","15",20,13,7
"Isojoki","16",17,12,5
"Isojoki","17",23,13,10
"Isojoki","18",25,16,9
"Isojoki","19",19,14,5
"Isojoki","20",16,12,4
"Isojoki","21",8,5,3
"Isojoki","22",16,7,9
"Isojoki","23",13,10,3
"Isojoki","24",10,6,4
"Isojoki","25",11,7,4
"Isojoki","26",17,11,6
"Isojoki","27",16,7,9
"Isojoki","28",20,8,12
"Isojoki","29",15,10,5
"Isojoki","30",19,11,8
"Isojoki","31",13,9,4
"Isojoki","32",16,9,7
"Isojoki","33",11,8,3
"Isojoki","34",22,13,9
"Isojoki","35",9,7,2
"Isojoki","36",16,8,8
"Isojoki","37",21,15,6
"Isojoki","38",24,12,12
"Isojoki","39",14,10,4
"Isojoki","40",18,9,9
"Isojoki","41",7,5,2
"Isojoki","42",12,4,8
"Isojoki","43",17,6,11
"Isojoki","44",15,8,7
"Isojoki","45",18,7,11
"Isojoki","46",22,12,10
"Isojoki","47",17,11,6
"Isojoki","48",18,7,11
"Isojoki","49",27,11,16
"Isojoki","50",15,9,6
"Isojoki","51",32,17,15
"Isojoki","52",20,12,8
"Isojoki","53",29,13,16
"Isojoki","54",33,16,17
"Isojoki","55",27,17,10
"Isojoki","56",37,19,18
"Isojoki","57",36,24,12
"Isojoki","58",35,15,20
"Isojoki","59",34,17,17
"Isojoki","60",40,20,20
"Isojoki","61",25,14,11
"Isojoki","62",40,24,16
"Isojoki","63",32,14,18
"Isojoki","64",43,18,25
"Isojoki","65",33,16,17
"Isojoki","66",38,19,19
"Isojoki","67",32,17,15
"Isojoki","68",36,22,14
"Isojoki","69",30,17,13
"Isojoki","70",34,23,11
"Isojoki","71",43,24,19
"Isojoki","72",43,22,21
"Isojoki","73",32,14,18
"Isojoki","74",30,13,17
"Isojoki","75",28,14,14
"Isojoki","76",21,11,10
"Isojoki","77",18,10,8
"Isojoki","78",17,10,7
"Isojoki","79",28,12,16
"Isojoki","80",12,7,5
"Isojoki","81",21,12,9
"Isojoki","82",12,3,9
"Isojoki","83",18,8,10
"Isojoki","84",17,9,8
"Isojoki","85",10,4,6
"Isojoki","86",8,2,6
"Isojoki","87",13,10,3
"Isojoki","88",10,7,3
"Isojoki","89",16,4,12
"Isojoki","90",11,5,6
"Isojoki","91",6,1,5
"Isojoki","92",9,3,6
"Isojoki","93",9,4,5
"Isojoki","94",2,1,1
"Isojoki","95",3,1,2
"Isojoki","96",3,0,3
"Isojoki","97",3,0,3
"Isojoki","98",0,0,0
"Isojoki","99",0,0,0
"Isojoki","100 -",2,0,2
"Isokyrö","0",25,14,11
"Isokyrö","1",27,13,14
"Isokyrö","2",30,16,14
"Isokyrö","3",31,20,11
"Isokyrö","4",46,31,15
"Isokyrö","5",46,26,20
"Isokyrö","6",57,33,24
"Isokyrö","7",51,27,24
"Isokyrö","8",56,27,29
"Isokyrö","9",59,25,34
"Isokyrö","10",48,29,19
"Isokyrö","11",48,32,16
"Isokyrö","12",71,31,40
"Isokyrö","13",56,35,21
"Isokyrö","14",71,43,28
"Isokyrö","15",64,32,32
"Isokyrö","16",61,34,27
"Isokyrö","17",51,27,24
"Isokyrö","18",47,19,28
"Isokyrö","19",52,28,24
"Isokyrö","20",33,22,11
"Isokyrö","21",26,16,10
"Isokyrö","22",31,22,9
"Isokyrö","23",30,19,11
"Isokyrö","24",18,10,8
"Isokyrö","25",31,18,13
"Isokyrö","26",29,15,14
"Isokyrö","27",33,18,15
"Isokyrö","28",28,14,14
"Isokyrö","29",41,16,25
"Isokyrö","30",49,30,19
"Isokyrö","31",34,20,14
"Isokyrö","32",34,15,19
"Isokyrö","33",40,26,14
"Isokyrö","34",39,18,21
"Isokyrö","35",40,18,22
"Isokyrö","36",35,22,13
"Isokyrö","37",60,36,24
"Isokyrö","38",49,26,23
"Isokyrö","39",46,18,28
"Isokyrö","40",44,18,26
"Isokyrö","41",49,24,25
"Isokyrö","42",37,21,16
"Isokyrö","43",46,27,19
"Isokyrö","44",50,28,22
"Isokyrö","45",56,18,38
"Isokyrö","46",55,30,25
"Isokyrö","47",45,19,26
"Isokyrö","48",55,31,24
"Isokyrö","49",53,27,26
"Isokyrö","50",52,29,23
"Isokyrö","51",63,28,35
"Isokyrö","52",56,29,27
"Isokyrö","53",64,27,37
"Isokyrö","54",73,46,27
"Isokyrö","55",76,44,32
"Isokyrö","56",65,33,32
"Isokyrö","57",67,36,31
"Isokyrö","58",69,40,29
"Isokyrö","59",48,21,27
"Isokyrö","60",80,44,36
"Isokyrö","61",53,30,23
"Isokyrö","62",83,40,43
"Isokyrö","63",63,39,24
"Isokyrö","64",72,39,33
"Isokyrö","65",76,39,37
"Isokyrö","66",82,34,48
"Isokyrö","67",58,28,30
"Isokyrö","68",60,33,27
"Isokyrö","69",72,40,32
"Isokyrö","70",71,37,34
"Isokyrö","71",72,32,40
"Isokyrö","72",60,26,34
"Isokyrö","73",73,32,41
"Isokyrö","74",66,26,40
"Isokyrö","75",50,24,26
"Isokyrö","76",45,24,21
"Isokyrö","77",40,19,21
"Isokyrö","78",34,16,18
"Isokyrö","79",52,26,26
"Isokyrö","80",31,16,15
"Isokyrö","81",48,16,32
"Isokyrö","82",40,18,22
"Isokyrö","83",33,13,20
"Isokyrö","84",29,14,15
"Isokyrö","85",20,5,15
"Isokyrö","86",27,11,16
"Isokyrö","87",31,14,17
"Isokyrö","88",23,7,16
"Isokyrö","89",18,10,8
"Isokyrö","90",11,3,8
"Isokyrö","91",16,7,9
"Isokyrö","92",15,1,14
"Isokyrö","93",6,3,3
"Isokyrö","94",4,1,3
"Isokyrö","95",4,0,4
"Isokyrö","96",0,0,0
"Isokyrö","97",3,1,2
"Isokyrö","98",0,0,0
"Isokyrö","99",2,0,2
"Isokyrö","100 -",2,0,2
"Janakkala","0",117,57,60
"Janakkala","1",126,70,56
"Janakkala","2",150,77,73
"Janakkala","3",155,83,72
"Janakkala","4",152,73,79
"Janakkala","5",163,86,77
"Janakkala","6",194,109,85
"Janakkala","7",172,92,80
"Janakkala","8",180,91,89
"Janakkala","9",172,85,87
"Janakkala","10",197,107,90
"Janakkala","11",225,105,120
"Janakkala","12",189,100,89
"Janakkala","13",237,139,98
"Janakkala","14",202,103,99
"Janakkala","15",195,87,108
"Janakkala","16",196,109,87
"Janakkala","17",199,93,106
"Janakkala","18",178,96,82
"Janakkala","19",136,82,54
"Janakkala","20",129,89,40
"Janakkala","21",100,73,27
"Janakkala","22",77,49,28
"Janakkala","23",113,69,44
"Janakkala","24",103,55,48
"Janakkala","25",127,62,65
"Janakkala","26",132,65,67
"Janakkala","27",131,80,51
"Janakkala","28",144,76,68
"Janakkala","29",145,81,64
"Janakkala","30",186,88,98
"Janakkala","31",177,92,85
"Janakkala","32",163,97,66
"Janakkala","33",168,78,90
"Janakkala","34",182,90,92
"Janakkala","35",191,99,92
"Janakkala","36",178,79,99
"Janakkala","37",193,103,90
"Janakkala","38",194,96,98
"Janakkala","39",180,89,91
"Janakkala","40",219,98,121
"Janakkala","41",190,100,90
"Janakkala","42",198,105,93
"Janakkala","43",226,120,106
"Janakkala","44",207,95,112
"Janakkala","45",228,116,112
"Janakkala","46",204,111,93
"Janakkala","47",181,98,83
"Janakkala","48",236,128,108
"Janakkala","49",208,101,107
"Janakkala","50",249,129,120
"Janakkala","51",226,116,110
"Janakkala","52",255,133,122
"Janakkala","53",254,134,120
"Janakkala","54",240,124,116
"Janakkala","55",248,133,115
"Janakkala","56",225,116,109
"Janakkala","57",244,124,120
"Janakkala","58",252,132,120
"Janakkala","59",236,122,114
"Janakkala","60",231,124,107
"Janakkala","61",232,135,97
"Janakkala","62",196,91,105
"Janakkala","63",237,112,125
"Janakkala","64",242,119,123
"Janakkala","65",223,120,103
"Janakkala","66",213,100,113
"Janakkala","67",223,109,114
"Janakkala","68",218,106,112
"Janakkala","69",219,103,116
"Janakkala","70",216,84,132
"Janakkala","71",261,124,137
"Janakkala","72",226,118,108
"Janakkala","73",249,122,127
"Janakkala","74",200,101,99
"Janakkala","75",187,86,101
"Janakkala","76",140,72,68
"Janakkala","77",139,85,54
"Janakkala","78",106,42,64
"Janakkala","79",181,74,107
"Janakkala","80",120,53,67
"Janakkala","81",132,60,72
"Janakkala","82",127,63,64
"Janakkala","83",93,40,53
"Janakkala","84",98,38,60
"Janakkala","85",77,34,43
"Janakkala","86",67,28,39
"Janakkala","87",43,18,25
"Janakkala","88",57,17,40
"Janakkala","89",39,16,23
"Janakkala","90",38,18,20
"Janakkala","91",20,3,17
"Janakkala","92",30,6,24
"Janakkala","93",30,7,23
"Janakkala","94",12,2,10
"Janakkala","95",14,4,10
"Janakkala","96",10,4,6
"Janakkala","97",8,1,7
"Janakkala","98",3,0,3
"Janakkala","99",3,1,2
"Janakkala","100 -",3,0,3
"Joensuu","0",591,294,297
"Joensuu","1",542,261,281
"Joensuu","2",624,336,288
"Joensuu","3",642,336,306
"Joensuu","4",655,326,329
"Joensuu","5",722,377,345
"Joensuu","6",717,361,356
"Joensuu","7",701,355,346
"Joensuu","8",753,355,398
"Joensuu","9",787,411,376
"Joensuu","10",725,366,359
"Joensuu","11",737,360,377
"Joensuu","12",690,342,348
"Joensuu","13",710,368,342
"Joensuu","14",761,367,394
"Joensuu","15",725,361,364
"Joensuu","16",752,352,400
"Joensuu","17",783,386,397
"Joensuu","18",866,451,415
"Joensuu","19",1059,476,583
"Joensuu","20",1253,518,735
"Joensuu","21",1449,639,810
"Joensuu","22",1522,708,814
"Joensuu","23",1580,767,813
"Joensuu","24",1534,779,755
"Joensuu","25",1438,759,679
"Joensuu","26",1286,674,612
"Joensuu","27",1199,637,562
"Joensuu","28",1276,693,583
"Joensuu","29",1104,619,485
"Joensuu","30",1116,594,522
"Joensuu","31",1079,555,524
"Joensuu","32",1042,546,496
"Joensuu","33",974,516,458
"Joensuu","34",982,557,425
"Joensuu","35",956,488,468
"Joensuu","36",1007,530,477
"Joensuu","37",1021,543,478
"Joensuu","38",921,488,433
"Joensuu","39",895,488,407
"Joensuu","40",862,439,423
"Joensuu","41",813,417,396
"Joensuu","42",835,417,418
"Joensuu","43",747,374,373
"Joensuu","44",839,430,409
"Joensuu","45",781,403,378
"Joensuu","46",743,362,381
"Joensuu","47",687,339,348
"Joensuu","48",706,347,359
"Joensuu","49",710,353,357
"Joensuu","50",719,365,354
"Joensuu","51",730,361,369
"Joensuu","52",828,399,429
"Joensuu","53",792,388,404
"Joensuu","54",882,418,464
"Joensuu","55",916,462,454
"Joensuu","56",910,458,452
"Joensuu","57",1010,493,517
"Joensuu","58",958,432,526
"Joensuu","59",963,461,502
"Joensuu","60",986,462,524
"Joensuu","61",1032,496,536
"Joensuu","62",983,486,497
"Joensuu","63",1039,512,527
"Joensuu","64",996,465,531
"Joensuu","65",1070,505,565
"Joensuu","66",978,439,539
"Joensuu","67",1054,504,550
"Joensuu","68",1039,508,531
"Joensuu","69",940,476,464
"Joensuu","70",1026,506,520
"Joensuu","71",980,462,518
"Joensuu","72",956,427,529
"Joensuu","73",951,451,500
"Joensuu","74",851,389,462
"Joensuu","75",844,383,461
"Joensuu","76",606,271,335
"Joensuu","77",587,237,350
"Joensuu","78",466,195,271
"Joensuu","79",707,292,415
"Joensuu","80",438,168,270
"Joensuu","81",479,193,286
"Joensuu","82",479,186,293
"Joensuu","83",383,149,234
"Joensuu","84",372,122,250
"Joensuu","85",328,104,224
"Joensuu","86",303,103,200
"Joensuu","87",247,94,153
"Joensuu","88",252,82,170
"Joensuu","89",216,60,156
"Joensuu","90",180,42,138
"Joensuu","91",151,36,115
"Joensuu","92",127,28,99
"Joensuu","93",78,18,60
"Joensuu","94",65,20,45
"Joensuu","95",54,10,44
"Joensuu","96",35,6,29
"Joensuu","97",25,6,19
"Joensuu","98",9,2,7
"Joensuu","99",5,0,5
"Joensuu","100 -",11,2,9
"Jokioinen","0",29,13,16
"Jokioinen","1",28,16,12
"Jokioinen","2",40,24,16
"Jokioinen","3",35,15,20
"Jokioinen","4",38,25,13
"Jokioinen","5",48,20,28
"Jokioinen","6",51,24,27
"Jokioinen","7",49,23,26
"Jokioinen","8",56,32,24
"Jokioinen","9",59,33,26
"Jokioinen","10",66,35,31
"Jokioinen","11",55,28,27
"Jokioinen","12",64,33,31
"Jokioinen","13",56,28,28
"Jokioinen","14",69,25,44
"Jokioinen","15",63,33,30
"Jokioinen","16",68,26,42
"Jokioinen","17",67,30,37
"Jokioinen","18",66,38,28
"Jokioinen","19",44,31,13
"Jokioinen","20",35,21,14
"Jokioinen","21",27,17,10
"Jokioinen","22",24,14,10
"Jokioinen","23",34,20,14
"Jokioinen","24",38,22,16
"Jokioinen","25",37,15,22
"Jokioinen","26",33,17,16
"Jokioinen","27",39,20,19
"Jokioinen","28",37,20,17
"Jokioinen","29",35,19,16
"Jokioinen","30",45,23,22
"Jokioinen","31",44,20,24
"Jokioinen","32",39,18,21
"Jokioinen","33",48,21,27
"Jokioinen","34",37,24,13
"Jokioinen","35",57,32,25
"Jokioinen","36",43,20,23
"Jokioinen","37",66,33,33
"Jokioinen","38",55,32,23
"Jokioinen","39",62,26,36
"Jokioinen","40",48,23,25
"Jokioinen","41",54,26,28
"Jokioinen","42",58,35,23
"Jokioinen","43",70,34,36
"Jokioinen","44",68,30,38
"Jokioinen","45",80,39,41
"Jokioinen","46",75,29,46
"Jokioinen","47",55,30,25
"Jokioinen","48",50,26,24
"Jokioinen","49",71,43,28
"Jokioinen","50",65,28,37
"Jokioinen","51",85,42,43
"Jokioinen","52",84,36,48
"Jokioinen","53",74,38,36
"Jokioinen","54",73,42,31
"Jokioinen","55",78,35,43
"Jokioinen","56",80,41,39
"Jokioinen","57",77,35,42
"Jokioinen","58",79,43,36
"Jokioinen","59",74,33,41
"Jokioinen","60",77,38,39
"Jokioinen","61",80,40,40
"Jokioinen","62",76,38,38
"Jokioinen","63",87,40,47
"Jokioinen","64",83,43,40
"Jokioinen","65",75,42,33
"Jokioinen","66",77,47,30
"Jokioinen","67",97,40,57
"Jokioinen","68",90,48,42
"Jokioinen","69",83,42,41
"Jokioinen","70",81,38,43
"Jokioinen","71",82,45,37
"Jokioinen","72",81,40,41
"Jokioinen","73",74,30,44
"Jokioinen","74",77,45,32
"Jokioinen","75",57,36,21
"Jokioinen","76",49,19,30
"Jokioinen","77",48,19,29
"Jokioinen","78",24,8,16
"Jokioinen","79",43,18,25
"Jokioinen","80",30,8,22
"Jokioinen","81",36,16,20
"Jokioinen","82",39,13,26
"Jokioinen","83",40,17,23
"Jokioinen","84",21,7,14
"Jokioinen","85",29,16,13
"Jokioinen","86",22,10,12
"Jokioinen","87",22,8,14
"Jokioinen","88",24,7,17
"Jokioinen","89",8,1,7
"Jokioinen","90",17,7,10
"Jokioinen","91",17,3,14
"Jokioinen","92",9,1,8
"Jokioinen","93",6,2,4
"Jokioinen","94",7,3,4
"Jokioinen","95",4,2,2
"Jokioinen","96",3,0,3
"Jokioinen","97",1,0,1
"Jokioinen","98",0,0,0
"Jokioinen","99",1,0,1
"Jokioinen","100 -",0,0,0
"Jomala","0",75,35,40
"Jomala","1",72,31,41
"Jomala","2",85,42,43
"Jomala","3",70,35,35
"Jomala","4",80,40,40
"Jomala","5",72,44,28
"Jomala","6",77,40,37
"Jomala","7",77,39,38
"Jomala","8",81,46,35
"Jomala","9",82,39,43
"Jomala","10",85,49,36
"Jomala","11",79,42,37
"Jomala","12",78,49,29
"Jomala","13",74,42,32
"Jomala","14",76,37,39
"Jomala","15",66,28,38
"Jomala","16",82,42,40
"Jomala","17",64,35,29
"Jomala","18",50,24,26
"Jomala","19",51,29,22
"Jomala","20",37,24,13
"Jomala","21",40,19,21
"Jomala","22",44,21,23
"Jomala","23",28,14,14
"Jomala","24",37,20,17
"Jomala","25",40,21,19
"Jomala","26",42,13,29
"Jomala","27",68,33,35
"Jomala","28",78,35,43
"Jomala","29",78,31,47
"Jomala","30",99,51,48
"Jomala","31",66,36,30
"Jomala","32",79,44,35
"Jomala","33",69,27,42
"Jomala","34",76,36,40
"Jomala","35",77,42,35
"Jomala","36",63,35,28
"Jomala","37",77,37,40
"Jomala","38",81,36,45
"Jomala","39",104,53,51
"Jomala","40",82,45,37
"Jomala","41",88,49,39
"Jomala","42",92,43,49
"Jomala","43",77,39,38
"Jomala","44",84,41,43
"Jomala","45",73,43,30
"Jomala","46",82,39,43
"Jomala","47",79,42,37
"Jomala","48",91,52,39
"Jomala","49",76,46,30
"Jomala","50",69,24,45
"Jomala","51",60,24,36
"Jomala","52",77,40,37
"Jomala","53",80,35,45
"Jomala","54",75,44,31
"Jomala","55",97,49,48
"Jomala","56",82,39,43
"Jomala","57",52,28,24
"Jomala","58",52,26,26
"Jomala","59",59,33,26
"Jomala","60",54,25,29
"Jomala","61",61,28,33
"Jomala","62",66,27,39
"Jomala","63",51,22,29
"Jomala","64",52,29,23
"Jomala","65",54,27,27
"Jomala","66",54,29,25
"Jomala","67",64,40,24
"Jomala","68",51,24,27
"Jomala","69",50,23,27
"Jomala","70",42,20,22
"Jomala","71",41,18,23
"Jomala","72",53,27,26
"Jomala","73",42,20,22
"Jomala","74",52,22,30
"Jomala","75",49,29,20
"Jomala","76",25,12,13
"Jomala","77",32,19,13
"Jomala","78",33,18,15
"Jomala","79",23,15,8
"Jomala","80",24,14,10
"Jomala","81",13,4,9
"Jomala","82",16,8,8
"Jomala","83",15,10,5
"Jomala","84",17,7,10
"Jomala","85",9,4,5
"Jomala","86",10,6,4
"Jomala","87",10,4,6
"Jomala","88",10,6,4
"Jomala","89",6,2,4
"Jomala","90",4,1,3
"Jomala","91",1,0,1
"Jomala","92",2,2,0
"Jomala","93",6,3,3
"Jomala","94",2,1,1
"Jomala","95",3,1,2
"Jomala","96",1,0,1
"Jomala","97",0,0,0
"Jomala","98",0,0,0
"Jomala","99",2,0,2
"Jomala","100 -",0,0,0
"Joroinen","0",17,9,8
"Joroinen","1",34,12,22
"Joroinen","2",39,22,17
"Joroinen","3",38,20,18
"Joroinen","4",42,26,16
"Joroinen","5",31,16,15
"Joroinen","6",41,27,14
"Joroinen","7",41,24,17
"Joroinen","8",44,24,20
"Joroinen","9",57,34,23
"Joroinen","10",53,28,25
"Joroinen","11",48,24,24
"Joroinen","12",50,24,26
"Joroinen","13",41,20,21
"Joroinen","14",51,32,19
"Joroinen","15",58,36,22
"Joroinen","16",43,26,17
"Joroinen","17",47,25,22
"Joroinen","18",41,21,20
"Joroinen","19",31,21,10
"Joroinen","20",17,10,7
"Joroinen","21",17,8,9
"Joroinen","22",27,14,13
"Joroinen","23",22,11,11
"Joroinen","24",26,15,11
"Joroinen","25",32,13,19
"Joroinen","26",24,8,16
"Joroinen","27",47,25,22
"Joroinen","28",37,22,15
"Joroinen","29",50,29,21
"Joroinen","30",30,23,7
"Joroinen","31",39,27,12
"Joroinen","32",40,20,20
"Joroinen","33",35,16,19
"Joroinen","34",42,28,14
"Joroinen","35",45,19,26
"Joroinen","36",48,21,27
"Joroinen","37",62,26,36
"Joroinen","38",42,24,18
"Joroinen","39",50,24,26
"Joroinen","40",43,19,24
"Joroinen","41",49,29,20
"Joroinen","42",48,25,23
"Joroinen","43",55,28,27
"Joroinen","44",41,20,21
"Joroinen","45",48,21,27
"Joroinen","46",49,27,22
"Joroinen","47",50,27,23
"Joroinen","48",54,31,23
"Joroinen","49",55,31,24
"Joroinen","50",70,32,38
"Joroinen","51",63,30,33
"Joroinen","52",64,32,32
"Joroinen","53",61,28,33
"Joroinen","54",57,26,31
"Joroinen","55",72,41,31
"Joroinen","56",84,42,42
"Joroinen","57",75,42,33
"Joroinen","58",73,37,36
"Joroinen","59",96,47,49
"Joroinen","60",76,49,27
"Joroinen","61",94,44,50
"Joroinen","62",104,57,47
"Joroinen","63",85,52,33
"Joroinen","64",83,52,31
"Joroinen","65",95,46,49
"Joroinen","66",74,36,38
"Joroinen","67",77,45,32
"Joroinen","68",87,44,43
"Joroinen","69",80,33,47
"Joroinen","70",93,46,47
"Joroinen","71",89,49,40
"Joroinen","72",89,49,40
"Joroinen","73",79,37,42
"Joroinen","74",84,41,43
"Joroinen","75",65,35,30
"Joroinen","76",64,31,33
"Joroinen","77",55,23,32
"Joroinen","78",26,11,15
"Joroinen","79",51,19,32
"Joroinen","80",30,13,17
"Joroinen","81",53,18,35
"Joroinen","82",41,15,26
"Joroinen","83",34,13,21
"Joroinen","84",30,13,17
"Joroinen","85",27,10,17
"Joroinen","86",29,16,13
"Joroinen","87",19,5,14
"Joroinen","88",20,6,14
"Joroinen","89",17,7,10
"Joroinen","90",13,6,7
"Joroinen","91",16,3,13
"Joroinen","92",10,5,5
"Joroinen","93",7,1,6
"Joroinen","94",1,0,1
"Joroinen","95",2,0,2
"Joroinen","96",3,0,3
"Joroinen","97",0,0,0
"Joroinen","98",0,0,0
"Joroinen","99",0,0,0
"Joroinen","100 -",1,0,1
"Joutsa","0",16,4,12
"Joutsa","1",18,12,6
"Joutsa","2",12,7,5
"Joutsa","3",26,16,10
"Joutsa","4",15,8,7
"Joutsa","5",32,20,12
"Joutsa","6",38,22,16
"Joutsa","7",31,20,11
"Joutsa","8",30,14,16
"Joutsa","9",25,18,7
"Joutsa","10",43,29,14
"Joutsa","11",36,20,16
"Joutsa","12",40,27,13
"Joutsa","13",44,20,24
"Joutsa","14",47,22,25
"Joutsa","15",34,22,12
"Joutsa","16",46,20,26
"Joutsa","17",31,17,14
"Joutsa","18",28,15,13
"Joutsa","19",23,12,11
"Joutsa","20",20,13,7
"Joutsa","21",18,13,5
"Joutsa","22",12,7,5
"Joutsa","23",22,13,9
"Joutsa","24",22,16,6
"Joutsa","25",17,9,8
"Joutsa","26",24,16,8
"Joutsa","27",19,12,7
"Joutsa","28",16,9,7
"Joutsa","29",29,20,9
"Joutsa","30",28,16,12
"Joutsa","31",28,14,14
"Joutsa","32",26,10,16
"Joutsa","33",40,25,15
"Joutsa","34",26,11,15
"Joutsa","35",38,16,22
"Joutsa","36",40,24,16
"Joutsa","37",35,19,16
"Joutsa","38",35,22,13
"Joutsa","39",35,16,19
"Joutsa","40",35,21,14
"Joutsa","41",33,12,21
"Joutsa","42",37,25,12
"Joutsa","43",32,19,13
"Joutsa","44",32,19,13
"Joutsa","45",53,27,26
"Joutsa","46",41,23,18
"Joutsa","47",42,27,15
"Joutsa","48",40,19,21
"Joutsa","49",45,19,26
"Joutsa","50",51,26,25
"Joutsa","51",61,31,30
"Joutsa","52",63,36,27
"Joutsa","53",57,31,26
"Joutsa","54",77,42,35
"Joutsa","55",75,34,41
"Joutsa","56",61,30,31
"Joutsa","57",82,41,41
"Joutsa","58",68,37,31
"Joutsa","59",87,52,35
"Joutsa","60",87,57,30
"Joutsa","61",76,38,38
"Joutsa","62",73,38,35
"Joutsa","63",71,38,33
"Joutsa","64",89,40,49
"Joutsa","65",74,39,35
"Joutsa","66",78,48,30
"Joutsa","67",91,44,47
"Joutsa","68",92,48,44
"Joutsa","69",99,49,50
"Joutsa","70",88,46,42
"Joutsa","71",86,43,43
"Joutsa","72",102,51,51
"Joutsa","73",88,44,44
"Joutsa","74",98,52,46
"Joutsa","75",90,38,52
"Joutsa","76",55,27,28
"Joutsa","77",63,30,33
"Joutsa","78",44,21,23
"Joutsa","79",74,35,39
"Joutsa","80",47,21,26
"Joutsa","81",57,30,27
"Joutsa","82",41,17,24
"Joutsa","83",46,10,36
"Joutsa","84",40,8,32
"Joutsa","85",39,13,26
"Joutsa","86",35,13,22
"Joutsa","87",22,9,13
"Joutsa","88",30,10,20
"Joutsa","89",17,4,13
"Joutsa","90",30,13,17
"Joutsa","91",15,4,11
"Joutsa","92",12,6,6
"Joutsa","93",13,3,10
"Joutsa","94",5,1,4
"Joutsa","95",5,0,5
"Joutsa","96",2,1,1
"Joutsa","97",2,1,1
"Joutsa","98",1,1,0
"Joutsa","99",1,1,0
"Joutsa","100 -",2,0,2
"Juuka","0",19,11,8
"Juuka","1",23,8,15
"Juuka","2",23,11,12
"Juuka","3",19,5,14
"Juuka","4",24,12,12
"Juuka","5",32,17,15
"Juuka","6",24,11,13
"Juuka","7",28,13,15
"Juuka","8",22,14,8
"Juuka","9",27,19,8
"Juuka","10",38,17,21
"Juuka","11",32,20,12
"Juuka","12",43,25,18
"Juuka","13",49,26,23
"Juuka","14",38,19,19
"Juuka","15",60,30,30
"Juuka","16",38,12,26
"Juuka","17",46,32,14
"Juuka","18",36,16,20
"Juuka","19",16,11,5
"Juuka","20",20,18,2
"Juuka","21",18,9,9
"Juuka","22",19,12,7
"Juuka","23",23,13,10
"Juuka","24",18,10,8
"Juuka","25",35,14,21
"Juuka","26",26,14,12
"Juuka","27",14,6,8
"Juuka","28",24,13,11
"Juuka","29",29,16,13
"Juuka","30",30,14,16
"Juuka","31",31,20,11
"Juuka","32",36,18,18
"Juuka","33",30,16,14
"Juuka","34",27,16,11
"Juuka","35",30,10,20
"Juuka","36",35,18,17
"Juuka","37",45,27,18
"Juuka","38",38,23,15
"Juuka","39",37,24,13
"Juuka","40",42,21,21
"Juuka","41",43,22,21
"Juuka","42",36,23,13
"Juuka","43",34,19,15
"Juuka","44",39,19,20
"Juuka","45",44,23,21
"Juuka","46",32,15,17
"Juuka","47",36,16,20
"Juuka","48",36,20,16
"Juuka","49",44,24,20
"Juuka","50",46,21,25
"Juuka","51",52,27,25
"Juuka","52",59,29,30
"Juuka","53",53,20,33
"Juuka","54",84,38,46
"Juuka","55",81,48,33
"Juuka","56",83,44,39
"Juuka","57",90,52,38
"Juuka","58",78,43,35
"Juuka","59",99,57,42
"Juuka","60",102,52,50
"Juuka","61",102,45,57
"Juuka","62",89,44,45
"Juuka","63",109,62,47
"Juuka","64",108,63,45
"Juuka","65",94,47,47
"Juuka","66",111,58,53
"Juuka","67",92,51,41
"Juuka","68",89,57,32
"Juuka","69",85,42,43
"Juuka","70",90,52,38
"Juuka","71",111,62,49
"Juuka","72",108,53,55
"Juuka","73",86,40,46
"Juuka","74",75,35,40
"Juuka","75",87,48,39
"Juuka","76",55,27,28
"Juuka","77",69,35,34
"Juuka","78",35,12,23
"Juuka","79",68,38,30
"Juuka","80",47,19,28
"Juuka","81",51,25,26
"Juuka","82",45,27,18
"Juuka","83",41,16,25
"Juuka","84",42,14,28
"Juuka","85",33,11,22
"Juuka","86",44,14,30
"Juuka","87",15,9,6
"Juuka","88",24,14,10
"Juuka","89",26,9,17
"Juuka","90",20,7,13
"Juuka","91",21,7,14
"Juuka","92",16,5,11
"Juuka","93",7,1,6
"Juuka","94",7,3,4
"Juuka","95",7,2,5
"Juuka","96",1,0,1
"Juuka","97",1,0,1
"Juuka","98",0,0,0
"Juuka","99",0,0,0
"Juuka","100 -",1,0,1
"Juupajoki","0",8,4,4
"Juupajoki","1",9,5,4
"Juupajoki","2",12,3,9
"Juupajoki","3",13,7,6
"Juupajoki","4",14,10,4
"Juupajoki","5",12,9,3
"Juupajoki","6",21,12,9
"Juupajoki","7",18,10,8
"Juupajoki","8",26,12,14
"Juupajoki","9",18,9,9
"Juupajoki","10",20,11,9
"Juupajoki","11",18,8,10
"Juupajoki","12",24,13,11
"Juupajoki","13",15,7,8
"Juupajoki","14",17,9,8
"Juupajoki","15",29,15,14
"Juupajoki","16",17,13,4
"Juupajoki","17",24,17,7
"Juupajoki","18",14,8,6
"Juupajoki","19",13,5,8
"Juupajoki","20",7,5,2
"Juupajoki","21",9,6,3
"Juupajoki","22",6,3,3
"Juupajoki","23",10,6,4
"Juupajoki","24",11,5,6
"Juupajoki","25",10,6,4
"Juupajoki","26",11,9,2
"Juupajoki","27",10,7,3
"Juupajoki","28",14,8,6
"Juupajoki","29",13,7,6
"Juupajoki","30",11,3,8
"Juupajoki","31",16,8,8
"Juupajoki","32",19,10,9
"Juupajoki","33",15,7,8
"Juupajoki","34",11,5,6
"Juupajoki","35",21,8,13
"Juupajoki","36",27,14,13
"Juupajoki","37",26,13,13
"Juupajoki","38",18,9,9
"Juupajoki","39",14,8,6
"Juupajoki","40",18,6,12
"Juupajoki","41",24,11,13
"Juupajoki","42",25,15,10
"Juupajoki","43",18,10,8
"Juupajoki","44",27,16,11
"Juupajoki","45",18,8,10
"Juupajoki","46",21,11,10
"Juupajoki","47",20,14,6
"Juupajoki","48",15,10,5
"Juupajoki","49",15,12,3
"Juupajoki","50",22,14,8
"Juupajoki","51",23,10,13
"Juupajoki","52",21,4,17
"Juupajoki","53",19,13,6
"Juupajoki","54",24,11,13
"Juupajoki","55",30,17,13
"Juupajoki","56",25,10,15
"Juupajoki","57",22,8,14
"Juupajoki","58",31,12,19
"Juupajoki","59",23,11,12
"Juupajoki","60",25,14,11
"Juupajoki","61",35,17,18
"Juupajoki","62",37,22,15
"Juupajoki","63",27,19,8
"Juupajoki","64",29,15,14
"Juupajoki","65",26,11,15
"Juupajoki","66",33,21,12
"Juupajoki","67",31,20,11
"Juupajoki","68",44,30,14
"Juupajoki","69",33,13,20
"Juupajoki","70",33,19,14
"Juupajoki","71",43,20,23
"Juupajoki","72",27,20,7
"Juupajoki","73",29,15,14
"Juupajoki","74",26,17,9
"Juupajoki","75",24,12,12
"Juupajoki","76",17,6,11
"Juupajoki","77",19,8,11
"Juupajoki","78",22,6,16
"Juupajoki","79",18,10,8
"Juupajoki","80",17,10,7
"Juupajoki","81",19,7,12
"Juupajoki","82",15,5,10
"Juupajoki","83",13,11,2
"Juupajoki","84",17,10,7
"Juupajoki","85",16,4,12
"Juupajoki","86",10,5,5
"Juupajoki","87",11,4,7
"Juupajoki","88",5,2,3
"Juupajoki","89",6,1,5
"Juupajoki","90",5,2,3
"Juupajoki","91",1,0,1
"Juupajoki","92",8,1,7
"Juupajoki","93",5,1,4
"Juupajoki","94",2,0,2
"Juupajoki","95",4,1,3
"Juupajoki","96",2,1,1
"Juupajoki","97",2,2,0
"Juupajoki","98",1,0,1
"Juupajoki","99",1,1,0
"Juupajoki","100 -",0,0,0
"Juva","0",33,14,19
"Juva","1",24,9,15
"Juva","2",33,12,21
"Juva","3",49,26,23
"Juva","4",36,16,20
"Juva","5",41,18,23
"Juva","6",54,27,27
"Juva","7",43,18,25
"Juva","8",44,22,22
"Juva","9",55,28,27
"Juva","10",41,22,19
"Juva","11",53,31,22
"Juva","12",47,27,20
"Juva","13",62,37,25
"Juva","14",62,27,35
"Juva","15",60,36,24
"Juva","16",62,26,36
"Juva","17",50,29,21
"Juva","18",51,26,25
"Juva","19",57,31,26
"Juva","20",43,27,16
"Juva","21",18,12,6
"Juva","22",33,21,12
"Juva","23",33,23,10
"Juva","24",35,17,18
"Juva","25",33,17,16
"Juva","26",39,24,15
"Juva","27",37,25,12
"Juva","28",42,23,19
"Juva","29",28,17,11
"Juva","30",44,21,23
"Juva","31",34,17,17
"Juva","32",40,19,21
"Juva","33",48,29,19
"Juva","34",52,25,27
"Juva","35",52,28,24
"Juva","36",46,24,22
"Juva","37",57,28,29
"Juva","38",52,29,23
"Juva","39",44,23,21
"Juva","40",59,34,25
"Juva","41",58,30,28
"Juva","42",56,24,32
"Juva","43",50,23,27
"Juva","44",63,37,26
"Juva","45",45,20,25
"Juva","46",64,31,33
"Juva","47",50,27,23
"Juva","48",57,25,32
"Juva","49",65,38,27
"Juva","50",67,27,40
"Juva","51",57,31,26
"Juva","52",82,47,35
"Juva","53",78,38,40
"Juva","54",92,48,44
"Juva","55",96,45,51
"Juva","56",84,45,39
"Juva","57",110,62,48
"Juva","58",87,44,43
"Juva","59",106,45,61
"Juva","60",120,78,42
"Juva","61",110,53,57
"Juva","62",115,54,61
"Juva","63",105,59,46
"Juva","64",123,70,53
"Juva","65",117,58,59
"Juva","66",115,65,50
"Juva","67",132,73,59
"Juva","68",117,62,55
"Juva","69",94,54,40
"Juva","70",132,65,67
"Juva","71",118,61,57
"Juva","72",105,56,49
"Juva","73",117,57,60
"Juva","74",92,46,46
"Juva","75",92,54,38
"Juva","76",88,38,50
"Juva","77",88,39,49
"Juva","78",54,25,29
"Juva","79",92,45,47
"Juva","80",46,11,35
"Juva","81",83,35,48
"Juva","82",71,26,45
"Juva","83",56,24,32
"Juva","84",54,22,32
"Juva","85",59,29,30
"Juva","86",41,22,19
"Juva","87",37,8,29
"Juva","88",20,4,16
"Juva","89",24,8,16
"Juva","90",25,8,17
"Juva","91",27,12,15
"Juva","92",22,6,16
"Juva","93",20,3,17
"Juva","94",4,1,3
"Juva","95",9,2,7
"Juva","96",2,0,2
"Juva","97",4,0,4
"Juva","98",6,0,6
"Juva","99",3,0,3
"Juva","100 -",0,0,0
"Jyväskylä","0",1285,659,626
"Jyväskylä","1",1188,574,614
"Jyväskylä","2",1229,662,567
"Jyväskylä","3",1310,681,629
"Jyväskylä","4",1399,711,688
"Jyväskylä","5",1467,756,711
"Jyväskylä","6",1509,741,768
"Jyväskylä","7",1465,747,718
"Jyväskylä","8",1511,728,783
"Jyväskylä","9",1573,805,768
"Jyväskylä","10",1572,792,780
"Jyväskylä","11",1621,836,785
"Jyväskylä","12",1513,771,742
"Jyväskylä","13",1535,790,745
"Jyväskylä","14",1577,825,752
"Jyväskylä","15",1429,727,702
"Jyväskylä","16",1487,789,698
"Jyväskylä","17",1541,789,752
"Jyväskylä","18",1574,728,846
"Jyväskylä","19",1994,875,1119
"Jyväskylä","20",2377,1101,1276
"Jyväskylä","21",2794,1350,1444
"Jyväskylä","22",2803,1347,1456
"Jyväskylä","23",2882,1405,1477
"Jyväskylä","24",2920,1513,1407
"Jyväskylä","25",2792,1489,1303
"Jyväskylä","26",2737,1462,1275
"Jyväskylä","27",2551,1388,1163
"Jyväskylä","28",2513,1333,1180
"Jyväskylä","29",2364,1259,1105
"Jyväskylä","30",2284,1230,1054
"Jyväskylä","31",2194,1211,983
"Jyväskylä","32",2097,1104,993
"Jyväskylä","33",1854,966,888
"Jyväskylä","34",1988,1063,925
"Jyväskylä","35",1997,1038,959
"Jyväskylä","36",2091,1093,998
"Jyväskylä","37",1978,1042,936
"Jyväskylä","38",1940,1018,922
"Jyväskylä","39",1858,950,908
"Jyväskylä","40",1824,958,866
"Jyväskylä","41",1783,922,861
"Jyväskylä","42",1778,937,841
"Jyväskylä","43",1786,906,880
"Jyväskylä","44",1705,881,824
"Jyväskylä","45",1696,882,814
"Jyväskylä","46",1596,815,781
"Jyväskylä","47",1418,757,661
"Jyväskylä","48",1465,756,709
"Jyväskylä","49",1426,729,697
"Jyväskylä","50",1419,717,702
"Jyväskylä","51",1527,753,774
"Jyväskylä","52",1485,750,735
"Jyväskylä","53",1501,755,746
"Jyväskylä","54",1516,716,800
"Jyväskylä","55",1574,753,821
"Jyväskylä","56",1549,756,793
"Jyväskylä","57",1693,808,885
"Jyväskylä","58",1628,795,833
"Jyväskylä","59",1671,841,830
"Jyväskylä","60",1703,837,866
"Jyväskylä","61",1629,738,891
"Jyväskylä","62",1465,738,727
"Jyväskylä","63",1498,701,797
"Jyväskylä","64",1556,701,855
"Jyväskylä","65",1561,733,828
"Jyväskylä","66",1574,743,831
"Jyväskylä","67",1488,658,830
"Jyväskylä","68",1531,720,811
"Jyväskylä","69",1447,650,797
"Jyväskylä","70",1562,691,871
"Jyväskylä","71",1674,781,893
"Jyväskylä","72",1589,717,872
"Jyväskylä","73",1546,727,819
"Jyväskylä","74",1406,593,813
"Jyväskylä","75",1229,524,705
"Jyväskylä","76",975,403,572
"Jyväskylä","77",902,370,532
"Jyväskylä","78",689,292,397
"Jyväskylä","79",1060,485,575
"Jyväskylä","80",745,321,424
"Jyväskylä","81",832,333,499
"Jyväskylä","82",709,282,427
"Jyväskylä","83",596,223,373
"Jyväskylä","84",522,218,304
"Jyväskylä","85",477,188,289
"Jyväskylä","86",412,128,284
"Jyväskylä","87",356,115,241
"Jyväskylä","88",376,123,253
"Jyväskylä","89",305,101,204
"Jyväskylä","90",282,91,191
"Jyväskylä","91",204,55,149
"Jyväskylä","92",172,39,133
"Jyväskylä","93",142,24,118
"Jyväskylä","94",123,31,92
"Jyväskylä","95",86,22,64
"Jyväskylä","96",51,11,40
"Jyväskylä","97",39,3,36
"Jyväskylä","98",26,4,22
"Jyväskylä","99",27,6,21
"Jyväskylä","100 -",21,5,16
"Jämijärvi","0",11,5,6
"Jämijärvi","1",10,5,5
"Jämijärvi","2",8,5,3
"Jämijärvi","3",15,6,9
"Jämijärvi","4",9,4,5
"Jämijärvi","5",21,16,5
"Jämijärvi","6",24,6,18
"Jämijärvi","7",22,12,10
"Jämijärvi","8",19,10,9
"Jämijärvi","9",14,9,5
"Jämijärvi","10",23,9,14
"Jämijärvi","11",15,8,7
"Jämijärvi","12",22,10,12
"Jämijärvi","13",17,9,8
"Jämijärvi","14",19,12,7
"Jämijärvi","15",16,9,7
"Jämijärvi","16",24,14,10
"Jämijärvi","17",18,14,4
"Jämijärvi","18",14,7,7
"Jämijärvi","19",11,6,5
"Jämijärvi","20",14,10,4
"Jämijärvi","21",13,5,8
"Jämijärvi","22",8,4,4
"Jämijärvi","23",18,13,5
"Jämijärvi","24",7,4,3
"Jämijärvi","25",6,3,3
"Jämijärvi","26",14,6,8
"Jämijärvi","27",14,5,9
"Jämijärvi","28",12,7,5
"Jämijärvi","29",15,9,6
"Jämijärvi","30",14,9,5
"Jämijärvi","31",15,10,5
"Jämijärvi","32",16,10,6
"Jämijärvi","33",13,5,8
"Jämijärvi","34",11,5,6
"Jämijärvi","35",11,4,7
"Jämijärvi","36",20,13,7
"Jämijärvi","37",15,9,6
"Jämijärvi","38",15,8,7
"Jämijärvi","39",17,6,11
"Jämijärvi","40",17,6,11
"Jämijärvi","41",19,8,11
"Jämijärvi","42",19,9,10
"Jämijärvi","43",15,8,7
"Jämijärvi","44",16,9,7
"Jämijärvi","45",23,13,10
"Jämijärvi","46",25,10,15
"Jämijärvi","47",17,7,10
"Jämijärvi","48",15,9,6
"Jämijärvi","49",21,10,11
"Jämijärvi","50",16,9,7
"Jämijärvi","51",20,9,11
"Jämijärvi","52",21,10,11
"Jämijärvi","53",22,12,10
"Jämijärvi","54",26,17,9
"Jämijärvi","55",24,11,13
"Jämijärvi","56",28,14,14
"Jämijärvi","57",26,14,12
"Jämijärvi","58",17,12,5
"Jämijärvi","59",31,11,20
"Jämijärvi","60",30,16,14
"Jämijärvi","61",28,14,14
"Jämijärvi","62",34,20,14
"Jämijärvi","63",33,21,12
"Jämijärvi","64",24,12,12
"Jämijärvi","65",29,17,12
"Jämijärvi","66",28,14,14
"Jämijärvi","67",32,20,12
"Jämijärvi","68",47,20,27
"Jämijärvi","69",36,19,17
"Jämijärvi","70",29,15,14
"Jämijärvi","71",32,23,9
"Jämijärvi","72",26,14,12
"Jämijärvi","73",33,15,18
"Jämijärvi","74",22,15,7
"Jämijärvi","75",24,12,12
"Jämijärvi","76",20,8,12
"Jämijärvi","77",11,4,7
"Jämijärvi","78",12,5,7
"Jämijärvi","79",22,8,14
"Jämijärvi","80",18,7,11
"Jämijärvi","81",12,5,7
"Jämijärvi","82",10,4,6
"Jämijärvi","83",13,5,8
"Jämijärvi","84",14,6,8
"Jämijärvi","85",7,4,3
"Jämijärvi","86",12,8,4
"Jämijärvi","87",7,2,5
"Jämijärvi","88",6,1,5
"Jämijärvi","89",5,2,3
"Jämijärvi","90",7,3,4
"Jämijärvi","91",6,1,5
"Jämijärvi","92",2,0,2
"Jämijärvi","93",2,1,1
"Jämijärvi","94",6,2,4
"Jämijärvi","95",3,2,1
"Jämijärvi","96",4,1,3
"Jämijärvi","97",1,0,1
"Jämijärvi","98",1,0,1
"Jämijärvi","99",1,0,1
"Jämijärvi","100 -",0,0,0
"Jämsä","0",101,52,49
"Jämsä","1",80,50,30
"Jämsä","2",134,63,71
"Jämsä","3",113,56,57
"Jämsä","4",136,75,61
"Jämsä","5",159,87,72
"Jämsä","6",160,82,78
"Jämsä","7",169,84,85
"Jämsä","8",206,111,95
"Jämsä","9",202,91,111
"Jämsä","10",211,99,112
"Jämsä","11",213,116,97
"Jämsä","12",204,116,88
"Jämsä","13",216,111,105
"Jämsä","14",205,98,107
"Jämsä","15",202,105,97
"Jämsä","16",200,92,108
"Jämsä","17",194,98,96
"Jämsä","18",219,118,101
"Jämsä","19",194,103,91
"Jämsä","20",168,104,64
"Jämsä","21",163,100,63
"Jämsä","22",147,88,59
"Jämsä","23",143,80,63
"Jämsä","24",149,91,58
"Jämsä","25",129,72,57
"Jämsä","26",138,82,56
"Jämsä","27",133,76,57
"Jämsä","28",156,88,68
"Jämsä","29",133,72,61
"Jämsä","30",153,86,67
"Jämsä","31",140,77,63
"Jämsä","32",164,89,75
"Jämsä","33",137,70,67
"Jämsä","34",145,72,73
"Jämsä","35",166,87,79
"Jämsä","36",187,80,107
"Jämsä","37",206,111,95
"Jämsä","38",190,98,92
"Jämsä","39",197,107,90
"Jämsä","40",187,101,86
"Jämsä","41",208,107,101
"Jämsä","42",216,106,110
"Jämsä","43",258,134,124
"Jämsä","44",215,111,104
"Jämsä","45",210,110,100
"Jämsä","46",238,123,115
"Jämsä","47",192,91,101
"Jämsä","48",189,91,98
"Jämsä","49",235,124,111
"Jämsä","50",246,119,127
"Jämsä","51",253,135,118
"Jämsä","52",285,137,148
"Jämsä","53",284,157,127
"Jämsä","54",321,159,162
"Jämsä","55",283,149,134
"Jämsä","56",332,174,158
"Jämsä","57",319,173,146
"Jämsä","58",324,162,162
"Jämsä","59",328,168,160
"Jämsä","60",285,145,140
"Jämsä","61",359,198,161
"Jämsä","62",324,161,163
"Jämsä","63",359,184,175
"Jämsä","64",348,169,179
"Jämsä","65",346,181,165
"Jämsä","66",352,180,172
"Jämsä","67",327,165,162
"Jämsä","68",348,169,179
"Jämsä","69",301,163,138
"Jämsä","70",383,188,195
"Jämsä","71",351,165,186
"Jämsä","72",369,183,186
"Jämsä","73",366,179,187
"Jämsä","74",374,186,188
"Jämsä","75",318,143,175
"Jämsä","76",252,108,144
"Jämsä","77",218,101,117
"Jämsä","78",184,91,93
"Jämsä","79",254,121,133
"Jämsä","80",168,73,95
"Jämsä","81",199,95,104
"Jämsä","82",183,72,111
"Jämsä","83",179,67,112
"Jämsä","84",143,56,87
"Jämsä","85",131,51,80
"Jämsä","86",104,41,63
"Jämsä","87",103,39,64
"Jämsä","88",97,46,51
"Jämsä","89",75,24,51
"Jämsä","90",64,16,48
"Jämsä","91",63,10,53
"Jämsä","92",57,13,44
"Jämsä","93",35,7,28
"Jämsä","94",18,8,10
"Jämsä","95",30,6,24
"Jämsä","96",13,3,10
"Jämsä","97",11,3,8
"Jämsä","98",4,1,3
"Jämsä","99",4,1,3
"Jämsä","100 -",3,1,2
"Järvenpää","0",428,202,226
"Järvenpää","1",421,211,210
"Järvenpää","2",438,217,221
"Järvenpää","3",462,241,221
"Järvenpää","4",511,270,241
"Järvenpää","5",510,254,256
"Järvenpää","6",496,253,243
"Järvenpää","7",535,282,253
"Järvenpää","8",514,289,225
"Järvenpää","9",547,278,269
"Järvenpää","10",523,275,248
"Järvenpää","11",536,275,261
"Järvenpää","12",566,280,286
"Järvenpää","13",473,237,236
"Järvenpää","14",503,245,258
"Järvenpää","15",492,253,239
"Järvenpää","16",529,257,272
"Järvenpää","17",511,273,238
"Järvenpää","18",479,218,261
"Järvenpää","19",543,271,272
"Järvenpää","20",466,237,229
"Järvenpää","21",518,285,233
"Järvenpää","22",447,236,211
"Järvenpää","23",472,238,234
"Järvenpää","24",474,242,232
"Järvenpää","25",575,309,266
"Järvenpää","26",628,305,323
"Järvenpää","27",634,315,319
"Järvenpää","28",647,344,303
"Järvenpää","29",668,343,325
"Järvenpää","30",625,327,298
"Järvenpää","31",586,281,305
"Järvenpää","32",608,308,300
"Järvenpää","33",570,313,257
"Järvenpää","34",610,320,290
"Järvenpää","35",637,324,313
"Järvenpää","36",627,318,309
"Järvenpää","37",703,330,373
"Järvenpää","38",681,350,331
"Järvenpää","39",631,339,292
"Järvenpää","40",558,310,248
"Järvenpää","41",585,287,298
"Järvenpää","42",575,299,276
"Järvenpää","43",611,314,297
"Järvenpää","44",566,288,278
"Järvenpää","45",602,312,290
"Järvenpää","46",528,249,279
"Järvenpää","47",535,269,266
"Järvenpää","48",476,268,208
"Järvenpää","49",499,235,264
"Järvenpää","50",497,228,269
"Järvenpää","51",558,271,287
"Järvenpää","52",583,290,293
"Järvenpää","53",589,243,346
"Järvenpää","54",620,303,317
"Järvenpää","55",608,290,318
"Järvenpää","56",628,296,332
"Järvenpää","57",597,287,310
"Järvenpää","58",621,314,307
"Järvenpää","59",606,307,299
"Järvenpää","60",577,263,314
"Järvenpää","61",544,254,290
"Järvenpää","62",498,228,270
"Järvenpää","63",587,290,297
"Järvenpää","64",585,265,320
"Järvenpää","65",538,232,306
"Järvenpää","66",578,283,295
"Järvenpää","67",471,196,275
"Järvenpää","68",521,236,285
"Järvenpää","69",515,236,279
"Järvenpää","70",509,222,287
"Järvenpää","71",515,229,286
"Järvenpää","72",531,220,311
"Järvenpää","73",499,221,278
"Järvenpää","74",522,209,313
"Järvenpää","75",405,190,215
"Järvenpää","76",317,132,185
"Järvenpää","77",276,123,153
"Järvenpää","78",199,82,117
"Järvenpää","79",294,128,166
"Järvenpää","80",197,75,122
"Järvenpää","81",226,85,141
"Järvenpää","82",201,67,134
"Järvenpää","83",169,68,101
"Järvenpää","84",153,57,96
"Järvenpää","85",140,50,90
"Järvenpää","86",101,36,65
"Järvenpää","87",87,34,53
"Järvenpää","88",84,25,59
"Järvenpää","89",85,24,61
"Järvenpää","90",82,29,53
"Järvenpää","91",47,10,37
"Järvenpää","92",41,10,31
"Järvenpää","93",26,8,18
"Järvenpää","94",20,3,17
"Järvenpää","95",21,2,19
"Järvenpää","96",8,3,5
"Järvenpää","97",6,1,5
"Järvenpää","98",6,2,4
"Järvenpää","99",4,0,4
"Järvenpää","100 -",4,0,4
"Kaarina","0",319,191,128
"Kaarina","1",402,210,192
"Kaarina","2",391,208,183
"Kaarina","3",390,197,193
"Kaarina","4",421,220,201
"Kaarina","5",428,205,223
"Kaarina","6",434,218,216
"Kaarina","7",433,214,219
"Kaarina","8",432,229,203
"Kaarina","9",460,238,222
"Kaarina","10",510,263,247
"Kaarina","11",468,242,226
"Kaarina","12",457,239,218
"Kaarina","13",427,207,220
"Kaarina","14",458,236,222
"Kaarina","15",424,212,212
"Kaarina","16",445,219,226
"Kaarina","17",390,204,186
"Kaarina","18",360,195,165
"Kaarina","19",351,208,143
"Kaarina","20",257,134,123
"Kaarina","21",221,133,88
"Kaarina","22",187,106,81
"Kaarina","23",218,117,101
"Kaarina","24",240,121,119
"Kaarina","25",256,124,132
"Kaarina","26",309,154,155
"Kaarina","27",314,144,170
"Kaarina","28",397,181,216
"Kaarina","29",395,165,230
"Kaarina","30",433,205,228
"Kaarina","31",412,193,219
"Kaarina","32",423,221,202
"Kaarina","33",418,218,200
"Kaarina","34",415,202,213
"Kaarina","35",494,240,254
"Kaarina","36",476,247,229
"Kaarina","37",475,238,237
"Kaarina","38",472,204,268
"Kaarina","39",482,227,255
"Kaarina","40",547,287,260
"Kaarina","41",510,230,280
"Kaarina","42",505,239,266
"Kaarina","43",522,247,275
"Kaarina","44",513,256,257
"Kaarina","45",506,251,255
"Kaarina","46",530,255,275
"Kaarina","47",414,225,189
"Kaarina","48",417,225,192
"Kaarina","49",477,247,230
"Kaarina","50",451,230,221
"Kaarina","51",448,231,217
"Kaarina","52",486,221,265
"Kaarina","53",478,223,255
"Kaarina","54",540,263,277
"Kaarina","55",464,256,208
"Kaarina","56",508,265,243
"Kaarina","57",456,203,253
"Kaarina","58",406,193,213
"Kaarina","59",443,225,218
"Kaarina","60",435,215,220
"Kaarina","61",388,192,196
"Kaarina","62",395,199,196
"Kaarina","63",384,177,207
"Kaarina","64",415,212,203
"Kaarina","65",397,180,217
"Kaarina","66",456,221,235
"Kaarina","67",367,159,208
"Kaarina","68",392,189,203
"Kaarina","69",432,173,259
"Kaarina","70",439,189,250
"Kaarina","71",440,208,232
"Kaarina","72",426,201,225
"Kaarina","73",429,206,223
"Kaarina","74",422,186,236
"Kaarina","75",377,171,206
"Kaarina","76",294,138,156
"Kaarina","77",283,125,158
"Kaarina","78",209,102,107
"Kaarina","79",293,139,154
"Kaarina","80",184,87,97
"Kaarina","81",216,76,140
"Kaarina","82",213,82,131
"Kaarina","83",147,59,88
"Kaarina","84",140,55,85
"Kaarina","85",142,61,81
"Kaarina","86",124,54,70
"Kaarina","87",87,40,47
"Kaarina","88",91,29,62
"Kaarina","89",78,24,54
"Kaarina","90",63,17,46
"Kaarina","91",58,17,41
"Kaarina","92",35,9,26
"Kaarina","93",29,9,20
"Kaarina","94",22,6,16
"Kaarina","95",20,3,17
"Kaarina","96",10,4,6
"Kaarina","97",9,3,6
"Kaarina","98",4,1,3
"Kaarina","99",3,1,2
"Kaarina","100 -",4,1,3
"Kaavi","0",19,7,12
"Kaavi","1",13,5,8
"Kaavi","2",12,9,3
"Kaavi","3",8,2,6
"Kaavi","4",16,10,6
"Kaavi","5",25,11,14
"Kaavi","6",22,14,8
"Kaavi","7",26,13,13
"Kaavi","8",21,8,13
"Kaavi","9",27,12,15
"Kaavi","10",24,10,14
"Kaavi","11",21,10,11
"Kaavi","12",24,16,8
"Kaavi","13",28,19,9
"Kaavi","14",26,12,14
"Kaavi","15",31,14,17
"Kaavi","16",34,14,20
"Kaavi","17",30,18,12
"Kaavi","18",20,6,14
"Kaavi","19",20,13,7
"Kaavi","20",10,8,2
"Kaavi","21",18,10,8
"Kaavi","22",10,5,5
"Kaavi","23",11,8,3
"Kaavi","24",16,11,5
"Kaavi","25",12,5,7
"Kaavi","26",23,12,11
"Kaavi","27",19,9,10
"Kaavi","28",16,8,8
"Kaavi","29",18,9,9
"Kaavi","30",25,14,11
"Kaavi","31",8,5,3
"Kaavi","32",19,11,8
"Kaavi","33",22,14,8
"Kaavi","34",21,10,11
"Kaavi","35",22,10,12
"Kaavi","36",25,11,14
"Kaavi","37",23,17,6
"Kaavi","38",24,9,15
"Kaavi","39",25,19,6
"Kaavi","40",31,18,13
"Kaavi","41",20,8,12
"Kaavi","42",18,8,10
"Kaavi","43",29,10,19
"Kaavi","44",24,17,7
"Kaavi","45",33,20,13
"Kaavi","46",16,8,8
"Kaavi","47",38,20,18
"Kaavi","48",35,18,17
"Kaavi","49",28,16,12
"Kaavi","50",34,17,17
"Kaavi","51",41,20,21
"Kaavi","52",50,31,19
"Kaavi","53",45,22,23
"Kaavi","54",44,21,23
"Kaavi","55",50,29,21
"Kaavi","56",41,17,24
"Kaavi","57",62,39,23
"Kaavi","58",45,29,16
"Kaavi","59",45,29,16
"Kaavi","60",47,23,24
"Kaavi","61",54,31,23
"Kaavi","62",52,20,32
"Kaavi","63",56,28,28
"Kaavi","64",53,27,26
"Kaavi","65",49,31,18
"Kaavi","66",58,26,32
"Kaavi","67",52,27,25
"Kaavi","68",52,26,26
"Kaavi","69",45,25,20
"Kaavi","70",49,25,24
"Kaavi","71",64,26,38
"Kaavi","72",47,23,24
"Kaavi","73",58,30,28
"Kaavi","74",67,27,40
"Kaavi","75",43,26,17
"Kaavi","76",36,17,19
"Kaavi","77",29,17,12
"Kaavi","78",29,12,17
"Kaavi","79",54,33,21
"Kaavi","80",27,11,16
"Kaavi","81",38,17,21
"Kaavi","82",28,11,17
"Kaavi","83",33,9,24
"Kaavi","84",14,3,11
"Kaavi","85",24,10,14
"Kaavi","86",17,5,12
"Kaavi","87",16,3,13
"Kaavi","88",13,3,10
"Kaavi","89",21,8,13
"Kaavi","90",12,4,8
"Kaavi","91",5,2,3
"Kaavi","92",1,0,1
"Kaavi","93",6,2,4
"Kaavi","94",7,3,4
"Kaavi","95",2,1,1
"Kaavi","96",3,1,2
"Kaavi","97",2,1,1
"Kaavi","98",0,0,0
"Kaavi","99",0,0,0
"Kaavi","100 -",1,0,1
"Kajaani","0",275,130,145
"Kajaani","1",265,132,133
"Kajaani","2",317,159,158
"Kajaani","3",315,156,159
"Kajaani","4",371,184,187
"Kajaani","5",355,189,166
"Kajaani","6",427,212,215
"Kajaani","7",399,193,206
"Kajaani","8",426,195,231
"Kajaani","9",407,221,186
"Kajaani","10",429,226,203
"Kajaani","11",441,221,220
"Kajaani","12",443,231,212
"Kajaani","13",402,192,210
"Kajaani","14",426,230,196
"Kajaani","15",422,229,193
"Kajaani","16",357,183,174
"Kajaani","17",415,202,213
"Kajaani","18",427,244,183
"Kajaani","19",448,229,219
"Kajaani","20",447,248,199
"Kajaani","21",503,295,208
"Kajaani","22",455,268,187
"Kajaani","23",452,268,184
"Kajaani","24",492,282,210
"Kajaani","25",417,236,181
"Kajaani","26",474,261,213
"Kajaani","27",460,246,214
"Kajaani","28",441,226,215
"Kajaani","29",429,236,193
"Kajaani","30",458,248,210
"Kajaani","31",451,250,201
"Kajaani","32",442,219,223
"Kajaani","33",442,225,217
"Kajaani","34",439,241,198
"Kajaani","35",442,236,206
"Kajaani","36",459,236,223
"Kajaani","37",509,275,234
"Kajaani","38",455,249,206
"Kajaani","39",403,220,183
"Kajaani","40",405,208,197
"Kajaani","41",412,210,202
"Kajaani","42",377,201,176
"Kajaani","43",381,183,198
"Kajaani","44",402,194,208
"Kajaani","45",382,211,171
"Kajaani","46",388,203,185
"Kajaani","47",307,156,151
"Kajaani","48",340,179,161
"Kajaani","49",360,170,190
"Kajaani","50",380,198,182
"Kajaani","51",395,197,198
"Kajaani","52",412,202,210
"Kajaani","53",443,222,221
"Kajaani","54",396,178,218
"Kajaani","55",450,216,234
"Kajaani","56",515,264,251
"Kajaani","57",500,245,255
"Kajaani","58",539,268,271
"Kajaani","59",528,243,285
"Kajaani","60",546,254,292
"Kajaani","61",529,260,269
"Kajaani","62",483,236,247
"Kajaani","63",549,262,287
"Kajaani","64",538,260,278
"Kajaani","65",564,292,272
"Kajaani","66",550,278,272
"Kajaani","67",530,262,268
"Kajaani","68",559,272,287
"Kajaani","69",503,243,260
"Kajaani","70",501,239,262
"Kajaani","71",455,222,233
"Kajaani","72",489,237,252
"Kajaani","73",458,207,251
"Kajaani","74",443,202,241
"Kajaani","75",372,163,209
"Kajaani","76",261,110,151
"Kajaani","77",276,119,157
"Kajaani","78",226,94,132
"Kajaani","79",353,150,203
"Kajaani","80",213,94,119
"Kajaani","81",275,102,173
"Kajaani","82",248,107,141
"Kajaani","83",213,80,133
"Kajaani","84",195,74,121
"Kajaani","85",194,80,114
"Kajaani","86",126,45,81
"Kajaani","87",130,39,91
"Kajaani","88",121,42,79
"Kajaani","89",123,41,82
"Kajaani","90",108,35,73
"Kajaani","91",76,20,56
"Kajaani","92",59,10,49
"Kajaani","93",47,14,33
"Kajaani","94",33,9,24
"Kajaani","95",25,9,16
"Kajaani","96",12,4,8
"Kajaani","97",10,2,8
"Kajaani","98",7,0,7
"Kajaani","99",6,0,6
"Kajaani","100 -",12,0,12
"Kalajoki","0",123,67,56
"Kalajoki","1",112,57,55
"Kalajoki","2",117,53,64
"Kalajoki","3",137,62,75
"Kalajoki","4",133,80,53
"Kalajoki","5",137,66,71
"Kalajoki","6",167,85,82
"Kalajoki","7",155,80,75
"Kalajoki","8",168,86,82
"Kalajoki","9",171,84,87
"Kalajoki","10",158,83,75
"Kalajoki","11",162,85,77
"Kalajoki","12",164,84,80
"Kalajoki","13",181,95,86
"Kalajoki","14",157,77,80
"Kalajoki","15",168,89,79
"Kalajoki","16",171,77,94
"Kalajoki","17",160,74,86
"Kalajoki","18",142,68,74
"Kalajoki","19",110,60,50
"Kalajoki","20",113,70,43
"Kalajoki","21",92,55,37
"Kalajoki","22",77,48,29
"Kalajoki","23",92,49,43
"Kalajoki","24",90,45,45
"Kalajoki","25",104,56,48
"Kalajoki","26",114,60,54
"Kalajoki","27",104,60,44
"Kalajoki","28",114,46,68
"Kalajoki","29",132,72,60
"Kalajoki","30",123,73,50
"Kalajoki","31",132,63,69
"Kalajoki","32",116,64,52
"Kalajoki","33",132,56,76
"Kalajoki","34",135,74,61
"Kalajoki","35",141,69,72
"Kalajoki","36",127,72,55
"Kalajoki","37",143,65,78
"Kalajoki","38",151,83,68
"Kalajoki","39",149,70,79
"Kalajoki","40",124,62,62
"Kalajoki","41",136,67,69
"Kalajoki","42",134,61,73
"Kalajoki","43",145,85,60
"Kalajoki","44",122,70,52
"Kalajoki","45",137,69,68
"Kalajoki","46",133,60,73
"Kalajoki","47",114,71,43
"Kalajoki","48",143,77,66
"Kalajoki","49",124,62,62
"Kalajoki","50",138,71,67
"Kalajoki","51",171,90,81
"Kalajoki","52",132,72,60
"Kalajoki","53",162,86,76
"Kalajoki","54",159,86,73
"Kalajoki","55",169,80,89
"Kalajoki","56",177,96,81
"Kalajoki","57",168,79,89
"Kalajoki","58",198,99,99
"Kalajoki","59",153,79,74
"Kalajoki","60",165,83,82
"Kalajoki","61",168,80,88
"Kalajoki","62",189,103,86
"Kalajoki","63",156,89,67
"Kalajoki","64",163,81,82
"Kalajoki","65",202,92,110
"Kalajoki","66",179,85,94
"Kalajoki","67",183,93,90
"Kalajoki","68",177,77,100
"Kalajoki","69",201,115,86
"Kalajoki","70",173,103,70
"Kalajoki","71",200,100,100
"Kalajoki","72",182,96,86
"Kalajoki","73",171,84,87
"Kalajoki","74",179,86,93
"Kalajoki","75",135,62,73
"Kalajoki","76",124,54,70
"Kalajoki","77",117,56,61
"Kalajoki","78",78,31,47
"Kalajoki","79",135,62,73
"Kalajoki","80",76,43,33
"Kalajoki","81",87,36,51
"Kalajoki","82",86,45,41
"Kalajoki","83",79,36,43
"Kalajoki","84",82,27,55
"Kalajoki","85",59,22,37
"Kalajoki","86",48,18,30
"Kalajoki","87",52,21,31
"Kalajoki","88",41,17,24
"Kalajoki","89",47,20,27
"Kalajoki","90",40,19,21
"Kalajoki","91",25,5,20
"Kalajoki","92",33,11,22
"Kalajoki","93",8,1,7
"Kalajoki","94",17,4,13
"Kalajoki","95",13,5,8
"Kalajoki","96",5,2,3
"Kalajoki","97",4,0,4
"Kalajoki","98",1,0,1
"Kalajoki","99",4,0,4
"Kalajoki","100 -",3,2,1
"Kangasala","0",279,131,148
"Kangasala","1",330,174,156
"Kangasala","2",306,153,153
"Kangasala","3",347,172,175
"Kangasala","4",427,209,218
"Kangasala","5",405,216,189
"Kangasala","6",401,209,192
"Kangasala","7",434,222,212
"Kangasala","8",446,223,223
"Kangasala","9",421,194,227
"Kangasala","10",452,224,228
"Kangasala","11",470,238,232
"Kangasala","12",438,215,223
"Kangasala","13",470,239,231
"Kangasala","14",445,234,211
"Kangasala","15",436,229,207
"Kangasala","16",446,215,231
"Kangasala","17",402,206,196
"Kangasala","18",385,224,161
"Kangasala","19",337,179,158
"Kangasala","20",256,142,114
"Kangasala","21",203,119,84
"Kangasala","22",221,132,89
"Kangasala","23",226,119,107
"Kangasala","24",230,132,98
"Kangasala","25",230,128,102
"Kangasala","26",309,157,152
"Kangasala","27",285,137,148
"Kangasala","28",331,170,161
"Kangasala","29",306,153,153
"Kangasala","30",341,170,171
"Kangasala","31",407,214,193
"Kangasala","32",383,186,197
"Kangasala","33",363,185,178
"Kangasala","34",380,194,186
"Kangasala","35",382,201,181
"Kangasala","36",418,209,209
"Kangasala","37",456,230,226
"Kangasala","38",448,210,238
"Kangasala","39",460,220,240
"Kangasala","40",435,224,211
"Kangasala","41",419,195,224
"Kangasala","42",437,219,218
"Kangasala","43",482,253,229
"Kangasala","44",494,237,257
"Kangasala","45",485,239,246
"Kangasala","46",463,237,226
"Kangasala","47",407,196,211
"Kangasala","48",445,226,219
"Kangasala","49",432,226,206
"Kangasala","50",464,254,210
"Kangasala","51",445,216,229
"Kangasala","52",441,220,221
"Kangasala","53",449,226,223
"Kangasala","54",423,216,207
"Kangasala","55",418,215,203
"Kangasala","56",435,211,224
"Kangasala","57",472,253,219
"Kangasala","58",395,211,184
"Kangasala","59",408,206,202
"Kangasala","60",384,197,187
"Kangasala","61",402,210,192
"Kangasala","62",371,172,199
"Kangasala","63",389,198,191
"Kangasala","64",365,178,187
"Kangasala","65",343,162,181
"Kangasala","66",399,189,210
"Kangasala","67",394,182,212
"Kangasala","68",419,226,193
"Kangasala","69",376,177,199
"Kangasala","70",358,167,191
"Kangasala","71",364,164,200
"Kangasala","72",406,186,220
"Kangasala","73",371,184,187
"Kangasala","74",375,160,215
"Kangasala","75",321,147,174
"Kangasala","76",250,121,129
"Kangasala","77",260,100,160
"Kangasala","78",217,91,126
"Kangasala","79",257,128,129
"Kangasala","80",182,83,99
"Kangasala","81",205,86,119
"Kangasala","82",209,96,113
"Kangasala","83",162,75,87
"Kangasala","84",165,70,95
"Kangasala","85",106,42,64
"Kangasala","86",93,38,55
"Kangasala","87",96,33,63
"Kangasala","88",93,32,61
"Kangasala","89",71,30,41
"Kangasala","90",60,18,42
"Kangasala","91",48,18,30
"Kangasala","92",40,20,20
"Kangasala","93",33,5,28
"Kangasala","94",25,4,21
"Kangasala","95",18,4,14
"Kangasala","96",11,2,9
"Kangasala","97",6,1,5
"Kangasala","98",4,1,3
"Kangasala","99",2,0,2
"Kangasala","100 -",3,1,2
"Kangasniemi","0",28,16,12
"Kangasniemi","1",21,12,9
"Kangasniemi","2",31,21,10
"Kangasniemi","3",34,24,10
"Kangasniemi","4",32,14,18
"Kangasniemi","5",45,22,23
"Kangasniemi","6",45,17,28
"Kangasniemi","7",42,25,17
"Kangasniemi","8",49,33,16
"Kangasniemi","9",51,30,21
"Kangasniemi","10",47,24,23
"Kangasniemi","11",47,22,25
"Kangasniemi","12",48,28,20
"Kangasniemi","13",61,30,31
"Kangasniemi","14",45,21,24
"Kangasniemi","15",53,29,24
"Kangasniemi","16",44,23,21
"Kangasniemi","17",46,28,18
"Kangasniemi","18",46,25,21
"Kangasniemi","19",27,14,13
"Kangasniemi","20",32,23,9
"Kangasniemi","21",31,15,16
"Kangasniemi","22",40,20,20
"Kangasniemi","23",27,14,13
"Kangasniemi","24",24,17,7
"Kangasniemi","25",29,21,8
"Kangasniemi","26",46,25,21
"Kangasniemi","27",33,17,16
"Kangasniemi","28",47,29,18
"Kangasniemi","29",34,16,18
"Kangasniemi","30",40,24,16
"Kangasniemi","31",27,14,13
"Kangasniemi","32",40,25,15
"Kangasniemi","33",50,31,19
"Kangasniemi","34",50,28,22
"Kangasniemi","35",34,18,16
"Kangasniemi","36",54,30,24
"Kangasniemi","37",50,26,24
"Kangasniemi","38",47,25,22
"Kangasniemi","39",47,24,23
"Kangasniemi","40",40,13,27
"Kangasniemi","41",45,21,24
"Kangasniemi","42",43,14,29
"Kangasniemi","43",52,26,26
"Kangasniemi","44",47,24,23
"Kangasniemi","45",41,18,23
"Kangasniemi","46",55,30,25
"Kangasniemi","47",58,30,28
"Kangasniemi","48",45,21,24
"Kangasniemi","49",40,16,24
"Kangasniemi","50",48,17,31
"Kangasniemi","51",56,26,30
"Kangasniemi","52",71,39,32
"Kangasniemi","53",78,44,34
"Kangasniemi","54",82,39,43
"Kangasniemi","55",90,46,44
"Kangasniemi","56",98,54,44
"Kangasniemi","57",71,31,40
"Kangasniemi","58",111,62,49
"Kangasniemi","59",101,58,43
"Kangasniemi","60",103,54,49
"Kangasniemi","61",84,50,34
"Kangasniemi","62",92,44,48
"Kangasniemi","63",85,42,43
"Kangasniemi","64",100,55,45
"Kangasniemi","65",102,52,50
"Kangasniemi","66",87,49,38
"Kangasniemi","67",111,64,47
"Kangasniemi","68",100,58,42
"Kangasniemi","69",107,57,50
"Kangasniemi","70",114,54,60
"Kangasniemi","71",107,56,51
"Kangasniemi","72",124,65,59
"Kangasniemi","73",104,54,50
"Kangasniemi","74",92,37,55
"Kangasniemi","75",103,48,55
"Kangasniemi","76",73,35,38
"Kangasniemi","77",51,28,23
"Kangasniemi","78",57,26,31
"Kangasniemi","79",84,36,48
"Kangasniemi","80",56,19,37
"Kangasniemi","81",64,23,41
"Kangasniemi","82",63,22,41
"Kangasniemi","83",52,17,35
"Kangasniemi","84",52,23,29
"Kangasniemi","85",41,18,23
"Kangasniemi","86",35,11,24
"Kangasniemi","87",32,13,19
"Kangasniemi","88",27,9,18
"Kangasniemi","89",25,8,17
"Kangasniemi","90",28,9,19
"Kangasniemi","91",19,6,13
"Kangasniemi","92",12,4,8
"Kangasniemi","93",4,0,4
"Kangasniemi","94",8,2,6
"Kangasniemi","95",5,1,4
"Kangasniemi","96",8,0,8
"Kangasniemi","97",2,0,2
"Kangasniemi","98",2,0,2
"Kangasniemi","99",0,0,0
"Kangasniemi","100 -",1,0,1
"Kankaanpää","0",90,47,43
"Kankaanpää","1",93,39,54
"Kankaanpää","2",97,47,50
"Kankaanpää","3",115,57,58
"Kankaanpää","4",119,56,63
"Kankaanpää","5",141,78,63
"Kankaanpää","6",128,57,71
"Kankaanpää","7",119,58,61
"Kankaanpää","8",145,80,65
"Kankaanpää","9",134,68,66
"Kankaanpää","10",127,73,54
"Kankaanpää","11",126,70,56
"Kankaanpää","12",126,64,62
"Kankaanpää","13",127,69,58
"Kankaanpää","14",141,72,69
"Kankaanpää","15",129,64,65
"Kankaanpää","16",145,79,66
"Kankaanpää","17",111,69,42
"Kankaanpää","18",141,75,66
"Kankaanpää","19",118,66,52
"Kankaanpää","20",122,77,45
"Kankaanpää","21",111,61,50
"Kankaanpää","22",95,51,44
"Kankaanpää","23",102,46,56
"Kankaanpää","24",106,53,53
"Kankaanpää","25",93,49,44
"Kankaanpää","26",123,72,51
"Kankaanpää","27",107,56,51
"Kankaanpää","28",145,79,66
"Kankaanpää","29",126,63,63
"Kankaanpää","30",134,76,58
"Kankaanpää","31",148,79,69
"Kankaanpää","32",115,57,58
"Kankaanpää","33",129,69,60
"Kankaanpää","34",136,73,63
"Kankaanpää","35",145,75,70
"Kankaanpää","36",128,65,63
"Kankaanpää","37",150,81,69
"Kankaanpää","38",127,71,56
"Kankaanpää","39",130,69,61
"Kankaanpää","40",138,67,71
"Kankaanpää","41",124,60,64
"Kankaanpää","42",117,54,63
"Kankaanpää","43",146,82,64
"Kankaanpää","44",128,68,60
"Kankaanpää","45",143,60,83
"Kankaanpää","46",106,56,50
"Kankaanpää","47",121,54,67
"Kankaanpää","48",122,64,58
"Kankaanpää","49",119,63,56
"Kankaanpää","50",154,67,87
"Kankaanpää","51",140,70,70
"Kankaanpää","52",194,86,108
"Kankaanpää","53",144,78,66
"Kankaanpää","54",172,85,87
"Kankaanpää","55",189,87,102
"Kankaanpää","56",196,99,97
"Kankaanpää","57",205,98,107
"Kankaanpää","58",209,115,94
"Kankaanpää","59",209,103,106
"Kankaanpää","60",225,109,116
"Kankaanpää","61",227,115,112
"Kankaanpää","62",223,95,128
"Kankaanpää","63",209,105,104
"Kankaanpää","64",213,104,109
"Kankaanpää","65",232,126,106
"Kankaanpää","66",234,119,115
"Kankaanpää","67",221,109,112
"Kankaanpää","68",199,101,98
"Kankaanpää","69",221,105,116
"Kankaanpää","70",215,109,106
"Kankaanpää","71",211,108,103
"Kankaanpää","72",206,93,113
"Kankaanpää","73",197,98,99
"Kankaanpää","74",171,72,99
"Kankaanpää","75",183,86,97
"Kankaanpää","76",118,57,61
"Kankaanpää","77",98,38,60
"Kankaanpää","78",93,39,54
"Kankaanpää","79",124,58,66
"Kankaanpää","80",108,42,66
"Kankaanpää","81",108,46,62
"Kankaanpää","82",96,31,65
"Kankaanpää","83",102,36,66
"Kankaanpää","84",88,37,51
"Kankaanpää","85",62,20,42
"Kankaanpää","86",75,35,40
"Kankaanpää","87",47,17,30
"Kankaanpää","88",48,19,29
"Kankaanpää","89",37,10,27
"Kankaanpää","90",36,7,29
"Kankaanpää","91",28,9,19
"Kankaanpää","92",21,5,16
"Kankaanpää","93",13,2,11
"Kankaanpää","94",11,5,6
"Kankaanpää","95",12,2,10
"Kankaanpää","96",6,1,5
"Kankaanpää","97",9,1,8
"Kankaanpää","98",2,2,0
"Kankaanpää","99",5,1,4
"Kankaanpää","100 -",4,1,3
"Kannonkoski","0",8,3,5
"Kannonkoski","1",9,4,5
"Kannonkoski","2",6,2,4
"Kannonkoski","3",5,5,0
"Kannonkoski","4",9,4,5
"Kannonkoski","5",9,4,5
"Kannonkoski","6",4,3,1
"Kannonkoski","7",13,10,3
"Kannonkoski","8",10,5,5
"Kannonkoski","9",12,6,6
"Kannonkoski","10",16,9,7
"Kannonkoski","11",14,7,7
"Kannonkoski","12",15,5,10
"Kannonkoski","13",11,8,3
"Kannonkoski","14",18,8,10
"Kannonkoski","15",21,11,10
"Kannonkoski","16",15,5,10
"Kannonkoski","17",16,9,7
"Kannonkoski","18",8,5,3
"Kannonkoski","19",10,8,2
"Kannonkoski","20",7,6,1
"Kannonkoski","21",5,3,2
"Kannonkoski","22",11,4,7
"Kannonkoski","23",6,4,2
"Kannonkoski","24",8,4,4
"Kannonkoski","25",7,1,6
"Kannonkoski","26",3,2,1
"Kannonkoski","27",5,3,2
"Kannonkoski","28",9,3,6
"Kannonkoski","29",4,3,1
"Kannonkoski","30",14,9,5
"Kannonkoski","31",6,1,5
"Kannonkoski","32",5,3,2
"Kannonkoski","33",9,7,2
"Kannonkoski","34",5,3,2
"Kannonkoski","35",11,7,4
"Kannonkoski","36",11,6,5
"Kannonkoski","37",13,9,4
"Kannonkoski","38",8,1,7
"Kannonkoski","39",5,3,2
"Kannonkoski","40",9,5,4
"Kannonkoski","41",9,6,3
"Kannonkoski","42",9,5,4
"Kannonkoski","43",14,5,9
"Kannonkoski","44",8,3,5
"Kannonkoski","45",13,4,9
"Kannonkoski","46",12,10,2
"Kannonkoski","47",13,6,7
"Kannonkoski","48",17,8,9
"Kannonkoski","49",15,7,8
"Kannonkoski","50",11,6,5
"Kannonkoski","51",13,6,7
"Kannonkoski","52",23,16,7
"Kannonkoski","53",20,10,10
"Kannonkoski","54",27,16,11
"Kannonkoski","55",19,13,6
"Kannonkoski","56",27,9,18
"Kannonkoski","57",25,15,10
"Kannonkoski","58",21,10,11
"Kannonkoski","59",22,13,9
"Kannonkoski","60",17,11,6
"Kannonkoski","61",17,5,12
"Kannonkoski","62",40,27,13
"Kannonkoski","63",20,8,12
"Kannonkoski","64",30,15,15
"Kannonkoski","65",30,20,10
"Kannonkoski","66",29,16,13
"Kannonkoski","67",19,8,11
"Kannonkoski","68",20,12,8
"Kannonkoski","69",37,20,17
"Kannonkoski","70",22,14,8
"Kannonkoski","71",33,20,13
"Kannonkoski","72",29,12,17
"Kannonkoski","73",30,17,13
"Kannonkoski","74",15,8,7
"Kannonkoski","75",22,10,12
"Kannonkoski","76",16,5,11
"Kannonkoski","77",19,13,6
"Kannonkoski","78",12,4,8
"Kannonkoski","79",17,5,12
"Kannonkoski","80",8,5,3
"Kannonkoski","81",11,3,8
"Kannonkoski","82",12,4,8
"Kannonkoski","83",12,5,7
"Kannonkoski","84",21,8,13
"Kannonkoski","85",14,6,8
"Kannonkoski","86",10,4,6
"Kannonkoski","87",9,3,6
"Kannonkoski","88",11,5,6
"Kannonkoski","89",9,2,7
"Kannonkoski","90",7,1,6
"Kannonkoski","91",5,2,3
"Kannonkoski","92",3,1,2
"Kannonkoski","93",3,1,2
"Kannonkoski","94",1,1,0
"Kannonkoski","95",2,0,2
"Kannonkoski","96",1,0,1
"Kannonkoski","97",0,0,0
"Kannonkoski","98",0,0,0
"Kannonkoski","99",0,0,0
"Kannonkoski","100 -",2,0,2
"Kannus","0",45,24,21
"Kannus","1",46,23,23
"Kannus","2",70,39,31
"Kannus","3",67,33,34
"Kannus","4",66,36,30
"Kannus","5",64,36,28
"Kannus","6",83,41,42
"Kannus","7",64,30,34
"Kannus","8",83,39,44
"Kannus","9",66,34,32
"Kannus","10",81,39,42
"Kannus","11",71,33,38
"Kannus","12",52,23,29
"Kannus","13",64,30,34
"Kannus","14",62,28,34
"Kannus","15",88,36,52
"Kannus","16",67,41,26
"Kannus","17",68,32,36
"Kannus","18",76,38,38
"Kannus","19",67,37,30
"Kannus","20",45,26,19
"Kannus","21",46,25,21
"Kannus","22",41,23,18
"Kannus","23",53,36,17
"Kannus","24",51,26,25
"Kannus","25",58,28,30
"Kannus","26",38,20,18
"Kannus","27",43,26,17
"Kannus","28",44,18,26
"Kannus","29",59,29,30
"Kannus","30",72,35,37
"Kannus","31",71,33,38
"Kannus","32",65,33,32
"Kannus","33",58,41,17
"Kannus","34",50,28,22
"Kannus","35",59,37,22
"Kannus","36",57,27,30
"Kannus","37",59,30,29
"Kannus","38",56,21,35
"Kannus","39",54,29,25
"Kannus","40",42,22,20
"Kannus","41",57,27,30
"Kannus","42",55,34,21
"Kannus","43",57,32,25
"Kannus","44",67,41,26
"Kannus","45",73,36,37
"Kannus","46",59,24,35
"Kannus","47",42,19,23
"Kannus","48",70,26,44
"Kannus","49",48,23,25
"Kannus","50",70,44,26
"Kannus","51",54,27,27
"Kannus","52",65,35,30
"Kannus","53",64,28,36
"Kannus","54",66,36,30
"Kannus","55",83,38,45
"Kannus","56",64,39,25
"Kannus","57",76,32,44
"Kannus","58",91,43,48
"Kannus","59",71,34,37
"Kannus","60",74,34,40
"Kannus","61",84,47,37
"Kannus","62",81,39,42
"Kannus","63",84,43,41
"Kannus","64",77,37,40
"Kannus","65",88,45,43
"Kannus","66",69,45,24
"Kannus","67",89,43,46
"Kannus","68",77,32,45
"Kannus","69",69,32,37
"Kannus","70",71,33,38
"Kannus","71",82,41,41
"Kannus","72",78,32,46
"Kannus","73",97,56,41
"Kannus","74",55,27,28
"Kannus","75",55,27,28
"Kannus","76",41,19,22
"Kannus","77",48,21,27
"Kannus","78",25,9,16
"Kannus","79",51,21,30
"Kannus","80",39,17,22
"Kannus","81",38,19,19
"Kannus","82",24,15,9
"Kannus","83",26,11,15
"Kannus","84",17,8,9
"Kannus","85",30,11,19
"Kannus","86",25,10,15
"Kannus","87",19,6,13
"Kannus","88",22,9,13
"Kannus","89",22,7,15
"Kannus","90",14,4,10
"Kannus","91",10,4,6
"Kannus","92",15,3,12
"Kannus","93",5,1,4
"Kannus","94",8,3,5
"Kannus","95",3,0,3
"Kannus","96",3,1,2
"Kannus","97",5,1,4
"Kannus","98",1,0,1
"Kannus","99",0,0,0
"Kannus","100 -",2,0,2
"Karijoki","0",8,6,2
"Karijoki","1",7,3,4
"Karijoki","2",5,3,2
"Karijoki","3",12,7,5
"Karijoki","4",11,2,9
"Karijoki","5",12,8,4
"Karijoki","6",4,1,3
"Karijoki","7",13,7,6
"Karijoki","8",15,9,6
"Karijoki","9",6,5,1
"Karijoki","10",8,4,4
"Karijoki","11",9,6,3
"Karijoki","12",9,4,5
"Karijoki","13",10,5,5
"Karijoki","14",8,4,4
"Karijoki","15",11,6,5
"Karijoki","16",11,4,7
"Karijoki","17",9,4,5
"Karijoki","18",9,4,5
"Karijoki","19",7,2,5
"Karijoki","20",4,2,2
"Karijoki","21",4,3,1
"Karijoki","22",5,3,2
"Karijoki","23",11,6,5
"Karijoki","24",11,7,4
"Karijoki","25",7,4,3
"Karijoki","26",9,5,4
"Karijoki","27",11,10,1
"Karijoki","28",15,10,5
"Karijoki","29",8,0,8
"Karijoki","30",11,7,4
"Karijoki","31",8,3,5
"Karijoki","32",10,4,6
"Karijoki","33",6,4,2
"Karijoki","34",11,3,8
"Karijoki","35",14,8,6
"Karijoki","36",10,6,4
"Karijoki","37",12,10,2
"Karijoki","38",10,6,4
"Karijoki","39",13,10,3
"Karijoki","40",7,2,5
"Karijoki","41",16,9,7
"Karijoki","42",10,6,4
"Karijoki","43",6,3,3
"Karijoki","44",9,4,5
"Karijoki","45",13,8,5
"Karijoki","46",10,5,5
"Karijoki","47",14,7,7
"Karijoki","48",10,6,4
"Karijoki","49",10,7,3
"Karijoki","50",11,8,3
"Karijoki","51",12,7,5
"Karijoki","52",14,10,4
"Karijoki","53",28,13,15
"Karijoki","54",22,5,17
"Karijoki","55",17,8,9
"Karijoki","56",19,15,4
"Karijoki","57",16,11,5
"Karijoki","58",23,10,13
"Karijoki","59",25,16,9
"Karijoki","60",20,11,9
"Karijoki","61",13,7,6
"Karijoki","62",24,11,13
"Karijoki","63",19,12,7
"Karijoki","64",27,11,16
"Karijoki","65",31,14,17
"Karijoki","66",24,11,13
"Karijoki","67",31,20,11
"Karijoki","68",15,9,6
"Karijoki","69",18,8,10
"Karijoki","70",31,20,11
"Karijoki","71",17,5,12
"Karijoki","72",23,15,8
"Karijoki","73",21,14,7
"Karijoki","74",11,6,5
"Karijoki","75",17,9,8
"Karijoki","76",10,6,4
"Karijoki","77",12,4,8
"Karijoki","78",9,6,3
"Karijoki","79",13,4,9
"Karijoki","80",9,3,6
"Karijoki","81",20,11,9
"Karijoki","82",16,3,13
"Karijoki","83",13,9,4
"Karijoki","84",12,7,5
"Karijoki","85",11,3,8
"Karijoki","86",12,5,7
"Karijoki","87",13,4,9
"Karijoki","88",6,0,6
"Karijoki","89",9,5,4
"Karijoki","90",5,2,3
"Karijoki","91",5,2,3
"Karijoki","92",6,3,3
"Karijoki","93",5,1,4
"Karijoki","94",7,3,4
"Karijoki","95",3,1,2
"Karijoki","96",0,0,0
"Karijoki","97",1,1,0
"Karijoki","98",1,0,1
"Karijoki","99",1,0,1
"Karijoki","100 -",0,0,0
"Karkkila","0",42,24,18
"Karkkila","1",50,27,23
"Karkkila","2",53,29,24
"Karkkila","3",78,39,39
"Karkkila","4",74,37,37
"Karkkila","5",87,44,43
"Karkkila","6",78,32,46
"Karkkila","7",96,43,53
"Karkkila","8",85,44,41
"Karkkila","9",107,54,53
"Karkkila","10",103,56,47
"Karkkila","11",120,56,64
"Karkkila","12",103,44,59
"Karkkila","13",116,54,62
"Karkkila","14",106,59,47
"Karkkila","15",110,57,53
"Karkkila","16",119,55,64
"Karkkila","17",105,43,62
"Karkkila","18",104,46,58
"Karkkila","19",87,42,45
"Karkkila","20",68,41,27
"Karkkila","21",67,34,33
"Karkkila","22",52,30,22
"Karkkila","23",58,33,25
"Karkkila","24",55,35,20
"Karkkila","25",45,22,23
"Karkkila","26",55,32,23
"Karkkila","27",65,40,25
"Karkkila","28",70,51,19
"Karkkila","29",51,29,22
"Karkkila","30",73,31,42
"Karkkila","31",63,23,40
"Karkkila","32",79,38,41
"Karkkila","33",68,40,28
"Karkkila","34",94,43,51
"Karkkila","35",96,46,50
"Karkkila","36",109,48,61
"Karkkila","37",92,48,44
"Karkkila","38",118,60,58
"Karkkila","39",107,52,55
"Karkkila","40",101,52,49
"Karkkila","41",140,73,67
"Karkkila","42",129,68,61
"Karkkila","43",109,57,52
"Karkkila","44",120,57,63
"Karkkila","45",122,77,45
"Karkkila","46",125,61,64
"Karkkila","47",108,56,52
"Karkkila","48",106,56,50
"Karkkila","49",105,46,59
"Karkkila","50",128,65,63
"Karkkila","51",115,52,63
"Karkkila","52",135,81,54
"Karkkila","53",126,72,54
"Karkkila","54",120,62,58
"Karkkila","55",116,63,53
"Karkkila","56",138,79,59
"Karkkila","57",101,52,49
"Karkkila","58",117,57,60
"Karkkila","59",134,58,76
"Karkkila","60",145,82,63
"Karkkila","61",123,65,58
"Karkkila","62",119,49,70
"Karkkila","63",133,69,64
"Karkkila","64",148,89,59
"Karkkila","65",139,66,73
"Karkkila","66",115,51,64
"Karkkila","67",120,54,66
"Karkkila","68",145,67,78
"Karkkila","69",148,80,68
"Karkkila","70",144,66,78
"Karkkila","71",139,67,72
"Karkkila","72",145,75,70
"Karkkila","73",133,63,70
"Karkkila","74",127,54,73
"Karkkila","75",109,58,51
"Karkkila","76",75,31,44
"Karkkila","77",76,33,43
"Karkkila","78",60,28,32
"Karkkila","79",88,44,44
"Karkkila","80",52,22,30
"Karkkila","81",46,17,29
"Karkkila","82",55,21,34
"Karkkila","83",64,25,39
"Karkkila","84",48,21,27
"Karkkila","85",35,15,20
"Karkkila","86",38,10,28
"Karkkila","87",32,14,18
"Karkkila","88",26,7,19
"Karkkila","89",39,14,25
"Karkkila","90",29,12,17
"Karkkila","91",26,9,17
"Karkkila","92",20,7,13
"Karkkila","93",15,4,11
"Karkkila","94",12,4,8
"Karkkila","95",6,1,5
"Karkkila","96",3,1,2
"Karkkila","97",7,1,6
"Karkkila","98",0,0,0
"Karkkila","99",4,1,3
"Karkkila","100 -",5,0,5
"Karstula","0",13,5,8
"Karstula","1",30,17,13
"Karstula","2",16,7,9
"Karstula","3",18,11,7
"Karstula","4",32,14,18
"Karstula","5",23,11,12
"Karstula","6",36,20,16
"Karstula","7",27,9,18
"Karstula","8",36,19,17
"Karstula","9",38,19,19
"Karstula","10",31,16,15
"Karstula","11",39,19,20
"Karstula","12",43,26,17
"Karstula","13",43,23,20
"Karstula","14",49,29,20
"Karstula","15",49,15,34
"Karstula","16",48,20,28
"Karstula","17",39,20,19
"Karstula","18",46,16,30
"Karstula","19",30,26,4
"Karstula","20",18,14,4
"Karstula","21",16,12,4
"Karstula","22",16,11,5
"Karstula","23",21,15,6
"Karstula","24",20,10,10
"Karstula","25",21,12,9
"Karstula","26",28,17,11
"Karstula","27",21,12,9
"Karstula","28",22,15,7
"Karstula","29",18,8,10
"Karstula","30",17,12,5
"Karstula","31",32,15,17
"Karstula","32",33,12,21
"Karstula","33",39,19,20
"Karstula","34",42,23,19
"Karstula","35",30,14,16
"Karstula","36",29,16,13
"Karstula","37",44,21,23
"Karstula","38",40,25,15
"Karstula","39",29,18,11
"Karstula","40",34,22,12
"Karstula","41",25,12,13
"Karstula","42",35,17,18
"Karstula","43",30,13,17
"Karstula","44",39,15,24
"Karstula","45",42,26,16
"Karstula","46",38,21,17
"Karstula","47",46,19,27
"Karstula","48",39,17,22
"Karstula","49",42,22,20
"Karstula","50",47,16,31
"Karstula","51",41,25,16
"Karstula","52",53,25,28
"Karstula","53",48,27,21
"Karstula","54",65,37,28
"Karstula","55",54,31,23
"Karstula","56",63,32,31
"Karstula","57",52,25,27
"Karstula","58",70,35,35
"Karstula","59",73,32,41
"Karstula","60",64,36,28
"Karstula","61",61,34,27
"Karstula","62",67,34,33
"Karstula","63",80,42,38
"Karstula","64",82,44,38
"Karstula","65",55,20,35
"Karstula","66",66,40,26
"Karstula","67",81,37,44
"Karstula","68",87,51,36
"Karstula","69",63,34,29
"Karstula","70",80,35,45
"Karstula","71",72,36,36
"Karstula","72",81,39,42
"Karstula","73",62,22,40
"Karstula","74",78,40,38
"Karstula","75",58,33,25
"Karstula","76",41,15,26
"Karstula","77",53,24,29
"Karstula","78",23,12,11
"Karstula","79",66,26,40
"Karstula","80",37,16,21
"Karstula","81",42,16,26
"Karstula","82",35,15,20
"Karstula","83",44,19,25
"Karstula","84",29,12,17
"Karstula","85",39,12,27
"Karstula","86",28,8,20
"Karstula","87",22,6,16
"Karstula","88",25,13,12
"Karstula","89",14,7,7
"Karstula","90",16,7,9
"Karstula","91",22,8,14
"Karstula","92",3,2,1
"Karstula","93",7,2,5
"Karstula","94",5,3,2
"Karstula","95",2,0,2
"Karstula","96",4,0,4
"Karstula","97",2,0,2
"Karstula","98",3,1,2
"Karstula","99",1,0,1
"Karstula","100 -",0,0,0
"Karvia","0",10,3,7
"Karvia","1",16,8,8
"Karvia","2",17,8,9
"Karvia","3",20,11,9
"Karvia","4",17,7,10
"Karvia","5",25,13,12
"Karvia","6",21,12,9
"Karvia","7",22,10,12
"Karvia","8",22,8,14
"Karvia","9",9,4,5
"Karvia","10",21,10,11
"Karvia","11",21,12,9
"Karvia","12",18,10,8
"Karvia","13",20,11,9
"Karvia","14",20,6,14
"Karvia","15",28,14,14
"Karvia","16",26,8,18
"Karvia","17",12,8,4
"Karvia","18",24,16,8
"Karvia","19",24,9,15
"Karvia","20",16,10,6
"Karvia","21",24,15,9
"Karvia","22",18,11,7
"Karvia","23",12,8,4
"Karvia","24",12,7,5
"Karvia","25",16,11,5
"Karvia","26",22,9,13
"Karvia","27",17,11,6
"Karvia","28",21,12,9
"Karvia","29",13,9,4
"Karvia","30",18,11,7
"Karvia","31",13,8,5
"Karvia","32",15,8,7
"Karvia","33",16,8,8
"Karvia","34",17,7,10
"Karvia","35",29,14,15
"Karvia","36",24,12,12
"Karvia","37",26,16,10
"Karvia","38",20,13,7
"Karvia","39",21,5,16
"Karvia","40",22,16,6
"Karvia","41",38,18,20
"Karvia","42",16,8,8
"Karvia","43",28,18,10
"Karvia","44",16,10,6
"Karvia","45",25,15,10
"Karvia","46",27,15,12
"Karvia","47",21,13,8
"Karvia","48",16,6,10
"Karvia","49",22,9,13
"Karvia","50",29,17,12
"Karvia","51",25,14,11
"Karvia","52",22,11,11
"Karvia","53",25,15,10
"Karvia","54",35,21,14
"Karvia","55",41,20,21
"Karvia","56",29,21,8
"Karvia","57",39,22,17
"Karvia","58",45,28,17
"Karvia","59",22,10,12
"Karvia","60",42,21,21
"Karvia","61",38,23,15
"Karvia","62",34,19,15
"Karvia","63",47,25,22
"Karvia","64",51,26,25
"Karvia","65",41,22,19
"Karvia","66",43,24,19
"Karvia","67",44,22,22
"Karvia","68",44,21,23
"Karvia","69",50,28,22
"Karvia","70",54,22,32
"Karvia","71",54,27,27
"Karvia","72",45,27,18
"Karvia","73",39,27,12
"Karvia","74",35,23,12
"Karvia","75",29,14,15
"Karvia","76",30,15,15
"Karvia","77",32,11,21
"Karvia","78",25,12,13
"Karvia","79",29,18,11
"Karvia","80",18,5,13
"Karvia","81",17,6,11
"Karvia","82",26,9,17
"Karvia","83",24,11,13
"Karvia","84",13,5,8
"Karvia","85",15,7,8
"Karvia","86",16,8,8
"Karvia","87",15,6,9
"Karvia","88",8,1,7
"Karvia","89",8,3,5
"Karvia","90",13,4,9
"Karvia","91",5,2,3
"Karvia","92",8,1,7
"Karvia","93",7,3,4
"Karvia","94",5,2,3
"Karvia","95",6,3,3
"Karvia","96",2,1,1
"Karvia","97",2,1,1
"Karvia","98",0,0,0
"Karvia","99",1,1,0
"Karvia","100 -",1,1,0
"Kaskinen","0",10,5,5
"Kaskinen","1",1,1,0
"Kaskinen","2",10,5,5
"Kaskinen","3",14,8,6
"Kaskinen","4",15,8,7
"Kaskinen","5",14,9,5
"Kaskinen","6",6,1,5
"Kaskinen","7",6,4,2
"Kaskinen","8",11,6,5
"Kaskinen","9",9,6,3
"Kaskinen","10",10,5,5
"Kaskinen","11",13,6,7
"Kaskinen","12",4,2,2
"Kaskinen","13",11,7,4
"Kaskinen","14",9,4,5
"Kaskinen","15",11,5,6
"Kaskinen","16",11,5,6
"Kaskinen","17",5,2,3
"Kaskinen","18",10,3,7
"Kaskinen","19",5,2,3
"Kaskinen","20",7,5,2
"Kaskinen","21",4,1,3
"Kaskinen","22",4,2,2
"Kaskinen","23",4,3,1
"Kaskinen","24",4,3,1
"Kaskinen","25",6,2,4
"Kaskinen","26",7,4,3
"Kaskinen","27",8,3,5
"Kaskinen","28",7,2,5
"Kaskinen","29",11,5,6
"Kaskinen","30",18,12,6
"Kaskinen","31",16,10,6
"Kaskinen","32",17,11,6
"Kaskinen","33",10,5,5
"Kaskinen","34",6,2,4
"Kaskinen","35",18,12,6
"Kaskinen","36",11,8,3
"Kaskinen","37",9,5,4
"Kaskinen","38",13,7,6
"Kaskinen","39",17,9,8
"Kaskinen","40",14,8,6
"Kaskinen","41",13,8,5
"Kaskinen","42",14,6,8
"Kaskinen","43",4,2,2
"Kaskinen","44",7,3,4
"Kaskinen","45",17,10,7
"Kaskinen","46",11,7,4
"Kaskinen","47",6,4,2
"Kaskinen","48",13,6,7
"Kaskinen","49",10,7,3
"Kaskinen","50",17,9,8
"Kaskinen","51",16,7,9
"Kaskinen","52",11,5,6
"Kaskinen","53",16,9,7
"Kaskinen","54",8,3,5
"Kaskinen","55",13,7,6
"Kaskinen","56",15,12,3
"Kaskinen","57",20,8,12
"Kaskinen","58",17,6,11
"Kaskinen","59",28,11,17
"Kaskinen","60",13,6,7
"Kaskinen","61",20,9,11
"Kaskinen","62",16,8,8
"Kaskinen","63",17,5,12
"Kaskinen","64",27,10,17
"Kaskinen","65",27,7,20
"Kaskinen","66",32,16,16
"Kaskinen","67",30,14,16
"Kaskinen","68",37,24,13
"Kaskinen","69",47,24,23
"Kaskinen","70",21,15,6
"Kaskinen","71",40,23,17
"Kaskinen","72",26,13,13
"Kaskinen","73",31,15,16
"Kaskinen","74",24,12,12
"Kaskinen","75",25,8,17
"Kaskinen","76",25,11,14
"Kaskinen","77",23,10,13
"Kaskinen","78",18,10,8
"Kaskinen","79",20,12,8
"Kaskinen","80",16,9,7
"Kaskinen","81",11,3,8
"Kaskinen","82",17,7,10
"Kaskinen","83",7,4,3
"Kaskinen","84",12,9,3
"Kaskinen","85",13,5,8
"Kaskinen","86",3,3,0
"Kaskinen","87",6,3,3
"Kaskinen","88",5,1,4
"Kaskinen","89",4,1,3
"Kaskinen","90",6,2,4
"Kaskinen","91",1,1,0
"Kaskinen","92",0,0,0
"Kaskinen","93",1,0,1
"Kaskinen","94",2,0,2
"Kaskinen","95",2,2,0
"Kaskinen","96",0,0,0
"Kaskinen","97",0,0,0
"Kaskinen","98",1,0,1
"Kaskinen","99",0,0,0
"Kaskinen","100 -",0,0,0
"Kauhajoki","0",88,45,43
"Kauhajoki","1",99,48,51
"Kauhajoki","2",103,48,55
"Kauhajoki","3",121,57,64
"Kauhajoki","4",127,63,64
"Kauhajoki","5",132,70,62
"Kauhajoki","6",159,83,76
"Kauhajoki","7",105,62,43
"Kauhajoki","8",132,72,60
"Kauhajoki","9",154,67,87
"Kauhajoki","10",158,71,87
"Kauhajoki","11",171,88,83
"Kauhajoki","12",153,80,73
"Kauhajoki","13",134,71,63
"Kauhajoki","14",125,63,62
"Kauhajoki","15",129,59,70
"Kauhajoki","16",177,86,91
"Kauhajoki","17",147,90,57
"Kauhajoki","18",172,75,97
"Kauhajoki","19",138,70,68
"Kauhajoki","20",111,57,54
"Kauhajoki","21",103,61,42
"Kauhajoki","22",105,58,47
"Kauhajoki","23",101,65,36
"Kauhajoki","24",109,64,45
"Kauhajoki","25",96,54,42
"Kauhajoki","26",131,76,55
"Kauhajoki","27",98,50,48
"Kauhajoki","28",110,61,49
"Kauhajoki","29",125,69,56
"Kauhajoki","30",108,53,55
"Kauhajoki","31",122,64,58
"Kauhajoki","32",125,60,65
"Kauhajoki","33",119,57,62
"Kauhajoki","34",135,76,59
"Kauhajoki","35",146,70,76
"Kauhajoki","36",140,69,71
"Kauhajoki","37",155,78,77
"Kauhajoki","38",132,70,62
"Kauhajoki","39",148,70,78
"Kauhajoki","40",147,72,75
"Kauhajoki","41",136,70,66
"Kauhajoki","42",142,70,72
"Kauhajoki","43",137,81,56
"Kauhajoki","44",145,85,60
"Kauhajoki","45",138,77,61
"Kauhajoki","46",129,74,55
"Kauhajoki","47",158,79,79
"Kauhajoki","48",161,72,89
"Kauhajoki","49",124,56,68
"Kauhajoki","50",159,82,77
"Kauhajoki","51",160,83,77
"Kauhajoki","52",181,98,83
"Kauhajoki","53",188,100,88
"Kauhajoki","54",197,109,88
"Kauhajoki","55",194,102,92
"Kauhajoki","56",198,89,109
"Kauhajoki","57",185,98,87
"Kauhajoki","58",188,102,86
"Kauhajoki","59",166,76,90
"Kauhajoki","60",204,100,104
"Kauhajoki","61",187,98,89
"Kauhajoki","62",187,105,82
"Kauhajoki","63",200,103,97
"Kauhajoki","64",218,116,102
"Kauhajoki","65",207,103,104
"Kauhajoki","66",211,107,104
"Kauhajoki","67",191,99,92
"Kauhajoki","68",225,110,115
"Kauhajoki","69",201,101,100
"Kauhajoki","70",234,124,110
"Kauhajoki","71",210,102,108
"Kauhajoki","72",220,105,115
"Kauhajoki","73",207,95,112
"Kauhajoki","74",201,94,107
"Kauhajoki","75",167,78,89
"Kauhajoki","76",127,62,65
"Kauhajoki","77",118,57,61
"Kauhajoki","78",81,41,40
"Kauhajoki","79",128,54,74
"Kauhajoki","80",93,45,48
"Kauhajoki","81",99,42,57
"Kauhajoki","82",106,41,65
"Kauhajoki","83",69,30,39
"Kauhajoki","84",67,31,36
"Kauhajoki","85",81,38,43
"Kauhajoki","86",51,21,30
"Kauhajoki","87",51,22,29
"Kauhajoki","88",50,16,34
"Kauhajoki","89",50,20,30
"Kauhajoki","90",43,12,31
"Kauhajoki","91",47,11,36
"Kauhajoki","92",27,16,11
"Kauhajoki","93",20,4,16
"Kauhajoki","94",15,3,12
"Kauhajoki","95",12,6,6
"Kauhajoki","96",10,4,6
"Kauhajoki","97",4,2,2
"Kauhajoki","98",8,2,6
"Kauhajoki","99",2,1,1
"Kauhajoki","100 -",2,0,2
"Kauhava","0",103,46,57
"Kauhava","1",104,56,48
"Kauhava","2",114,69,45
"Kauhava","3",126,71,55
"Kauhava","4",139,61,78
"Kauhava","5",155,73,82
"Kauhava","6",145,70,75
"Kauhava","7",166,93,73
"Kauhava","8",162,90,72
"Kauhava","9",191,96,95
"Kauhava","10",179,91,88
"Kauhava","11",202,102,100
"Kauhava","12",182,113,69
"Kauhava","13",195,108,87
"Kauhava","14",203,104,99
"Kauhava","15",192,101,91
"Kauhava","16",224,103,121
"Kauhava","17",193,101,92
"Kauhava","18",161,87,74
"Kauhava","19",149,87,62
"Kauhava","20",118,79,39
"Kauhava","21",110,74,36
"Kauhava","22",95,54,41
"Kauhava","23",103,66,37
"Kauhava","24",107,54,53
"Kauhava","25",97,59,38
"Kauhava","26",128,79,49
"Kauhava","27",125,73,52
"Kauhava","28",130,70,60
"Kauhava","29",141,83,58
"Kauhava","30",155,75,80
"Kauhava","31",129,80,49
"Kauhava","32",135,69,66
"Kauhava","33",131,75,56
"Kauhava","34",144,73,71
"Kauhava","35",151,75,76
"Kauhava","36",145,78,67
"Kauhava","37",193,103,90
"Kauhava","38",178,103,75
"Kauhava","39",159,67,92
"Kauhava","40",169,100,69
"Kauhava","41",171,89,82
"Kauhava","42",160,94,66
"Kauhava","43",168,82,86
"Kauhava","44",197,106,91
"Kauhava","45",173,93,80
"Kauhava","46",173,88,85
"Kauhava","47",170,90,80
"Kauhava","48",154,98,56
"Kauhava","49",172,84,88
"Kauhava","50",183,85,98
"Kauhava","51",172,87,85
"Kauhava","52",191,101,90
"Kauhava","53",229,115,114
"Kauhava","54",201,113,88
"Kauhava","55",238,125,113
"Kauhava","56",208,110,98
"Kauhava","57",234,114,120
"Kauhava","58",243,136,107
"Kauhava","59",236,109,127
"Kauhava","60",219,100,119
"Kauhava","61",236,121,115
"Kauhava","62",232,128,104
"Kauhava","63",203,104,99
"Kauhava","64",267,135,132
"Kauhava","65",234,116,118
"Kauhava","66",243,121,122
"Kauhava","67",215,109,106
"Kauhava","68",247,120,127
"Kauhava","69",227,118,109
"Kauhava","70",278,139,139
"Kauhava","71",244,125,119
"Kauhava","72",279,139,140
"Kauhava","73",241,110,131
"Kauhava","74",232,106,126
"Kauhava","75",204,97,107
"Kauhava","76",161,72,89
"Kauhava","77",142,68,74
"Kauhava","78",115,53,62
"Kauhava","79",171,70,101
"Kauhava","80",117,42,75
"Kauhava","81",153,68,85
"Kauhava","82",109,39,70
"Kauhava","83",119,39,80
"Kauhava","84",116,43,73
"Kauhava","85",108,36,72
"Kauhava","86",92,36,56
"Kauhava","87",95,38,57
"Kauhava","88",106,33,73
"Kauhava","89",59,19,40
"Kauhava","90",45,18,27
"Kauhava","91",48,20,28
"Kauhava","92",41,5,36
"Kauhava","93",26,6,20
"Kauhava","94",29,3,26
"Kauhava","95",26,5,21
"Kauhava","96",13,3,10
"Kauhava","97",11,1,10
"Kauhava","98",4,1,3
"Kauhava","99",4,1,3
"Kauhava","100 -",2,0,2
"Kauniainen","0",62,36,26
"Kauniainen","1",84,43,41
"Kauniainen","2",87,48,39
"Kauniainen","3",86,47,39
"Kauniainen","4",104,42,62
"Kauniainen","5",101,52,49
"Kauniainen","6",134,63,71
"Kauniainen","7",124,68,56
"Kauniainen","8",149,61,88
"Kauniainen","9",122,63,59
"Kauniainen","10",139,62,77
"Kauniainen","11",151,74,77
"Kauniainen","12",151,73,78
"Kauniainen","13",167,86,81
"Kauniainen","14",161,83,78
"Kauniainen","15",146,80,66
"Kauniainen","16",151,77,74
"Kauniainen","17",179,99,80
"Kauniainen","18",138,71,67
"Kauniainen","19",133,70,63
"Kauniainen","20",109,63,46
"Kauniainen","21",102,51,51
"Kauniainen","22",77,37,40
"Kauniainen","23",74,43,31
"Kauniainen","24",86,37,49
"Kauniainen","25",90,44,46
"Kauniainen","26",119,64,55
"Kauniainen","27",85,39,46
"Kauniainen","28",92,50,42
"Kauniainen","29",98,53,45
"Kauniainen","30",77,43,34
"Kauniainen","31",92,40,52
"Kauniainen","32",95,48,47
"Kauniainen","33",97,48,49
"Kauniainen","34",82,40,42
"Kauniainen","35",114,52,62
"Kauniainen","36",106,48,58
"Kauniainen","37",121,59,62
"Kauniainen","38",125,70,55
"Kauniainen","39",119,55,64
"Kauniainen","40",118,58,60
"Kauniainen","41",125,65,60
"Kauniainen","42",125,69,56
"Kauniainen","43",145,64,81
"Kauniainen","44",153,90,63
"Kauniainen","45",151,74,77
"Kauniainen","46",172,77,95
"Kauniainen","47",121,50,71
"Kauniainen","48",163,84,79
"Kauniainen","49",167,75,92
"Kauniainen","50",120,62,58
"Kauniainen","51",142,68,74
"Kauniainen","52",168,82,86
"Kauniainen","53",164,72,92
"Kauniainen","54",160,81,79
"Kauniainen","55",129,67,62
"Kauniainen","56",141,70,71
"Kauniainen","57",144,65,79
"Kauniainen","58",150,73,77
"Kauniainen","59",114,52,62
"Kauniainen","60",107,56,51
"Kauniainen","61",124,60,64
"Kauniainen","62",118,60,58
"Kauniainen","63",107,49,58
"Kauniainen","64",113,52,61
"Kauniainen","65",95,52,43
"Kauniainen","66",97,47,50
"Kauniainen","67",91,35,56
"Kauniainen","68",100,54,46
"Kauniainen","69",99,52,47
"Kauniainen","70",93,34,59
"Kauniainen","71",105,52,53
"Kauniainen","72",106,49,57
"Kauniainen","73",103,47,56
"Kauniainen","74",145,71,74
"Kauniainen","75",130,58,72
"Kauniainen","76",97,40,57
"Kauniainen","77",95,44,51
"Kauniainen","78",77,34,43
"Kauniainen","79",107,46,61
"Kauniainen","80",77,35,42
"Kauniainen","81",81,24,57
"Kauniainen","82",75,37,38
"Kauniainen","83",62,26,36
"Kauniainen","84",49,18,31
"Kauniainen","85",60,21,39
"Kauniainen","86",49,22,27
"Kauniainen","87",38,20,18
"Kauniainen","88",43,11,32
"Kauniainen","89",31,9,22
"Kauniainen","90",18,6,12
"Kauniainen","91",14,3,11
"Kauniainen","92",18,4,14
"Kauniainen","93",15,6,9
"Kauniainen","94",13,7,6
"Kauniainen","95",9,4,5
"Kauniainen","96",8,1,7
"Kauniainen","97",1,1,0
"Kauniainen","98",2,2,0
"Kauniainen","99",1,0,1
"Kauniainen","100 -",4,0,4
"Kaustinen","0",44,22,22
"Kaustinen","1",36,13,23
"Kaustinen","2",49,21,28
"Kaustinen","3",41,22,19
"Kaustinen","4",50,24,26
"Kaustinen","5",53,29,24
"Kaustinen","6",56,25,31
"Kaustinen","7",66,30,36
"Kaustinen","8",67,39,28
"Kaustinen","9",63,27,36
"Kaustinen","10",58,32,26
"Kaustinen","11",49,27,22
"Kaustinen","12",50,31,19
"Kaustinen","13",61,26,35
"Kaustinen","14",50,31,19
"Kaustinen","15",45,28,17
"Kaustinen","16",59,37,22
"Kaustinen","17",50,28,22
"Kaustinen","18",48,26,22
"Kaustinen","19",45,24,21
"Kaustinen","20",29,13,16
"Kaustinen","21",23,10,13
"Kaustinen","22",33,17,16
"Kaustinen","23",26,14,12
"Kaustinen","24",35,23,12
"Kaustinen","25",37,18,19
"Kaustinen","26",36,16,20
"Kaustinen","27",25,12,13
"Kaustinen","28",42,19,23
"Kaustinen","29",50,26,24
"Kaustinen","30",54,34,20
"Kaustinen","31",48,19,29
"Kaustinen","32",53,29,24
"Kaustinen","33",60,30,30
"Kaustinen","34",43,18,25
"Kaustinen","35",60,33,27
"Kaustinen","36",62,30,32
"Kaustinen","37",52,23,29
"Kaustinen","38",65,40,25
"Kaustinen","39",63,34,29
"Kaustinen","40",68,33,35
"Kaustinen","41",48,24,24
"Kaustinen","42",45,25,20
"Kaustinen","43",50,25,25
"Kaustinen","44",51,24,27
"Kaustinen","45",53,28,25
"Kaustinen","46",44,25,19
"Kaustinen","47",38,26,12
"Kaustinen","48",47,22,25
"Kaustinen","49",40,21,19
"Kaustinen","50",39,23,16
"Kaustinen","51",54,28,26
"Kaustinen","52",59,30,29
"Kaustinen","53",51,32,19
"Kaustinen","54",56,31,25
"Kaustinen","55",54,30,24
"Kaustinen","56",47,23,24
"Kaustinen","57",55,29,26
"Kaustinen","58",49,22,27
"Kaustinen","59",49,21,28
"Kaustinen","60",53,22,31
"Kaustinen","61",55,21,34
"Kaustinen","62",54,28,26
"Kaustinen","63",64,34,30
"Kaustinen","64",59,31,28
"Kaustinen","65",57,24,33
"Kaustinen","66",57,34,23
"Kaustinen","67",52,24,28
"Kaustinen","68",63,25,38
"Kaustinen","69",57,30,27
"Kaustinen","70",50,22,28
"Kaustinen","71",60,32,28
"Kaustinen","72",45,27,18
"Kaustinen","73",55,22,33
"Kaustinen","74",55,22,33
"Kaustinen","75",48,26,22
"Kaustinen","76",37,21,16
"Kaustinen","77",37,17,20
"Kaustinen","78",24,14,10
"Kaustinen","79",49,25,24
"Kaustinen","80",27,11,16
"Kaustinen","81",30,12,18
"Kaustinen","82",23,10,13
"Kaustinen","83",18,8,10
"Kaustinen","84",22,7,15
"Kaustinen","85",30,13,17
"Kaustinen","86",21,8,13
"Kaustinen","87",16,4,12
"Kaustinen","88",16,7,9
"Kaustinen","89",13,6,7
"Kaustinen","90",16,7,9
"Kaustinen","91",7,2,5
"Kaustinen","92",8,5,3
"Kaustinen","93",5,0,5
"Kaustinen","94",3,1,2
"Kaustinen","95",4,2,2
"Kaustinen","96",2,0,2
"Kaustinen","97",0,0,0
"Kaustinen","98",1,0,1
"Kaustinen","99",1,0,1
"Kaustinen","100 -",1,0,1
"Keitele","0",16,8,8
"Keitele","1",11,7,4
"Keitele","2",16,7,9
"Keitele","3",18,6,12
"Keitele","4",16,8,8
"Keitele","5",11,4,7
"Keitele","6",15,6,9
"Keitele","7",16,8,8
"Keitele","8",17,11,6
"Keitele","9",17,9,8
"Keitele","10",21,11,10
"Keitele","11",18,6,12
"Keitele","12",11,6,5
"Keitele","13",18,10,8
"Keitele","14",17,5,12
"Keitele","15",23,11,12
"Keitele","16",19,13,6
"Keitele","17",17,6,11
"Keitele","18",13,8,5
"Keitele","19",13,6,7
"Keitele","20",19,11,8
"Keitele","21",7,6,1
"Keitele","22",12,7,5
"Keitele","23",13,9,4
"Keitele","24",10,8,2
"Keitele","25",12,7,5
"Keitele","26",8,3,5
"Keitele","27",15,10,5
"Keitele","28",11,5,6
"Keitele","29",24,13,11
"Keitele","30",13,5,8
"Keitele","31",13,5,8
"Keitele","32",20,15,5
"Keitele","33",14,6,8
"Keitele","34",12,7,5
"Keitele","35",12,6,6
"Keitele","36",21,14,7
"Keitele","37",24,16,8
"Keitele","38",23,11,12
"Keitele","39",16,8,8
"Keitele","40",23,9,14
"Keitele","41",20,12,8
"Keitele","42",19,8,11
"Keitele","43",19,11,8
"Keitele","44",24,11,13
"Keitele","45",13,8,5
"Keitele","46",14,7,7
"Keitele","47",21,7,14
"Keitele","48",19,12,7
"Keitele","49",16,9,7
"Keitele","50",23,14,9
"Keitele","51",25,16,9
"Keitele","52",19,11,8
"Keitele","53",30,10,20
"Keitele","54",35,21,14
"Keitele","55",30,16,14
"Keitele","56",33,19,14
"Keitele","57",32,20,12
"Keitele","58",32,19,13
"Keitele","59",36,17,19
"Keitele","60",43,19,24
"Keitele","61",35,15,20
"Keitele","62",44,23,21
"Keitele","63",48,24,24
"Keitele","64",54,26,28
"Keitele","65",61,27,34
"Keitele","66",60,41,19
"Keitele","67",46,25,21
"Keitele","68",58,32,26
"Keitele","69",48,22,26
"Keitele","70",37,18,19
"Keitele","71",53,29,24
"Keitele","72",44,25,19
"Keitele","73",33,14,19
"Keitele","74",45,19,26
"Keitele","75",37,14,23
"Keitele","76",31,19,12
"Keitele","77",27,16,11
"Keitele","78",12,7,5
"Keitele","79",29,13,16
"Keitele","80",17,8,9
"Keitele","81",19,6,13
"Keitele","82",24,17,7
"Keitele","83",14,4,10
"Keitele","84",22,14,8
"Keitele","85",17,4,13
"Keitele","86",19,9,10
"Keitele","87",14,5,9
"Keitele","88",12,4,8
"Keitele","89",6,2,4
"Keitele","90",15,6,9
"Keitele","91",7,0,7
"Keitele","92",4,3,1
"Keitele","93",5,1,4
"Keitele","94",3,0,3
"Keitele","95",0,0,0
"Keitele","96",2,1,1
"Keitele","97",2,2,0
"Keitele","98",1,0,1
"Keitele","99",1,1,0
"Keitele","100 -",1,0,1
"Kemi","0",149,66,83
"Kemi","1",135,67,68
"Kemi","2",170,97,73
"Kemi","3",185,105,80
"Kemi","4",166,83,83
"Kemi","5",161,89,72
"Kemi","6",220,111,109
"Kemi","7",188,103,85
"Kemi","8",215,117,98
"Kemi","9",219,105,114
"Kemi","10",234,134,100
"Kemi","11",221,118,103
"Kemi","12",233,102,131
"Kemi","13",232,119,113
"Kemi","14",212,111,101
"Kemi","15",227,111,116
"Kemi","16",194,91,103
"Kemi","17",195,100,95
"Kemi","18",205,110,95
"Kemi","19",190,105,85
"Kemi","20",198,101,97
"Kemi","21",199,110,89
"Kemi","22",202,98,104
"Kemi","23",174,94,80
"Kemi","24",197,114,83
"Kemi","25",175,105,70
"Kemi","26",168,92,76
"Kemi","27",186,90,96
"Kemi","28",198,110,88
"Kemi","29",218,112,106
"Kemi","30",206,118,88
"Kemi","31",235,126,109
"Kemi","32",222,107,115
"Kemi","33",222,125,97
"Kemi","34",221,127,94
"Kemi","35",207,100,107
"Kemi","36",250,123,127
"Kemi","37",240,121,119
"Kemi","38",196,116,80
"Kemi","39",230,120,110
"Kemi","40",232,123,109
"Kemi","41",215,114,101
"Kemi","42",225,126,99
"Kemi","43",238,118,120
"Kemi","44",220,112,108
"Kemi","45",225,129,96
"Kemi","46",190,91,99
"Kemi","47",188,103,85
"Kemi","48",209,110,99
"Kemi","49",204,104,100
"Kemi","50",215,111,104
"Kemi","51",230,115,115
"Kemi","52",265,125,140
"Kemi","53",267,139,128
"Kemi","54",310,155,155
"Kemi","55",242,115,127
"Kemi","56",270,144,126
"Kemi","57",284,138,146
"Kemi","58",308,142,166
"Kemi","59",320,165,155
"Kemi","60",314,170,144
"Kemi","61",343,163,180
"Kemi","62",298,147,151
"Kemi","63",360,179,181
"Kemi","64",366,173,193
"Kemi","65",342,164,178
"Kemi","66",371,166,205
"Kemi","67",397,200,197
"Kemi","68",324,159,165
"Kemi","69",306,150,156
"Kemi","70",310,173,137
"Kemi","71",324,151,173
"Kemi","72",340,145,195
"Kemi","73",327,167,160
"Kemi","74",262,104,158
"Kemi","75",234,104,130
"Kemi","76",185,88,97
"Kemi","77",187,81,106
"Kemi","78",137,62,75
"Kemi","79",197,80,117
"Kemi","80",151,62,89
"Kemi","81",177,64,113
"Kemi","82",171,73,98
"Kemi","83",157,61,96
"Kemi","84",141,44,97
"Kemi","85",132,53,79
"Kemi","86",104,33,71
"Kemi","87",79,30,49
"Kemi","88",85,25,60
"Kemi","89",80,25,55
"Kemi","90",86,26,60
"Kemi","91",58,16,42
"Kemi","92",48,11,37
"Kemi","93",27,9,18
"Kemi","94",13,7,6
"Kemi","95",18,4,14
"Kemi","96",6,3,3
"Kemi","97",20,5,15
"Kemi","98",4,0,4
"Kemi","99",1,0,1
"Kemi","100 -",3,0,3
"Kemijärvi","0",33,16,17
"Kemijärvi","1",47,26,21
"Kemijärvi","2",31,15,16
"Kemijärvi","3",35,17,18
"Kemijärvi","4",38,18,20
"Kemijärvi","5",42,22,20
"Kemijärvi","6",48,23,25
"Kemijärvi","7",56,28,28
"Kemijärvi","8",42,23,19
"Kemijärvi","9",51,26,25
"Kemijärvi","10",58,30,28
"Kemijärvi","11",45,14,31
"Kemijärvi","12",56,24,32
"Kemijärvi","13",45,24,21
"Kemijärvi","14",68,40,28
"Kemijärvi","15",39,19,20
"Kemijärvi","16",57,33,24
"Kemijärvi","17",55,27,28
"Kemijärvi","18",50,29,21
"Kemijärvi","19",57,37,20
"Kemijärvi","20",32,21,11
"Kemijärvi","21",30,20,10
"Kemijärvi","22",22,10,12
"Kemijärvi","23",34,16,18
"Kemijärvi","24",34,19,15
"Kemijärvi","25",32,16,16
"Kemijärvi","26",43,22,21
"Kemijärvi","27",42,22,20
"Kemijärvi","28",50,23,27
"Kemijärvi","29",51,27,24
"Kemijärvi","30",51,29,22
"Kemijärvi","31",39,22,17
"Kemijärvi","32",48,27,21
"Kemijärvi","33",49,27,22
"Kemijärvi","34",67,31,36
"Kemijärvi","35",62,32,30
"Kemijärvi","36",62,37,25
"Kemijärvi","37",56,34,22
"Kemijärvi","38",54,36,18
"Kemijärvi","39",68,38,30
"Kemijärvi","40",63,37,26
"Kemijärvi","41",56,25,31
"Kemijärvi","42",48,20,28
"Kemijärvi","43",53,28,25
"Kemijärvi","44",49,24,25
"Kemijärvi","45",67,40,27
"Kemijärvi","46",60,28,32
"Kemijärvi","47",61,31,30
"Kemijärvi","48",66,32,34
"Kemijärvi","49",68,28,40
"Kemijärvi","50",66,32,34
"Kemijärvi","51",72,40,32
"Kemijärvi","52",92,51,41
"Kemijärvi","53",112,50,62
"Kemijärvi","54",105,54,51
"Kemijärvi","55",121,70,51
"Kemijärvi","56",112,57,55
"Kemijärvi","57",138,74,64
"Kemijärvi","58",137,78,59
"Kemijärvi","59",143,74,69
"Kemijärvi","60",168,90,78
"Kemijärvi","61",137,80,57
"Kemijärvi","62",149,73,76
"Kemijärvi","63",146,80,66
"Kemijärvi","64",144,79,65
"Kemijärvi","65",157,81,76
"Kemijärvi","66",152,80,72
"Kemijärvi","67",161,84,77
"Kemijärvi","68",161,78,83
"Kemijärvi","69",159,80,79
"Kemijärvi","70",166,90,76
"Kemijärvi","71",148,82,66
"Kemijärvi","72",158,79,79
"Kemijärvi","73",161,78,83
"Kemijärvi","74",133,62,71
"Kemijärvi","75",105,51,54
"Kemijärvi","76",92,42,50
"Kemijärvi","77",96,48,48
"Kemijärvi","78",78,40,38
"Kemijärvi","79",132,61,71
"Kemijärvi","80",80,36,44
"Kemijärvi","81",107,49,58
"Kemijärvi","82",87,33,54
"Kemijärvi","83",93,42,51
"Kemijärvi","84",59,24,35
"Kemijärvi","85",66,31,35
"Kemijärvi","86",59,22,37
"Kemijärvi","87",43,19,24
"Kemijärvi","88",47,17,30
"Kemijärvi","89",48,17,31
"Kemijärvi","90",32,5,27
"Kemijärvi","91",32,11,21
"Kemijärvi","92",20,8,12
"Kemijärvi","93",12,1,11
"Kemijärvi","94",10,4,6
"Kemijärvi","95",9,1,8
"Kemijärvi","96",6,2,4
"Kemijärvi","97",6,4,2
"Kemijärvi","98",2,0,2
"Kemijärvi","99",0,0,0
"Kemijärvi","100 -",2,1,1
"Keminmaa","0",62,33,29
"Keminmaa","1",57,24,33
"Keminmaa","2",75,40,35
"Keminmaa","3",71,30,41
"Keminmaa","4",78,38,40
"Keminmaa","5",90,52,38
"Keminmaa","6",91,52,39
"Keminmaa","7",101,51,50
"Keminmaa","8",99,59,40
"Keminmaa","9",112,54,58
"Keminmaa","10",93,50,43
"Keminmaa","11",101,62,39
"Keminmaa","12",111,53,58
"Keminmaa","13",103,56,47
"Keminmaa","14",89,44,45
"Keminmaa","15",96,46,50
"Keminmaa","16",113,62,51
"Keminmaa","17",94,44,50
"Keminmaa","18",87,44,43
"Keminmaa","19",64,38,26
"Keminmaa","20",73,46,27
"Keminmaa","21",51,25,26
"Keminmaa","22",54,33,21
"Keminmaa","23",70,40,30
"Keminmaa","24",54,36,18
"Keminmaa","25",45,18,27
"Keminmaa","26",62,32,30
"Keminmaa","27",71,32,39
"Keminmaa","28",70,35,35
"Keminmaa","29",71,37,34
"Keminmaa","30",82,42,40
"Keminmaa","31",78,39,39
"Keminmaa","32",85,38,47
"Keminmaa","33",91,48,43
"Keminmaa","34",81,33,48
"Keminmaa","35",91,48,43
"Keminmaa","36",93,56,37
"Keminmaa","37",116,58,58
"Keminmaa","38",89,45,44
"Keminmaa","39",103,51,52
"Keminmaa","40",95,40,55
"Keminmaa","41",95,49,46
"Keminmaa","42",107,52,55
"Keminmaa","43",98,60,38
"Keminmaa","44",88,46,42
"Keminmaa","45",98,51,47
"Keminmaa","46",82,45,37
"Keminmaa","47",83,46,37
"Keminmaa","48",84,49,35
"Keminmaa","49",101,54,47
"Keminmaa","50",83,37,46
"Keminmaa","51",92,44,48
"Keminmaa","52",107,51,56
"Keminmaa","53",102,46,56
"Keminmaa","54",106,60,46
"Keminmaa","55",95,50,45
"Keminmaa","56",123,63,60
"Keminmaa","57",122,64,58
"Keminmaa","58",113,62,51
"Keminmaa","59",128,68,60
"Keminmaa","60",126,65,61
"Keminmaa","61",114,55,59
"Keminmaa","62",112,51,61
"Keminmaa","63",127,62,65
"Keminmaa","64",116,66,50
"Keminmaa","65",125,71,54
"Keminmaa","66",126,55,71
"Keminmaa","67",124,69,55
"Keminmaa","68",133,69,64
"Keminmaa","69",113,56,57
"Keminmaa","70",138,68,70
"Keminmaa","71",122,60,62
"Keminmaa","72",127,67,60
"Keminmaa","73",128,59,69
"Keminmaa","74",112,49,63
"Keminmaa","75",117,60,57
"Keminmaa","76",69,35,34
"Keminmaa","77",68,38,30
"Keminmaa","78",43,22,21
"Keminmaa","79",59,26,33
"Keminmaa","80",54,23,31
"Keminmaa","81",43,19,24
"Keminmaa","82",48,18,30
"Keminmaa","83",42,21,21
"Keminmaa","84",53,22,31
"Keminmaa","85",35,19,16
"Keminmaa","86",40,18,22
"Keminmaa","87",18,6,12
"Keminmaa","88",25,6,19
"Keminmaa","89",23,6,17
"Keminmaa","90",20,6,14
"Keminmaa","91",16,4,12
"Keminmaa","92",12,4,8
"Keminmaa","93",13,5,8
"Keminmaa","94",7,2,5
"Keminmaa","95",6,1,5
"Keminmaa","96",1,0,1
"Keminmaa","97",3,1,2
"Keminmaa","98",2,1,1
"Keminmaa","99",1,0,1
"Keminmaa","100 -",4,3,1
"Kemiönsaari","0",29,16,13
"Kemiönsaari","1",45,23,22
"Kemiönsaari","2",46,21,25
"Kemiönsaari","3",43,25,18
"Kemiönsaari","4",43,21,22
"Kemiönsaari","5",48,27,21
"Kemiönsaari","6",56,24,32
"Kemiönsaari","7",57,28,29
"Kemiönsaari","8",56,26,30
"Kemiönsaari","9",68,32,36
"Kemiönsaari","10",54,29,25
"Kemiönsaari","11",66,37,29
"Kemiönsaari","12",58,32,26
"Kemiönsaari","13",61,25,36
"Kemiönsaari","14",57,28,29
"Kemiönsaari","15",68,33,35
"Kemiönsaari","16",65,33,32
"Kemiönsaari","17",61,35,26
"Kemiönsaari","18",55,31,24
"Kemiönsaari","19",51,28,23
"Kemiönsaari","20",47,25,22
"Kemiönsaari","21",47,25,22
"Kemiönsaari","22",28,18,10
"Kemiönsaari","23",40,19,21
"Kemiönsaari","24",50,24,26
"Kemiönsaari","25",57,37,20
"Kemiönsaari","26",47,30,17
"Kemiönsaari","27",41,22,19
"Kemiönsaari","28",49,29,20
"Kemiönsaari","29",61,36,25
"Kemiönsaari","30",55,28,27
"Kemiönsaari","31",49,26,23
"Kemiönsaari","32",48,26,22
"Kemiönsaari","33",57,28,29
"Kemiönsaari","34",48,21,27
"Kemiönsaari","35",54,31,23
"Kemiönsaari","36",70,43,27
"Kemiönsaari","37",73,42,31
"Kemiönsaari","38",71,36,35
"Kemiönsaari","39",44,19,25
"Kemiönsaari","40",63,32,31
"Kemiönsaari","41",61,33,28
"Kemiönsaari","42",75,38,37
"Kemiönsaari","43",70,35,35
"Kemiönsaari","44",82,43,39
"Kemiönsaari","45",70,40,30
"Kemiönsaari","46",62,26,36
"Kemiönsaari","47",77,41,36
"Kemiönsaari","48",72,37,35
"Kemiönsaari","49",74,32,42
"Kemiönsaari","50",84,36,48
"Kemiönsaari","51",92,46,46
"Kemiönsaari","52",102,56,46
"Kemiönsaari","53",105,64,41
"Kemiönsaari","54",106,56,50
"Kemiönsaari","55",109,53,56
"Kemiönsaari","56",101,52,49
"Kemiönsaari","57",91,45,46
"Kemiönsaari","58",74,40,34
"Kemiönsaari","59",100,46,54
"Kemiönsaari","60",89,41,48
"Kemiönsaari","61",95,47,48
"Kemiönsaari","62",115,53,62
"Kemiönsaari","63",103,53,50
"Kemiönsaari","64",116,68,48
"Kemiönsaari","65",126,61,65
"Kemiönsaari","66",123,62,61
"Kemiönsaari","67",123,55,68
"Kemiönsaari","68",119,64,55
"Kemiönsaari","69",129,54,75
"Kemiönsaari","70",120,63,57
"Kemiönsaari","71",129,59,70
"Kemiönsaari","72",136,71,65
"Kemiönsaari","73",136,82,54
"Kemiönsaari","74",128,68,60
"Kemiönsaari","75",106,55,51
"Kemiönsaari","76",76,39,37
"Kemiönsaari","77",72,29,43
"Kemiönsaari","78",70,29,41
"Kemiönsaari","79",83,34,49
"Kemiönsaari","80",53,27,26
"Kemiönsaari","81",66,33,33
"Kemiönsaari","82",49,27,22
"Kemiönsaari","83",58,28,30
"Kemiönsaari","84",61,27,34
"Kemiönsaari","85",42,20,22
"Kemiönsaari","86",50,20,30
"Kemiönsaari","87",39,8,31
"Kemiönsaari","88",41,16,25
"Kemiönsaari","89",25,12,13
"Kemiönsaari","90",32,12,20
"Kemiönsaari","91",27,8,19
"Kemiönsaari","92",23,11,12
"Kemiönsaari","93",20,8,12
"Kemiönsaari","94",11,4,7
"Kemiönsaari","95",4,2,2
"Kemiönsaari","96",7,2,5
"Kemiönsaari","97",6,1,5
"Kemiönsaari","98",3,0,3
"Kemiönsaari","99",1,0,1
"Kemiönsaari","100 -",4,0,4
"Kempele","0",267,137,130
"Kempele","1",218,107,111
"Kempele","2",257,136,121
"Kempele","3",290,140,150
"Kempele","4",276,130,146
"Kempele","5",312,176,136
"Kempele","6",322,154,168
"Kempele","7",290,137,153
"Kempele","8",330,169,161
"Kempele","9",306,138,168
"Kempele","10",370,200,170
"Kempele","11",341,164,177
"Kempele","12",302,159,143
"Kempele","13",311,152,159
"Kempele","14",309,159,150
"Kempele","15",296,167,129
"Kempele","16",294,159,135
"Kempele","17",277,135,142
"Kempele","18",241,132,109
"Kempele","19",194,115,79
"Kempele","20",179,112,67
"Kempele","21",153,86,67
"Kempele","22",163,85,78
"Kempele","23",141,83,58
"Kempele","24",184,95,89
"Kempele","25",184,93,91
"Kempele","26",172,77,95
"Kempele","27",210,100,110
"Kempele","28",226,119,107
"Kempele","29",194,102,92
"Kempele","30",227,117,110
"Kempele","31",235,106,129
"Kempele","32",240,108,132
"Kempele","33",222,115,107
"Kempele","34",216,103,113
"Kempele","35",250,136,114
"Kempele","36",265,124,141
"Kempele","37",282,139,143
"Kempele","38",309,153,156
"Kempele","39",274,142,132
"Kempele","40",248,119,129
"Kempele","41",293,151,142
"Kempele","42",257,133,124
"Kempele","43",276,145,131
"Kempele","44",265,135,130
"Kempele","45",257,112,145
"Kempele","46",246,118,128
"Kempele","47",229,126,103
"Kempele","48",242,114,128
"Kempele","49",238,112,126
"Kempele","50",247,132,115
"Kempele","51",211,128,83
"Kempele","52",232,117,115
"Kempele","53",230,127,103
"Kempele","54",251,124,127
"Kempele","55",214,114,100
"Kempele","56",208,94,114
"Kempele","57",207,108,99
"Kempele","58",201,102,99
"Kempele","59",232,110,122
"Kempele","60",191,102,89
"Kempele","61",174,80,94
"Kempele","62",209,95,114
"Kempele","63",188,84,104
"Kempele","64",184,92,92
"Kempele","65",169,81,88
"Kempele","66",147,72,75
"Kempele","67",165,75,90
"Kempele","68",175,81,94
"Kempele","69",147,65,82
"Kempele","70",193,96,97
"Kempele","71",186,82,104
"Kempele","72",179,80,99
"Kempele","73",161,72,89
"Kempele","74",168,67,101
"Kempele","75",144,65,79
"Kempele","76",83,34,49
"Kempele","77",114,53,61
"Kempele","78",108,56,52
"Kempele","79",127,58,69
"Kempele","80",88,42,46
"Kempele","81",79,35,44
"Kempele","82",87,43,44
"Kempele","83",74,25,49
"Kempele","84",58,26,32
"Kempele","85",68,32,36
"Kempele","86",51,18,33
"Kempele","87",28,12,16
"Kempele","88",34,17,17
"Kempele","89",27,9,18
"Kempele","90",20,4,16
"Kempele","91",14,5,9
"Kempele","92",11,6,5
"Kempele","93",10,3,7
"Kempele","94",9,4,5
"Kempele","95",4,1,3
"Kempele","96",2,1,1
"Kempele","97",3,1,2
"Kempele","98",1,0,1
"Kempele","99",2,0,2
"Kempele","100 -",1,0,1
"Kerava","0",346,178,168
"Kerava","1",316,144,172
"Kerava","2",347,185,162
"Kerava","3",383,173,210
"Kerava","4",389,208,181
"Kerava","5",394,207,187
"Kerava","6",418,220,198
"Kerava","7",434,215,219
"Kerava","8",383,198,185
"Kerava","9",448,208,240
"Kerava","10",403,189,214
"Kerava","11",469,222,247
"Kerava","12",433,218,215
"Kerava","13",439,228,211
"Kerava","14",451,238,213
"Kerava","15",397,196,201
"Kerava","16",423,225,198
"Kerava","17",414,218,196
"Kerava","18",403,203,200
"Kerava","19",450,233,217
"Kerava","20",407,214,193
"Kerava","21",400,187,213
"Kerava","22",388,194,194
"Kerava","23",416,222,194
"Kerava","24",421,217,204
"Kerava","25",499,265,234
"Kerava","26",553,309,244
"Kerava","27",570,292,278
"Kerava","28",523,285,238
"Kerava","29",535,284,251
"Kerava","30",515,294,221
"Kerava","31",488,246,242
"Kerava","32",489,253,236
"Kerava","33",519,272,247
"Kerava","34",525,253,272
"Kerava","35",515,281,234
"Kerava","36",583,320,263
"Kerava","37",510,268,242
"Kerava","38",556,284,272
"Kerava","39",503,269,234
"Kerava","40",470,253,217
"Kerava","41",488,227,261
"Kerava","42",463,236,227
"Kerava","43",477,242,235
"Kerava","44",528,297,231
"Kerava","45",488,252,236
"Kerava","46",435,236,199
"Kerava","47",425,215,210
"Kerava","48",435,218,217
"Kerava","49",426,216,210
"Kerava","50",424,211,213
"Kerava","51",448,230,218
"Kerava","52",452,230,222
"Kerava","53",464,237,227
"Kerava","54",505,247,258
"Kerava","55",468,226,242
"Kerava","56",496,219,277
"Kerava","57",524,256,268
"Kerava","58",480,244,236
"Kerava","59",482,244,238
"Kerava","60",469,213,256
"Kerava","61",467,236,231
"Kerava","62",434,203,231
"Kerava","63",458,232,226
"Kerava","64",463,205,258
"Kerava","65",430,183,247
"Kerava","66",408,185,223
"Kerava","67",402,175,227
"Kerava","68",453,202,251
"Kerava","69",435,184,251
"Kerava","70",424,178,246
"Kerava","71",476,191,285
"Kerava","72",482,214,268
"Kerava","73",434,195,239
"Kerava","74",456,213,243
"Kerava","75",374,166,208
"Kerava","76",315,131,184
"Kerava","77",291,136,155
"Kerava","78",193,81,112
"Kerava","79",259,119,140
"Kerava","80",190,83,107
"Kerava","81",202,75,127
"Kerava","82",189,76,113
"Kerava","83",154,52,102
"Kerava","84",126,45,81
"Kerava","85",128,52,76
"Kerava","86",105,38,67
"Kerava","87",96,36,60
"Kerava","88",62,19,43
"Kerava","89",61,24,37
"Kerava","90",60,22,38
"Kerava","91",40,10,30
"Kerava","92",45,10,35
"Kerava","93",27,4,23
"Kerava","94",23,4,19
"Kerava","95",11,3,8
"Kerava","96",17,5,12
"Kerava","97",3,0,3
"Kerava","98",4,0,4
"Kerava","99",3,0,3
"Kerava","100 -",3,1,2
"Keuruu","0",60,32,28
"Keuruu","1",48,23,25
"Keuruu","2",65,42,23
"Keuruu","3",60,37,23
"Keuruu","4",72,41,31
"Keuruu","5",79,39,40
"Keuruu","6",101,54,47
"Keuruu","7",94,55,39
"Keuruu","8",91,44,47
"Keuruu","9",107,51,56
"Keuruu","10",103,57,46
"Keuruu","11",99,47,52
"Keuruu","12",91,49,42
"Keuruu","13",95,41,54
"Keuruu","14",87,42,45
"Keuruu","15",84,41,43
"Keuruu","16",104,64,40
"Keuruu","17",95,53,42
"Keuruu","18",92,45,47
"Keuruu","19",66,35,31
"Keuruu","20",57,28,29
"Keuruu","21",48,24,24
"Keuruu","22",70,39,31
"Keuruu","23",60,41,19
"Keuruu","24",61,37,24
"Keuruu","25",70,34,36
"Keuruu","26",58,33,25
"Keuruu","27",66,41,25
"Keuruu","28",61,37,24
"Keuruu","29",86,51,35
"Keuruu","30",75,39,36
"Keuruu","31",73,33,40
"Keuruu","32",87,46,41
"Keuruu","33",80,39,41
"Keuruu","34",70,43,27
"Keuruu","35",81,40,41
"Keuruu","36",81,39,42
"Keuruu","37",80,41,39
"Keuruu","38",92,53,39
"Keuruu","39",91,46,45
"Keuruu","40",101,49,52
"Keuruu","41",102,55,47
"Keuruu","42",96,53,43
"Keuruu","43",82,40,42
"Keuruu","44",89,50,39
"Keuruu","45",117,53,64
"Keuruu","46",112,58,54
"Keuruu","47",91,45,46
"Keuruu","48",94,43,51
"Keuruu","49",101,57,44
"Keuruu","50",97,50,47
"Keuruu","51",107,55,52
"Keuruu","52",138,76,62
"Keuruu","53",119,61,58
"Keuruu","54",120,64,56
"Keuruu","55",119,51,68
"Keuruu","56",133,60,73
"Keuruu","57",155,71,84
"Keuruu","58",142,66,76
"Keuruu","59",143,81,62
"Keuruu","60",161,78,83
"Keuruu","61",138,68,70
"Keuruu","62",170,80,90
"Keuruu","63",181,89,92
"Keuruu","64",169,92,77
"Keuruu","65",165,84,81
"Keuruu","66",165,82,83
"Keuruu","67",179,85,94
"Keuruu","68",189,91,98
"Keuruu","69",188,96,92
"Keuruu","70",189,101,88
"Keuruu","71",183,81,102
"Keuruu","72",221,111,110
"Keuruu","73",180,83,97
"Keuruu","74",172,72,100
"Keuruu","75",171,85,86
"Keuruu","76",110,60,50
"Keuruu","77",91,46,45
"Keuruu","78",96,45,51
"Keuruu","79",121,55,66
"Keuruu","80",85,37,48
"Keuruu","81",105,45,60
"Keuruu","82",91,37,54
"Keuruu","83",79,31,48
"Keuruu","84",72,27,45
"Keuruu","85",70,28,42
"Keuruu","86",65,22,43
"Keuruu","87",54,22,32
"Keuruu","88",42,16,26
"Keuruu","89",37,9,28
"Keuruu","90",40,9,31
"Keuruu","91",26,5,21
"Keuruu","92",25,9,16
"Keuruu","93",19,3,16
"Keuruu","94",9,4,5
"Keuruu","95",10,2,8
"Keuruu","96",8,1,7
"Keuruu","97",4,1,3
"Keuruu","98",2,1,1
"Keuruu","99",2,0,2
"Keuruu","100 -",4,0,4
"Kihniö","0",7,1,6
"Kihniö","1",7,2,5
"Kihniö","2",9,6,3
"Kihniö","3",8,4,4
"Kihniö","4",9,6,3
"Kihniö","5",16,9,7
"Kihniö","6",19,11,8
"Kihniö","7",17,9,8
"Kihniö","8",22,10,12
"Kihniö","9",22,10,12
"Kihniö","10",18,10,8
"Kihniö","11",17,12,5
"Kihniö","12",14,8,6
"Kihniö","13",18,8,10
"Kihniö","14",13,7,6
"Kihniö","15",10,5,5
"Kihniö","16",19,11,8
"Kihniö","17",18,8,10
"Kihniö","18",19,9,10
"Kihniö","19",8,3,5
"Kihniö","20",11,6,5
"Kihniö","21",8,6,2
"Kihniö","22",3,3,0
"Kihniö","23",8,6,2
"Kihniö","24",10,6,4
"Kihniö","25",12,7,5
"Kihniö","26",14,8,6
"Kihniö","27",8,4,4
"Kihniö","28",13,7,6
"Kihniö","29",15,11,4
"Kihniö","30",12,8,4
"Kihniö","31",10,4,6
"Kihniö","32",13,3,10
"Kihniö","33",11,4,7
"Kihniö","34",16,7,9
"Kihniö","35",27,13,14
"Kihniö","36",17,8,9
"Kihniö","37",22,11,11
"Kihniö","38",27,12,15
"Kihniö","39",17,8,9
"Kihniö","40",22,10,12
"Kihniö","41",13,8,5
"Kihniö","42",17,11,6
"Kihniö","43",15,10,5
"Kihniö","44",18,11,7
"Kihniö","45",15,7,8
"Kihniö","46",14,10,4
"Kihniö","47",11,7,4
"Kihniö","48",18,11,7
"Kihniö","49",15,9,6
"Kihniö","50",14,7,7
"Kihniö","51",22,7,15
"Kihniö","52",21,11,10
"Kihniö","53",17,11,6
"Kihniö","54",31,15,16
"Kihniö","55",24,13,11
"Kihniö","56",48,27,21
"Kihniö","57",35,17,18
"Kihniö","58",42,18,24
"Kihniö","59",34,19,15
"Kihniö","60",28,16,12
"Kihniö","61",33,17,16
"Kihniö","62",35,17,18
"Kihniö","63",44,27,17
"Kihniö","64",39,23,16
"Kihniö","65",43,22,21
"Kihniö","66",48,23,25
"Kihniö","67",33,22,11
"Kihniö","68",31,17,14
"Kihniö","69",47,22,25
"Kihniö","70",25,15,10
"Kihniö","71",32,13,19
"Kihniö","72",32,14,18
"Kihniö","73",32,17,15
"Kihniö","74",29,14,15
"Kihniö","75",24,11,13
"Kihniö","76",24,11,13
"Kihniö","77",21,11,10
"Kihniö","78",17,9,8
"Kihniö","79",22,11,11
"Kihniö","80",15,8,7
"Kihniö","81",28,11,17
"Kihniö","82",11,5,6
"Kihniö","83",15,9,6
"Kihniö","84",9,3,6
"Kihniö","85",16,7,9
"Kihniö","86",13,6,7
"Kihniö","87",8,3,5
"Kihniö","88",12,3,9
"Kihniö","89",12,5,7
"Kihniö","90",10,3,7
"Kihniö","91",10,3,7
"Kihniö","92",2,0,2
"Kihniö","93",6,4,2
"Kihniö","94",1,0,1
"Kihniö","95",0,0,0
"Kihniö","96",3,0,3
"Kihniö","97",0,0,0
"Kihniö","98",2,1,1
"Kihniö","99",0,0,0
"Kihniö","100 -",0,0,0
"Kinnula","0",19,11,8
"Kinnula","1",19,10,9
"Kinnula","2",16,12,4
"Kinnula","3",21,9,12
"Kinnula","4",20,9,11
"Kinnula","5",17,10,7
"Kinnula","6",21,8,13
"Kinnula","7",19,11,8
"Kinnula","8",23,12,11
"Kinnula","9",13,9,4
"Kinnula","10",18,9,9
"Kinnula","11",18,8,10
"Kinnula","12",16,10,6
"Kinnula","13",22,10,12
"Kinnula","14",16,7,9
"Kinnula","15",17,10,7
"Kinnula","16",19,11,8
"Kinnula","17",18,9,9
"Kinnula","18",16,8,8
"Kinnula","19",8,5,3
"Kinnula","20",13,9,4
"Kinnula","21",7,6,1
"Kinnula","22",8,3,5
"Kinnula","23",11,6,5
"Kinnula","24",9,3,6
"Kinnula","25",15,11,4
"Kinnula","26",12,5,7
"Kinnula","27",12,7,5
"Kinnula","28",15,10,5
"Kinnula","29",9,6,3
"Kinnula","30",12,8,4
"Kinnula","31",14,10,4
"Kinnula","32",5,2,3
"Kinnula","33",9,6,3
"Kinnula","34",13,7,6
"Kinnula","35",12,9,3
"Kinnula","36",10,5,5
"Kinnula","37",12,8,4
"Kinnula","38",10,3,7
"Kinnula","39",19,6,13
"Kinnula","40",13,6,7
"Kinnula","41",8,7,1
"Kinnula","42",8,5,3
"Kinnula","43",5,3,2
"Kinnula","44",13,9,4
"Kinnula","45",16,6,10
"Kinnula","46",16,8,8
"Kinnula","47",16,8,8
"Kinnula","48",12,3,9
"Kinnula","49",16,9,7
"Kinnula","50",14,9,5
"Kinnula","51",21,16,5
"Kinnula","52",15,8,7
"Kinnula","53",16,11,5
"Kinnula","54",21,11,10
"Kinnula","55",23,8,15
"Kinnula","56",27,21,6
"Kinnula","57",27,9,18
"Kinnula","58",22,13,9
"Kinnula","59",34,19,15
"Kinnula","60",25,9,16
"Kinnula","61",29,21,8
"Kinnula","62",34,17,17
"Kinnula","63",29,17,12
"Kinnula","64",21,13,8
"Kinnula","65",25,16,9
"Kinnula","66",38,20,18
"Kinnula","67",33,21,12
"Kinnula","68",34,16,18
"Kinnula","69",27,13,14
"Kinnula","70",34,21,13
"Kinnula","71",25,15,10
"Kinnula","72",30,19,11
"Kinnula","73",30,17,13
"Kinnula","74",22,11,11
"Kinnula","75",24,12,12
"Kinnula","76",15,8,7
"Kinnula","77",28,11,17
"Kinnula","78",15,9,6
"Kinnula","79",18,12,6
"Kinnula","80",14,3,11
"Kinnula","81",16,7,9
"Kinnula","82",12,7,5
"Kinnula","83",12,5,7
"Kinnula","84",12,7,5
"Kinnula","85",12,9,3
"Kinnula","86",15,5,10
"Kinnula","87",12,3,9
"Kinnula","88",8,2,6
"Kinnula","89",5,2,3
"Kinnula","90",3,1,2
"Kinnula","91",3,0,3
"Kinnula","92",3,1,2
"Kinnula","93",1,1,0
"Kinnula","94",5,2,3
"Kinnula","95",0,0,0
"Kinnula","96",2,0,2
"Kinnula","97",0,0,0
"Kinnula","98",0,0,0
"Kinnula","99",0,0,0
"Kinnula","100 -",0,0,0
"Kirkkonummi","0",352,171,181
"Kirkkonummi","1",344,155,189
"Kirkkonummi","2",399,196,203
"Kirkkonummi","3",429,208,221
"Kirkkonummi","4",442,239,203
"Kirkkonummi","5",454,231,223
"Kirkkonummi","6",536,263,273
"Kirkkonummi","7",523,286,237
"Kirkkonummi","8",564,301,263
"Kirkkonummi","9",576,279,297
"Kirkkonummi","10",600,300,300
"Kirkkonummi","11",567,292,275
"Kirkkonummi","12",610,303,307
"Kirkkonummi","13",624,293,331
"Kirkkonummi","14",601,322,279
"Kirkkonummi","15",578,295,283
"Kirkkonummi","16",577,282,295
"Kirkkonummi","17",585,290,295
"Kirkkonummi","18",529,280,249
"Kirkkonummi","19",481,264,217
"Kirkkonummi","20",423,251,172
"Kirkkonummi","21",362,209,153
"Kirkkonummi","22",289,162,127
"Kirkkonummi","23",313,176,137
"Kirkkonummi","24",308,168,140
"Kirkkonummi","25",324,193,131
"Kirkkonummi","26",339,163,176
"Kirkkonummi","27",391,199,192
"Kirkkonummi","28",417,214,203
"Kirkkonummi","29",449,240,209
"Kirkkonummi","30",421,216,205
"Kirkkonummi","31",445,235,210
"Kirkkonummi","32",457,225,232
"Kirkkonummi","33",444,235,209
"Kirkkonummi","34",449,229,220
"Kirkkonummi","35",493,259,234
"Kirkkonummi","36",490,237,253
"Kirkkonummi","37",517,252,265
"Kirkkonummi","38",585,291,294
"Kirkkonummi","39",554,273,281
"Kirkkonummi","40",598,273,325
"Kirkkonummi","41",592,277,315
"Kirkkonummi","42",587,309,278
"Kirkkonummi","43",622,300,322
"Kirkkonummi","44",649,326,323
"Kirkkonummi","45",635,328,307
"Kirkkonummi","46",615,310,305
"Kirkkonummi","47",562,282,280
"Kirkkonummi","48",631,307,324
"Kirkkonummi","49",608,298,310
"Kirkkonummi","50",619,330,289
"Kirkkonummi","51",634,304,330
"Kirkkonummi","52",668,337,331
"Kirkkonummi","53",661,336,325
"Kirkkonummi","54",632,302,330
"Kirkkonummi","55",601,308,293
"Kirkkonummi","56",607,326,281
"Kirkkonummi","57",558,289,269
"Kirkkonummi","58",517,252,265
"Kirkkonummi","59",523,254,269
"Kirkkonummi","60",493,253,240
"Kirkkonummi","61",470,231,239
"Kirkkonummi","62",445,208,237
"Kirkkonummi","63",473,255,218
"Kirkkonummi","64",470,228,242
"Kirkkonummi","65",458,225,233
"Kirkkonummi","66",433,198,235
"Kirkkonummi","67",445,226,219
"Kirkkonummi","68",416,204,212
"Kirkkonummi","69",404,191,213
"Kirkkonummi","70",413,178,235
"Kirkkonummi","71",395,177,218
"Kirkkonummi","72",426,212,214
"Kirkkonummi","73",399,184,215
"Kirkkonummi","74",385,186,199
"Kirkkonummi","75",318,138,180
"Kirkkonummi","76",283,135,148
"Kirkkonummi","77",258,106,152
"Kirkkonummi","78",199,92,107
"Kirkkonummi","79",262,105,157
"Kirkkonummi","80",153,65,88
"Kirkkonummi","81",172,70,102
"Kirkkonummi","82",170,80,90
"Kirkkonummi","83",133,61,72
"Kirkkonummi","84",103,42,61
"Kirkkonummi","85",104,39,65
"Kirkkonummi","86",93,39,54
"Kirkkonummi","87",73,28,45
"Kirkkonummi","88",67,28,39
"Kirkkonummi","89",45,16,29
"Kirkkonummi","90",51,17,34
"Kirkkonummi","91",29,10,19
"Kirkkonummi","92",28,9,19
"Kirkkonummi","93",25,9,16
"Kirkkonummi","94",6,2,4
"Kirkkonummi","95",12,3,9
"Kirkkonummi","96",9,2,7
"Kirkkonummi","97",2,1,1
"Kirkkonummi","98",1,0,1
"Kirkkonummi","99",0,0,0
"Kirkkonummi","100 -",1,1,0
"Kitee","0",47,20,27
"Kitee","1",36,20,16
"Kitee","2",49,27,22
"Kitee","3",66,37,29
"Kitee","4",69,38,31
"Kitee","5",71,33,38
"Kitee","6",81,42,39
"Kitee","7",83,42,41
"Kitee","8",79,40,39
"Kitee","9",93,45,48
"Kitee","10",89,56,33
"Kitee","11",74,44,30
"Kitee","12",75,32,43
"Kitee","13",96,51,45
"Kitee","14",101,54,47
"Kitee","15",82,47,35
"Kitee","16",91,40,51
"Kitee","17",98,44,54
"Kitee","18",104,60,44
"Kitee","19",66,52,14
"Kitee","20",66,42,24
"Kitee","21",45,34,11
"Kitee","22",36,25,11
"Kitee","23",35,13,22
"Kitee","24",46,22,24
"Kitee","25",54,30,24
"Kitee","26",55,28,27
"Kitee","27",50,24,26
"Kitee","28",76,48,28
"Kitee","29",74,46,28
"Kitee","30",58,28,30
"Kitee","31",81,40,41
"Kitee","32",69,40,29
"Kitee","33",74,42,32
"Kitee","34",76,36,40
"Kitee","35",76,42,34
"Kitee","36",79,41,38
"Kitee","37",87,56,31
"Kitee","38",87,49,38
"Kitee","39",91,45,46
"Kitee","40",87,45,42
"Kitee","41",75,43,32
"Kitee","42",74,36,38
"Kitee","43",86,46,40
"Kitee","44",72,34,38
"Kitee","45",88,42,46
"Kitee","46",97,44,53
"Kitee","47",92,37,55
"Kitee","48",93,39,54
"Kitee","49",95,48,47
"Kitee","50",117,71,46
"Kitee","51",115,54,61
"Kitee","52",143,66,77
"Kitee","53",156,76,80
"Kitee","54",137,72,65
"Kitee","55",140,71,69
"Kitee","56",152,75,77
"Kitee","57",200,108,92
"Kitee","58",152,69,83
"Kitee","59",201,103,98
"Kitee","60",191,93,98
"Kitee","61",175,86,89
"Kitee","62",215,111,104
"Kitee","63",219,119,100
"Kitee","64",218,107,111
"Kitee","65",227,115,112
"Kitee","66",239,119,120
"Kitee","67",223,121,102
"Kitee","68",217,119,98
"Kitee","69",182,88,94
"Kitee","70",198,99,99
"Kitee","71",202,111,91
"Kitee","72",175,84,91
"Kitee","73",191,87,104
"Kitee","74",166,90,76
"Kitee","75",187,94,93
"Kitee","76",136,66,70
"Kitee","77",118,47,71
"Kitee","78",94,44,50
"Kitee","79",136,60,76
"Kitee","80",98,38,60
"Kitee","81",123,58,65
"Kitee","82",102,52,50
"Kitee","83",90,41,49
"Kitee","84",93,35,58
"Kitee","85",85,30,55
"Kitee","86",71,23,48
"Kitee","87",65,20,45
"Kitee","88",55,17,38
"Kitee","89",50,23,27
"Kitee","90",44,12,32
"Kitee","91",32,12,20
"Kitee","92",28,6,22
"Kitee","93",18,8,10
"Kitee","94",10,6,4
"Kitee","95",8,3,5
"Kitee","96",5,0,5
"Kitee","97",2,0,2
"Kitee","98",3,0,3
"Kitee","99",2,0,2
"Kitee","100 -",3,0,3
"Kittilä","0",56,24,32
"Kittilä","1",55,26,29
"Kittilä","2",38,22,16
"Kittilä","3",62,30,32
"Kittilä","4",64,39,25
"Kittilä","5",75,32,43
"Kittilä","6",66,37,29
"Kittilä","7",70,33,37
"Kittilä","8",66,32,34
"Kittilä","9",63,32,31
"Kittilä","10",76,33,43
"Kittilä","11",73,40,33
"Kittilä","12",65,33,32
"Kittilä","13",63,34,29
"Kittilä","14",71,35,36
"Kittilä","15",62,29,33
"Kittilä","16",72,42,30
"Kittilä","17",73,47,26
"Kittilä","18",53,30,23
"Kittilä","19",36,24,12
"Kittilä","20",40,18,22
"Kittilä","21",42,21,21
"Kittilä","22",46,19,27
"Kittilä","23",51,23,28
"Kittilä","24",57,26,31
"Kittilä","25",70,32,38
"Kittilä","26",79,38,41
"Kittilä","27",61,30,31
"Kittilä","28",81,36,45
"Kittilä","29",85,46,39
"Kittilä","30",96,46,50
"Kittilä","31",93,44,49
"Kittilä","32",99,46,53
"Kittilä","33",64,35,29
"Kittilä","34",94,38,56
"Kittilä","35",88,59,29
"Kittilä","36",103,54,49
"Kittilä","37",92,46,46
"Kittilä","38",98,38,60
"Kittilä","39",89,43,46
"Kittilä","40",71,41,30
"Kittilä","41",102,55,47
"Kittilä","42",77,41,36
"Kittilä","43",86,42,44
"Kittilä","44",104,47,57
"Kittilä","45",75,36,39
"Kittilä","46",68,33,35
"Kittilä","47",63,36,27
"Kittilä","48",64,33,31
"Kittilä","49",70,32,38
"Kittilä","50",89,37,52
"Kittilä","51",77,36,41
"Kittilä","52",95,47,48
"Kittilä","53",88,45,43
"Kittilä","54",98,55,43
"Kittilä","55",99,51,48
"Kittilä","56",115,67,48
"Kittilä","57",104,54,50
"Kittilä","58",100,43,57
"Kittilä","59",107,62,45
"Kittilä","60",107,57,50
"Kittilä","61",105,52,53
"Kittilä","62",92,45,47
"Kittilä","63",98,52,46
"Kittilä","64",113,65,48
"Kittilä","65",96,52,44
"Kittilä","66",70,33,37
"Kittilä","67",92,51,41
"Kittilä","68",92,52,40
"Kittilä","69",89,43,46
"Kittilä","70",90,47,43
"Kittilä","71",80,38,42
"Kittilä","72",81,44,37
"Kittilä","73",71,36,35
"Kittilä","74",77,41,36
"Kittilä","75",32,15,17
"Kittilä","76",34,18,16
"Kittilä","77",41,24,17
"Kittilä","78",25,13,12
"Kittilä","79",57,24,33
"Kittilä","80",32,15,17
"Kittilä","81",41,15,26
"Kittilä","82",33,8,25
"Kittilä","83",37,14,23
"Kittilä","84",36,18,18
"Kittilä","85",32,16,16
"Kittilä","86",28,7,21
"Kittilä","87",22,14,8
"Kittilä","88",17,7,10
"Kittilä","89",20,9,11
"Kittilä","90",11,3,8
"Kittilä","91",16,5,11
"Kittilä","92",11,3,8
"Kittilä","93",6,0,6
"Kittilä","94",5,0,5
"Kittilä","95",4,2,2
"Kittilä","96",2,0,2
"Kittilä","97",0,0,0
"Kittilä","98",1,1,0
"Kittilä","99",1,0,1
"Kittilä","100 -",0,0,0
"Kiuruvesi","0",72,41,31
"Kiuruvesi","1",54,23,31
"Kiuruvesi","2",68,37,31
"Kiuruvesi","3",76,44,32
"Kiuruvesi","4",68,38,30
"Kiuruvesi","5",76,39,37
"Kiuruvesi","6",73,43,30
"Kiuruvesi","7",73,39,34
"Kiuruvesi","8",86,34,52
"Kiuruvesi","9",81,39,42
"Kiuruvesi","10",80,30,50
"Kiuruvesi","11",92,46,46
"Kiuruvesi","12",70,26,44
"Kiuruvesi","13",83,39,44
"Kiuruvesi","14",90,47,43
"Kiuruvesi","15",89,50,39
"Kiuruvesi","16",86,51,35
"Kiuruvesi","17",84,44,40
"Kiuruvesi","18",72,33,39
"Kiuruvesi","19",67,42,25
"Kiuruvesi","20",52,29,23
"Kiuruvesi","21",41,26,15
"Kiuruvesi","22",57,31,26
"Kiuruvesi","23",49,27,22
"Kiuruvesi","24",49,26,23
"Kiuruvesi","25",53,31,22
"Kiuruvesi","26",87,45,42
"Kiuruvesi","27",68,36,32
"Kiuruvesi","28",76,40,36
"Kiuruvesi","29",66,25,41
"Kiuruvesi","30",69,35,34
"Kiuruvesi","31",61,36,25
"Kiuruvesi","32",72,42,30
"Kiuruvesi","33",68,33,35
"Kiuruvesi","34",73,39,34
"Kiuruvesi","35",77,38,39
"Kiuruvesi","36",77,40,37
"Kiuruvesi","37",96,55,41
"Kiuruvesi","38",78,42,36
"Kiuruvesi","39",75,45,30
"Kiuruvesi","40",61,32,29
"Kiuruvesi","41",70,39,31
"Kiuruvesi","42",80,39,41
"Kiuruvesi","43",88,43,45
"Kiuruvesi","44",75,40,35
"Kiuruvesi","45",72,42,30
"Kiuruvesi","46",71,42,29
"Kiuruvesi","47",49,18,31
"Kiuruvesi","48",71,35,36
"Kiuruvesi","49",75,39,36
"Kiuruvesi","50",90,45,45
"Kiuruvesi","51",121,63,58
"Kiuruvesi","52",103,49,54
"Kiuruvesi","53",88,33,55
"Kiuruvesi","54",101,59,42
"Kiuruvesi","55",122,78,44
"Kiuruvesi","56",120,56,64
"Kiuruvesi","57",130,62,68
"Kiuruvesi","58",131,74,57
"Kiuruvesi","59",108,52,56
"Kiuruvesi","60",138,79,59
"Kiuruvesi","61",137,76,61
"Kiuruvesi","62",139,59,80
"Kiuruvesi","63",156,81,75
"Kiuruvesi","64",135,67,68
"Kiuruvesi","65",145,87,58
"Kiuruvesi","66",145,72,73
"Kiuruvesi","67",133,63,70
"Kiuruvesi","68",137,69,68
"Kiuruvesi","69",143,83,60
"Kiuruvesi","70",132,64,68
"Kiuruvesi","71",116,54,62
"Kiuruvesi","72",127,71,56
"Kiuruvesi","73",122,73,49
"Kiuruvesi","74",130,62,68
"Kiuruvesi","75",104,47,57
"Kiuruvesi","76",91,46,45
"Kiuruvesi","77",75,39,36
"Kiuruvesi","78",75,31,44
"Kiuruvesi","79",93,40,53
"Kiuruvesi","80",60,23,37
"Kiuruvesi","81",66,36,30
"Kiuruvesi","82",62,28,34
"Kiuruvesi","83",62,21,41
"Kiuruvesi","84",61,25,36
"Kiuruvesi","85",60,19,41
"Kiuruvesi","86",49,24,25
"Kiuruvesi","87",43,18,25
"Kiuruvesi","88",36,14,22
"Kiuruvesi","89",30,17,13
"Kiuruvesi","90",32,9,23
"Kiuruvesi","91",31,11,20
"Kiuruvesi","92",24,10,14
"Kiuruvesi","93",15,7,8
"Kiuruvesi","94",16,6,10
"Kiuruvesi","95",7,2,5
"Kiuruvesi","96",3,0,3
"Kiuruvesi","97",2,0,2
"Kiuruvesi","98",9,2,7
"Kiuruvesi","99",2,0,2
"Kiuruvesi","100 -",1,0,1
"Kivijärvi","0",8,7,1
"Kivijärvi","1",8,4,4
"Kivijärvi","2",12,7,5
"Kivijärvi","3",7,3,4
"Kivijärvi","4",7,4,3
"Kivijärvi","5",7,3,4
"Kivijärvi","6",11,4,7
"Kivijärvi","7",8,6,2
"Kivijärvi","8",11,6,5
"Kivijärvi","9",5,2,3
"Kivijärvi","10",9,3,6
"Kivijärvi","11",11,6,5
"Kivijärvi","12",12,5,7
"Kivijärvi","13",16,9,7
"Kivijärvi","14",14,7,7
"Kivijärvi","15",15,7,8
"Kivijärvi","16",8,2,6
"Kivijärvi","17",5,1,4
"Kivijärvi","18",6,3,3
"Kivijärvi","19",5,4,1
"Kivijärvi","20",6,1,5
"Kivijärvi","21",3,2,1
"Kivijärvi","22",3,2,1
"Kivijärvi","23",3,0,3
"Kivijärvi","24",9,3,6
"Kivijärvi","25",7,5,2
"Kivijärvi","26",9,6,3
"Kivijärvi","27",8,4,4
"Kivijärvi","28",10,5,5
"Kivijärvi","29",9,5,4
"Kivijärvi","30",2,2,0
"Kivijärvi","31",6,3,3
"Kivijärvi","32",10,8,2
"Kivijärvi","33",9,8,1
"Kivijärvi","34",5,3,2
"Kivijärvi","35",12,6,6
"Kivijärvi","36",2,1,1
"Kivijärvi","37",7,7,0
"Kivijärvi","38",7,6,1
"Kivijärvi","39",16,9,7
"Kivijärvi","40",11,6,5
"Kivijärvi","41",8,4,4
"Kivijärvi","42",12,6,6
"Kivijärvi","43",4,3,1
"Kivijärvi","44",7,5,2
"Kivijärvi","45",8,2,6
"Kivijärvi","46",5,2,3
"Kivijärvi","47",9,6,3
"Kivijärvi","48",15,11,4
"Kivijärvi","49",5,1,4
"Kivijärvi","50",12,9,3
"Kivijärvi","51",18,9,9
"Kivijärvi","52",18,7,11
"Kivijärvi","53",14,9,5
"Kivijärvi","54",13,8,5
"Kivijärvi","55",19,12,7
"Kivijärvi","56",14,7,7
"Kivijärvi","57",22,13,9
"Kivijärvi","58",13,4,9
"Kivijärvi","59",22,13,9
"Kivijärvi","60",18,10,8
"Kivijärvi","61",19,6,13
"Kivijärvi","62",20,9,11
"Kivijärvi","63",15,10,5
"Kivijärvi","64",28,16,12
"Kivijärvi","65",21,10,11
"Kivijärvi","66",21,12,9
"Kivijärvi","67",21,10,11
"Kivijärvi","68",25,14,11
"Kivijärvi","69",22,14,8
"Kivijärvi","70",17,10,7
"Kivijärvi","71",27,14,13
"Kivijärvi","72",24,12,12
"Kivijärvi","73",18,8,10
"Kivijärvi","74",20,11,9
"Kivijärvi","75",20,13,7
"Kivijärvi","76",22,13,9
"Kivijärvi","77",16,11,5
"Kivijärvi","78",14,9,5
"Kivijärvi","79",23,7,16
"Kivijärvi","80",12,7,5
"Kivijärvi","81",15,6,9
"Kivijärvi","82",10,2,8
"Kivijärvi","83",14,7,7
"Kivijärvi","84",10,6,4
"Kivijärvi","85",10,2,8
"Kivijärvi","86",10,3,7
"Kivijärvi","87",10,5,5
"Kivijärvi","88",6,0,6
"Kivijärvi","89",2,1,1
"Kivijärvi","90",2,2,0
"Kivijärvi","91",3,0,3
"Kivijärvi","92",3,3,0
"Kivijärvi","93",5,4,1
"Kivijärvi","94",4,1,3
"Kivijärvi","95",0,0,0
"Kivijärvi","96",1,1,0
"Kivijärvi","97",0,0,0
"Kivijärvi","98",1,1,0
"Kivijärvi","99",1,0,1
"Kivijärvi","100 -",0,0,0
"Kokemäki","0",44,25,19
"Kokemäki","1",40,27,13
"Kokemäki","2",49,25,24
"Kokemäki","3",62,27,35
"Kokemäki","4",61,33,28
"Kokemäki","5",63,38,25
"Kokemäki","6",50,28,22
"Kokemäki","7",58,27,31
"Kokemäki","8",58,39,19
"Kokemäki","9",55,29,26
"Kokemäki","10",66,34,32
"Kokemäki","11",58,28,30
"Kokemäki","12",75,35,40
"Kokemäki","13",80,43,37
"Kokemäki","14",80,37,43
"Kokemäki","15",64,33,31
"Kokemäki","16",87,38,49
"Kokemäki","17",62,33,29
"Kokemäki","18",63,26,37
"Kokemäki","19",60,32,28
"Kokemäki","20",53,29,24
"Kokemäki","21",34,18,16
"Kokemäki","22",54,38,16
"Kokemäki","23",49,28,21
"Kokemäki","24",55,39,16
"Kokemäki","25",61,32,29
"Kokemäki","26",55,28,27
"Kokemäki","27",64,35,29
"Kokemäki","28",51,27,24
"Kokemäki","29",51,24,27
"Kokemäki","30",83,40,43
"Kokemäki","31",84,50,34
"Kokemäki","32",76,44,32
"Kokemäki","33",59,30,29
"Kokemäki","34",49,24,25
"Kokemäki","35",67,38,29
"Kokemäki","36",78,33,45
"Kokemäki","37",64,38,26
"Kokemäki","38",67,43,24
"Kokemäki","39",63,30,33
"Kokemäki","40",71,39,32
"Kokemäki","41",63,26,37
"Kokemäki","42",58,35,23
"Kokemäki","43",72,44,28
"Kokemäki","44",87,44,43
"Kokemäki","45",89,39,50
"Kokemäki","46",86,37,49
"Kokemäki","47",78,38,40
"Kokemäki","48",88,51,37
"Kokemäki","49",86,39,47
"Kokemäki","50",81,44,37
"Kokemäki","51",90,52,38
"Kokemäki","52",82,45,37
"Kokemäki","53",103,49,54
"Kokemäki","54",114,60,54
"Kokemäki","55",98,44,54
"Kokemäki","56",126,58,68
"Kokemäki","57",114,61,53
"Kokemäki","58",119,68,51
"Kokemäki","59",109,60,49
"Kokemäki","60",118,60,58
"Kokemäki","61",109,47,62
"Kokemäki","62",114,57,57
"Kokemäki","63",123,53,70
"Kokemäki","64",119,69,50
"Kokemäki","65",122,61,61
"Kokemäki","66",93,51,42
"Kokemäki","67",111,61,50
"Kokemäki","68",115,56,59
"Kokemäki","69",125,65,60
"Kokemäki","70",111,49,62
"Kokemäki","71",119,56,63
"Kokemäki","72",144,77,67
"Kokemäki","73",121,57,64
"Kokemäki","74",110,60,50
"Kokemäki","75",110,54,56
"Kokemäki","76",77,37,40
"Kokemäki","77",85,36,49
"Kokemäki","78",50,21,29
"Kokemäki","79",81,34,47
"Kokemäki","80",55,23,32
"Kokemäki","81",67,27,40
"Kokemäki","82",71,32,39
"Kokemäki","83",51,18,33
"Kokemäki","84",56,24,32
"Kokemäki","85",51,25,26
"Kokemäki","86",44,18,26
"Kokemäki","87",27,8,19
"Kokemäki","88",31,12,19
"Kokemäki","89",25,6,19
"Kokemäki","90",22,7,15
"Kokemäki","91",24,7,17
"Kokemäki","92",15,7,8
"Kokemäki","93",22,7,15
"Kokemäki","94",6,3,3
"Kokemäki","95",8,1,7
"Kokemäki","96",7,0,7
"Kokemäki","97",4,1,3
"Kokemäki","98",2,0,2
"Kokemäki","99",2,0,2
"Kokemäki","100 -",0,0,0
"Kokkola","0",494,253,241
"Kokkola","1",487,244,243
"Kokkola","2",517,267,250
"Kokkola","3",534,273,261
"Kokkola","4",566,274,292
"Kokkola","5",574,299,275
"Kokkola","6",663,325,338
"Kokkola","7",631,322,309
"Kokkola","8",642,352,290
"Kokkola","9",646,317,329
"Kokkola","10",627,332,295
"Kokkola","11",653,344,309
"Kokkola","12",612,329,283
"Kokkola","13",642,318,324
"Kokkola","14",601,293,308
"Kokkola","15",585,283,302
"Kokkola","16",559,302,257
"Kokkola","17",594,297,297
"Kokkola","18",622,307,315
"Kokkola","19",599,299,300
"Kokkola","20",548,291,257
"Kokkola","21",465,256,209
"Kokkola","22",482,278,204
"Kokkola","23",505,268,237
"Kokkola","24",535,274,261
"Kokkola","25",533,266,267
"Kokkola","26",573,281,292
"Kokkola","27",580,311,269
"Kokkola","28",529,269,260
"Kokkola","29",512,281,231
"Kokkola","30",585,302,283
"Kokkola","31",576,290,286
"Kokkola","32",570,279,291
"Kokkola","33",606,328,278
"Kokkola","34",609,311,298
"Kokkola","35",601,304,297
"Kokkola","36",627,335,292
"Kokkola","37",565,280,285
"Kokkola","38",609,290,319
"Kokkola","39",579,289,290
"Kokkola","40",593,312,281
"Kokkola","41",550,285,265
"Kokkola","42",569,304,265
"Kokkola","43",607,287,320
"Kokkola","44",586,282,304
"Kokkola","45",571,296,275
"Kokkola","46",510,263,247
"Kokkola","47",475,252,223
"Kokkola","48",527,269,258
"Kokkola","49",544,271,273
"Kokkola","50",505,262,243
"Kokkola","51",539,297,242
"Kokkola","52",555,277,278
"Kokkola","53",641,328,313
"Kokkola","54",567,284,283
"Kokkola","55",572,290,282
"Kokkola","56",552,288,264
"Kokkola","57",594,286,308
"Kokkola","58",583,303,280
"Kokkola","59",560,272,288
"Kokkola","60",540,266,274
"Kokkola","61",568,265,303
"Kokkola","62",478,234,244
"Kokkola","63",562,274,288
"Kokkola","64",593,301,292
"Kokkola","65",589,271,318
"Kokkola","66",587,269,318
"Kokkola","67",591,282,309
"Kokkola","68",613,296,317
"Kokkola","69",585,278,307
"Kokkola","70",615,299,316
"Kokkola","71",635,284,351
"Kokkola","72",674,326,348
"Kokkola","73",651,285,366
"Kokkola","74",611,301,310
"Kokkola","75",535,255,280
"Kokkola","76",396,178,218
"Kokkola","77",377,179,198
"Kokkola","78",275,124,151
"Kokkola","79",415,190,225
"Kokkola","80",285,116,169
"Kokkola","81",303,123,180
"Kokkola","82",273,129,144
"Kokkola","83",230,93,137
"Kokkola","84",227,72,155
"Kokkola","85",214,82,132
"Kokkola","86",186,70,116
"Kokkola","87",153,49,104
"Kokkola","88",168,55,113
"Kokkola","89",133,61,72
"Kokkola","90",124,37,87
"Kokkola","91",87,27,60
"Kokkola","92",73,25,48
"Kokkola","93",47,9,38
"Kokkola","94",49,13,36
"Kokkola","95",29,4,25
"Kokkola","96",21,6,15
"Kokkola","97",16,4,12
"Kokkola","98",9,2,7
"Kokkola","99",10,1,9
"Kokkola","100 -",8,1,7
"Kolari","0",27,12,15
"Kolari","1",31,19,12
"Kolari","2",26,10,16
"Kolari","3",42,21,21
"Kolari","4",34,19,15
"Kolari","5",41,20,21
"Kolari","6",59,29,30
"Kolari","7",47,27,20
"Kolari","8",32,17,15
"Kolari","9",50,23,27
"Kolari","10",38,24,14
"Kolari","11",43,19,24
"Kolari","12",41,22,19
"Kolari","13",48,27,21
"Kolari","14",39,20,19
"Kolari","15",32,17,15
"Kolari","16",44,26,18
"Kolari","17",27,12,15
"Kolari","18",31,17,14
"Kolari","19",23,14,9
"Kolari","20",29,16,13
"Kolari","21",28,20,8
"Kolari","22",17,8,9
"Kolari","23",15,4,11
"Kolari","24",25,12,13
"Kolari","25",29,12,17
"Kolari","26",42,25,17
"Kolari","27",40,19,21
"Kolari","28",45,22,23
"Kolari","29",46,22,24
"Kolari","30",48,22,26
"Kolari","31",55,31,24
"Kolari","32",39,13,26
"Kolari","33",48,25,23
"Kolari","34",45,23,22
"Kolari","35",46,20,26
"Kolari","36",54,25,29
"Kolari","37",45,20,25
"Kolari","38",56,30,26
"Kolari","39",57,23,34
"Kolari","40",50,30,20
"Kolari","41",48,28,20
"Kolari","42",37,22,15
"Kolari","43",32,12,20
"Kolari","44",36,18,18
"Kolari","45",37,20,17
"Kolari","46",39,23,16
"Kolari","47",38,21,17
"Kolari","48",38,21,17
"Kolari","49",30,11,19
"Kolari","50",36,21,15
"Kolari","51",40,17,23
"Kolari","52",55,31,24
"Kolari","53",50,26,24
"Kolari","54",63,33,30
"Kolari","55",56,28,28
"Kolari","56",72,40,32
"Kolari","57",61,28,33
"Kolari","58",70,27,43
"Kolari","59",71,39,32
"Kolari","60",66,34,32
"Kolari","61",68,31,37
"Kolari","62",76,39,37
"Kolari","63",55,34,21
"Kolari","64",72,38,34
"Kolari","65",71,34,37
"Kolari","66",66,35,31
"Kolari","67",65,32,33
"Kolari","68",71,41,30
"Kolari","69",60,36,24
"Kolari","70",70,36,34
"Kolari","71",59,28,31
"Kolari","72",57,31,26
"Kolari","73",55,32,23
"Kolari","74",58,29,29
"Kolari","75",35,18,17
"Kolari","76",40,19,21
"Kolari","77",36,19,17
"Kolari","78",38,23,15
"Kolari","79",36,15,21
"Kolari","80",28,15,13
"Kolari","81",35,16,19
"Kolari","82",32,12,20
"Kolari","83",23,11,12
"Kolari","84",24,11,13
"Kolari","85",13,4,9
"Kolari","86",20,7,13
"Kolari","87",22,10,12
"Kolari","88",13,4,9
"Kolari","89",13,3,10
"Kolari","90",10,5,5
"Kolari","91",7,3,4
"Kolari","92",0,0,0
"Kolari","93",3,1,2
"Kolari","94",3,2,1
"Kolari","95",0,0,0
"Kolari","96",2,0,2
"Kolari","97",0,0,0
"Kolari","98",0,0,0
"Kolari","99",0,0,0
"Kolari","100 -",0,0,0
"Konnevesi","0",14,8,6
"Konnevesi","1",10,5,5
"Konnevesi","2",18,12,6
"Konnevesi","3",20,9,11
"Konnevesi","4",17,7,10
"Konnevesi","5",26,11,15
"Konnevesi","6",19,7,12
"Konnevesi","7",19,9,10
"Konnevesi","8",18,7,11
"Konnevesi","9",28,12,16
"Konnevesi","10",29,15,14
"Konnevesi","11",24,9,15
"Konnevesi","12",30,15,15
"Konnevesi","13",33,20,13
"Konnevesi","14",23,10,13
"Konnevesi","15",31,17,14
"Konnevesi","16",27,14,13
"Konnevesi","17",33,12,21
"Konnevesi","18",16,7,9
"Konnevesi","19",24,13,11
"Konnevesi","20",18,10,8
"Konnevesi","21",8,5,3
"Konnevesi","22",10,7,3
"Konnevesi","23",18,10,8
"Konnevesi","24",20,11,9
"Konnevesi","25",4,3,1
"Konnevesi","26",16,7,9
"Konnevesi","27",21,14,7
"Konnevesi","28",24,16,8
"Konnevesi","29",13,6,7
"Konnevesi","30",15,8,7
"Konnevesi","31",21,12,9
"Konnevesi","32",21,11,10
"Konnevesi","33",19,7,12
"Konnevesi","34",23,14,9
"Konnevesi","35",23,12,11
"Konnevesi","36",15,8,7
"Konnevesi","37",15,7,8
"Konnevesi","38",34,17,17
"Konnevesi","39",30,16,14
"Konnevesi","40",28,17,11
"Konnevesi","41",24,5,19
"Konnevesi","42",29,17,12
"Konnevesi","43",21,13,8
"Konnevesi","44",30,14,16
"Konnevesi","45",18,10,8
"Konnevesi","46",27,16,11
"Konnevesi","47",32,19,13
"Konnevesi","48",34,14,20
"Konnevesi","49",21,16,5
"Konnevesi","50",23,13,10
"Konnevesi","51",28,19,9
"Konnevesi","52",31,20,11
"Konnevesi","53",40,21,19
"Konnevesi","54",38,21,17
"Konnevesi","55",39,20,19
"Konnevesi","56",40,20,20
"Konnevesi","57",55,32,23
"Konnevesi","58",37,16,21
"Konnevesi","59",40,22,18
"Konnevesi","60",45,21,24
"Konnevesi","61",47,25,22
"Konnevesi","62",58,36,22
"Konnevesi","63",49,29,20
"Konnevesi","64",45,18,27
"Konnevesi","65",40,24,16
"Konnevesi","66",46,20,26
"Konnevesi","67",43,25,18
"Konnevesi","68",47,30,17
"Konnevesi","69",44,25,19
"Konnevesi","70",52,28,24
"Konnevesi","71",52,29,23
"Konnevesi","72",63,29,34
"Konnevesi","73",55,26,29
"Konnevesi","74",46,24,22
"Konnevesi","75",26,16,10
"Konnevesi","76",27,12,15
"Konnevesi","77",26,11,15
"Konnevesi","78",21,7,14
"Konnevesi","79",32,16,16
"Konnevesi","80",23,13,10
"Konnevesi","81",25,8,17
"Konnevesi","82",25,11,14
"Konnevesi","83",30,14,16
"Konnevesi","84",31,12,19
"Konnevesi","85",17,11,6
"Konnevesi","86",20,10,10
"Konnevesi","87",17,7,10
"Konnevesi","88",17,7,10
"Konnevesi","89",15,4,11
"Konnevesi","90",10,4,6
"Konnevesi","91",10,4,6
"Konnevesi","92",4,3,1
"Konnevesi","93",6,3,3
"Konnevesi","94",6,0,6
"Konnevesi","95",2,1,1
"Konnevesi","96",4,1,3
"Konnevesi","97",0,0,0
"Konnevesi","98",3,1,2
"Konnevesi","99",0,0,0
"Konnevesi","100 -",2,0,2
"Kontiolahti","0",154,83,71
"Kontiolahti","1",164,94,70
"Kontiolahti","2",157,84,73
"Kontiolahti","3",177,98,79
"Kontiolahti","4",195,96,99
"Kontiolahti","5",202,91,111
"Kontiolahti","6",244,114,130
"Kontiolahti","7",235,111,124
"Kontiolahti","8",227,113,114
"Kontiolahti","9",241,107,134
"Kontiolahti","10",251,129,122
"Kontiolahti","11",217,104,113
"Kontiolahti","12",239,120,119
"Kontiolahti","13",223,118,105
"Kontiolahti","14",206,108,98
"Kontiolahti","15",227,125,102
"Kontiolahti","16",187,88,99
"Kontiolahti","17",215,117,98
"Kontiolahti","18",178,90,88
"Kontiolahti","19",159,93,66
"Kontiolahti","20",89,57,32
"Kontiolahti","21",94,56,38
"Kontiolahti","22",72,41,31
"Kontiolahti","23",81,46,35
"Kontiolahti","24",96,52,44
"Kontiolahti","25",123,61,62
"Kontiolahti","26",120,60,60
"Kontiolahti","27",137,64,73
"Kontiolahti","28",148,78,70
"Kontiolahti","29",147,78,69
"Kontiolahti","30",153,75,78
"Kontiolahti","31",178,90,88
"Kontiolahti","32",169,88,81
"Kontiolahti","33",182,90,92
"Kontiolahti","34",191,93,98
"Kontiolahti","35",193,98,95
"Kontiolahti","36",201,96,105
"Kontiolahti","37",251,123,128
"Kontiolahti","38",251,123,128
"Kontiolahti","39",250,134,116
"Kontiolahti","40",224,121,103
"Kontiolahti","41",192,101,91
"Kontiolahti","42",205,107,98
"Kontiolahti","43",242,130,112
"Kontiolahti","44",221,114,107
"Kontiolahti","45",245,120,125
"Kontiolahti","46",203,111,92
"Kontiolahti","47",166,81,85
"Kontiolahti","48",194,102,92
"Kontiolahti","49",185,89,96
"Kontiolahti","50",196,102,94
"Kontiolahti","51",199,97,102
"Kontiolahti","52",190,106,84
"Kontiolahti","53",190,99,91
"Kontiolahti","54",176,97,79
"Kontiolahti","55",198,103,95
"Kontiolahti","56",201,97,104
"Kontiolahti","57",205,112,93
"Kontiolahti","58",185,90,95
"Kontiolahti","59",189,97,92
"Kontiolahti","60",201,106,95
"Kontiolahti","61",207,104,103
"Kontiolahti","62",186,92,94
"Kontiolahti","63",188,95,93
"Kontiolahti","64",189,101,88
"Kontiolahti","65",200,104,96
"Kontiolahti","66",198,97,101
"Kontiolahti","67",186,94,92
"Kontiolahti","68",188,95,93
"Kontiolahti","69",173,88,85
"Kontiolahti","70",179,82,97
"Kontiolahti","71",165,94,71
"Kontiolahti","72",163,74,89
"Kontiolahti","73",136,73,63
"Kontiolahti","74",138,75,63
"Kontiolahti","75",128,71,57
"Kontiolahti","76",75,37,38
"Kontiolahti","77",90,51,39
"Kontiolahti","78",76,43,33
"Kontiolahti","79",77,30,47
"Kontiolahti","80",61,29,32
"Kontiolahti","81",57,30,27
"Kontiolahti","82",49,22,27
"Kontiolahti","83",40,18,22
"Kontiolahti","84",49,19,30
"Kontiolahti","85",40,15,25
"Kontiolahti","86",34,13,21
"Kontiolahti","87",30,11,19
"Kontiolahti","88",23,8,15
"Kontiolahti","89",17,7,10
"Kontiolahti","90",17,7,10
"Kontiolahti","91",18,3,15
"Kontiolahti","92",16,5,11
"Kontiolahti","93",8,3,5
"Kontiolahti","94",7,2,5
"Kontiolahti","95",9,2,7
"Kontiolahti","96",6,1,5
"Kontiolahti","97",2,1,1
"Kontiolahti","98",1,0,1
"Kontiolahti","99",0,0,0
"Kontiolahti","100 -",0,0,0
"Korsnäs","0",8,5,3
"Korsnäs","1",17,13,4
"Korsnäs","2",15,10,5
"Korsnäs","3",20,10,10
"Korsnäs","4",17,8,9
"Korsnäs","5",23,12,11
"Korsnäs","6",33,17,16
"Korsnäs","7",11,4,7
"Korsnäs","8",19,11,8
"Korsnäs","9",21,11,10
"Korsnäs","10",28,13,15
"Korsnäs","11",27,14,13
"Korsnäs","12",23,11,12
"Korsnäs","13",20,13,7
"Korsnäs","14",17,8,9
"Korsnäs","15",17,11,6
"Korsnäs","16",16,13,3
"Korsnäs","17",22,15,7
"Korsnäs","18",17,10,7
"Korsnäs","19",18,10,8
"Korsnäs","20",14,6,8
"Korsnäs","21",23,15,8
"Korsnäs","22",23,13,10
"Korsnäs","23",21,10,11
"Korsnäs","24",17,10,7
"Korsnäs","25",25,13,12
"Korsnäs","26",25,15,10
"Korsnäs","27",15,8,7
"Korsnäs","28",14,9,5
"Korsnäs","29",26,15,11
"Korsnäs","30",27,17,10
"Korsnäs","31",18,7,11
"Korsnäs","32",23,11,12
"Korsnäs","33",19,8,11
"Korsnäs","34",28,16,12
"Korsnäs","35",24,14,10
"Korsnäs","36",20,11,9
"Korsnäs","37",23,11,12
"Korsnäs","38",14,6,8
"Korsnäs","39",25,13,12
"Korsnäs","40",25,13,12
"Korsnäs","41",26,13,13
"Korsnäs","42",24,12,12
"Korsnäs","43",26,14,12
"Korsnäs","44",21,13,8
"Korsnäs","45",22,15,7
"Korsnäs","46",29,15,14
"Korsnäs","47",21,12,9
"Korsnäs","48",24,15,9
"Korsnäs","49",19,11,8
"Korsnäs","50",22,11,11
"Korsnäs","51",23,12,11
"Korsnäs","52",24,8,16
"Korsnäs","53",31,18,13
"Korsnäs","54",17,9,8
"Korsnäs","55",32,19,13
"Korsnäs","56",35,13,22
"Korsnäs","57",22,11,11
"Korsnäs","58",32,15,17
"Korsnäs","59",30,15,15
"Korsnäs","60",35,20,15
"Korsnäs","61",25,7,18
"Korsnäs","62",32,18,14
"Korsnäs","63",29,17,12
"Korsnäs","64",25,14,11
"Korsnäs","65",35,16,19
"Korsnäs","66",28,16,12
"Korsnäs","67",37,16,21
"Korsnäs","68",26,15,11
"Korsnäs","69",31,16,15
"Korsnäs","70",26,17,9
"Korsnäs","71",36,20,16
"Korsnäs","72",41,19,22
"Korsnäs","73",28,13,15
"Korsnäs","74",44,19,25
"Korsnäs","75",26,12,14
"Korsnäs","76",22,11,11
"Korsnäs","77",21,16,5
"Korsnäs","78",19,9,10
"Korsnäs","79",23,12,11
"Korsnäs","80",12,10,2
"Korsnäs","81",21,8,13
"Korsnäs","82",17,11,6
"Korsnäs","83",14,3,11
"Korsnäs","84",11,5,6
"Korsnäs","85",12,4,8
"Korsnäs","86",10,2,8
"Korsnäs","87",7,3,4
"Korsnäs","88",11,4,7
"Korsnäs","89",5,1,4
"Korsnäs","90",6,1,5
"Korsnäs","91",6,2,4
"Korsnäs","92",5,1,4
"Korsnäs","93",4,1,3
"Korsnäs","94",6,1,5
"Korsnäs","95",4,0,4
"Korsnäs","96",4,1,3
"Korsnäs","97",1,0,1
"Korsnäs","98",2,0,2
"Korsnäs","99",1,1,0
"Korsnäs","100 -",2,0,2
"Koski Tl","0",10,3,7
"Koski Tl","1",16,12,4
"Koski Tl","2",21,11,10
"Koski Tl","3",15,9,6
"Koski Tl","4",16,8,8
"Koski Tl","5",20,8,12
"Koski Tl","6",20,5,15
"Koski Tl","7",31,19,12
"Koski Tl","8",22,8,14
"Koski Tl","9",22,9,13
"Koski Tl","10",21,10,11
"Koski Tl","11",28,9,19
"Koski Tl","12",22,13,9
"Koski Tl","13",28,13,15
"Koski Tl","14",26,10,16
"Koski Tl","15",17,10,7
"Koski Tl","16",25,13,12
"Koski Tl","17",23,14,9
"Koski Tl","18",23,9,14
"Koski Tl","19",26,18,8
"Koski Tl","20",17,11,6
"Koski Tl","21",12,9,3
"Koski Tl","22",18,11,7
"Koski Tl","23",12,9,3
"Koski Tl","24",15,9,6
"Koski Tl","25",17,8,9
"Koski Tl","26",14,8,6
"Koski Tl","27",17,12,5
"Koski Tl","28",18,10,8
"Koski Tl","29",15,6,9
"Koski Tl","30",15,4,11
"Koski Tl","31",15,8,7
"Koski Tl","32",17,9,8
"Koski Tl","33",14,6,8
"Koski Tl","34",18,10,8
"Koski Tl","35",21,9,12
"Koski Tl","36",29,17,12
"Koski Tl","37",23,10,13
"Koski Tl","38",21,12,9
"Koski Tl","39",23,14,9
"Koski Tl","40",26,11,15
"Koski Tl","41",30,13,17
"Koski Tl","42",28,11,17
"Koski Tl","43",25,14,11
"Koski Tl","44",22,10,12
"Koski Tl","45",25,14,11
"Koski Tl","46",22,12,10
"Koski Tl","47",24,13,11
"Koski Tl","48",20,9,11
"Koski Tl","49",31,12,19
"Koski Tl","50",24,10,14
"Koski Tl","51",25,16,9
"Koski Tl","52",29,16,13
"Koski Tl","53",30,21,9
"Koski Tl","54",25,12,13
"Koski Tl","55",34,15,19
"Koski Tl","56",31,18,13
"Koski Tl","57",41,26,15
"Koski Tl","58",29,16,13
"Koski Tl","59",36,21,15
"Koski Tl","60",41,22,19
"Koski Tl","61",57,29,28
"Koski Tl","62",30,19,11
"Koski Tl","63",32,12,20
"Koski Tl","64",27,15,12
"Koski Tl","65",28,15,13
"Koski Tl","66",36,21,15
"Koski Tl","67",31,12,19
"Koski Tl","68",41,22,19
"Koski Tl","69",27,13,14
"Koski Tl","70",39,18,21
"Koski Tl","71",33,17,16
"Koski Tl","72",49,26,23
"Koski Tl","73",46,23,23
"Koski Tl","74",36,15,21
"Koski Tl","75",34,16,18
"Koski Tl","76",28,12,16
"Koski Tl","77",31,13,18
"Koski Tl","78",19,7,12
"Koski Tl","79",33,16,17
"Koski Tl","80",27,8,19
"Koski Tl","81",24,9,15
"Koski Tl","82",25,8,17
"Koski Tl","83",23,7,16
"Koski Tl","84",11,3,8
"Koski Tl","85",32,13,19
"Koski Tl","86",23,12,11
"Koski Tl","87",13,5,8
"Koski Tl","88",11,5,6
"Koski Tl","89",24,9,15
"Koski Tl","90",10,3,7
"Koski Tl","91",7,3,4
"Koski Tl","92",5,2,3
"Koski Tl","93",5,4,1
"Koski Tl","94",6,1,5
"Koski Tl","95",3,1,2
"Koski Tl","96",0,0,0
"Koski Tl","97",1,0,1
"Koski Tl","98",0,0,0
"Koski Tl","99",3,0,3
"Koski Tl","100 -",1,0,1
"Kotka","0",343,176,167
"Kotka","1",322,175,147
"Kotka","2",367,186,181
"Kotka","3",368,175,193
"Kotka","4",429,215,214
"Kotka","5",459,230,229
"Kotka","6",445,205,240
"Kotka","7",469,222,247
"Kotka","8",499,280,219
"Kotka","9",481,247,234
"Kotka","10",539,293,246
"Kotka","11",539,270,269
"Kotka","12",522,257,265
"Kotka","13",505,260,245
"Kotka","14",471,240,231
"Kotka","15",505,258,247
"Kotka","16",535,294,241
"Kotka","17",528,294,234
"Kotka","18",538,274,264
"Kotka","19",535,317,218
"Kotka","20",495,277,218
"Kotka","21",518,299,219
"Kotka","22",527,300,227
"Kotka","23",529,307,222
"Kotka","24",544,295,249
"Kotka","25",565,310,255
"Kotka","26",559,307,252
"Kotka","27",538,300,238
"Kotka","28",534,295,239
"Kotka","29",510,278,232
"Kotka","30",571,325,246
"Kotka","31",565,289,276
"Kotka","32",541,278,263
"Kotka","33",549,279,270
"Kotka","34",548,280,268
"Kotka","35",586,298,288
"Kotka","36",553,314,239
"Kotka","37",609,312,297
"Kotka","38",585,313,272
"Kotka","39",615,313,302
"Kotka","40",583,295,288
"Kotka","41",604,290,314
"Kotka","42",596,333,263
"Kotka","43",618,308,310
"Kotka","44",636,332,304
"Kotka","45",599,310,289
"Kotka","46",614,294,320
"Kotka","47",609,317,292
"Kotka","48",599,321,278
"Kotka","49",639,328,311
"Kotka","50",638,311,327
"Kotka","51",648,334,314
"Kotka","52",699,366,333
"Kotka","53",727,353,374
"Kotka","54",714,370,344
"Kotka","55",711,363,348
"Kotka","56",751,366,385
"Kotka","57",703,364,339
"Kotka","58",728,368,360
"Kotka","59",759,373,386
"Kotka","60",745,355,390
"Kotka","61",731,353,378
"Kotka","62",696,354,342
"Kotka","63",782,391,391
"Kotka","64",766,395,371
"Kotka","65",848,412,436
"Kotka","66",763,335,428
"Kotka","67",778,369,409
"Kotka","68",774,362,412
"Kotka","69",716,339,377
"Kotka","70",811,375,436
"Kotka","71",798,383,415
"Kotka","72",845,384,461
"Kotka","73",892,410,482
"Kotka","74",775,348,427
"Kotka","75",781,357,424
"Kotka","76",561,245,316
"Kotka","77",516,228,288
"Kotka","78",413,179,234
"Kotka","79",514,227,287
"Kotka","80",357,145,212
"Kotka","81",406,168,238
"Kotka","82",354,138,216
"Kotka","83",322,125,197
"Kotka","84",278,114,164
"Kotka","85",270,101,169
"Kotka","86",256,87,169
"Kotka","87",211,76,135
"Kotka","88",202,56,146
"Kotka","89",217,55,162
"Kotka","90",159,47,112
"Kotka","91",119,30,89
"Kotka","92",104,24,80
"Kotka","93",95,14,81
"Kotka","94",61,7,54
"Kotka","95",56,4,52
"Kotka","96",27,7,20
"Kotka","97",28,4,24
"Kotka","98",14,1,13
"Kotka","99",4,1,3
"Kotka","100 -",8,1,7
"Kouvola","0",493,238,255
"Kouvola","1",555,255,300
"Kouvola","2",542,278,264
"Kouvola","3",609,332,277
"Kouvola","4",648,296,352
"Kouvola","5",724,360,364
"Kouvola","6",711,349,362
"Kouvola","7",760,404,356
"Kouvola","8",771,377,394
"Kouvola","9",727,358,369
"Kouvola","10",828,423,405
"Kouvola","11",765,418,347
"Kouvola","12",788,395,393
"Kouvola","13",829,397,432
"Kouvola","14",820,416,404
"Kouvola","15",832,441,391
"Kouvola","16",858,451,407
"Kouvola","17",830,434,396
"Kouvola","18",827,432,395
"Kouvola","19",816,438,378
"Kouvola","20",731,428,303
"Kouvola","21",701,385,316
"Kouvola","22",617,333,284
"Kouvola","23",681,360,321
"Kouvola","24",738,402,336
"Kouvola","25",799,433,366
"Kouvola","26",760,419,341
"Kouvola","27",833,440,393
"Kouvola","28",831,437,394
"Kouvola","29",886,465,421
"Kouvola","30",843,436,407
"Kouvola","31",851,452,399
"Kouvola","32",858,436,422
"Kouvola","33",830,437,393
"Kouvola","34",853,461,392
"Kouvola","35",864,446,418
"Kouvola","36",950,519,431
"Kouvola","37",912,499,413
"Kouvola","38",917,487,430
"Kouvola","39",845,453,392
"Kouvola","40",898,483,415
"Kouvola","41",880,453,427
"Kouvola","42",901,472,429
"Kouvola","43",932,474,458
"Kouvola","44",991,493,498
"Kouvola","45",914,466,448
"Kouvola","46",858,429,429
"Kouvola","47",828,398,430
"Kouvola","48",861,438,423
"Kouvola","49",960,507,453
"Kouvola","50",955,474,481
"Kouvola","51",1060,526,534
"Kouvola","52",1124,581,543
"Kouvola","53",1139,569,570
"Kouvola","54",1103,544,559
"Kouvola","55",1228,644,584
"Kouvola","56",1229,606,623
"Kouvola","57",1278,655,623
"Kouvola","58",1240,603,637
"Kouvola","59",1226,621,605
"Kouvola","60",1231,617,614
"Kouvola","61",1272,621,651
"Kouvola","62",1227,610,617
"Kouvola","63",1314,638,676
"Kouvola","64",1282,634,648
"Kouvola","65",1246,650,596
"Kouvola","66",1251,601,650
"Kouvola","67",1288,633,655
"Kouvola","68",1352,642,710
"Kouvola","69",1243,578,665
"Kouvola","70",1336,641,695
"Kouvola","71",1353,664,689
"Kouvola","72",1329,590,739
"Kouvola","73",1269,588,681
"Kouvola","74",1177,535,642
"Kouvola","75",1127,528,599
"Kouvola","76",866,380,486
"Kouvola","77",762,360,402
"Kouvola","78",590,234,356
"Kouvola","79",908,383,525
"Kouvola","80",650,269,381
"Kouvola","81",737,293,444
"Kouvola","82",634,283,351
"Kouvola","83",590,229,361
"Kouvola","84",518,193,325
"Kouvola","85",472,194,278
"Kouvola","86",385,150,235
"Kouvola","87",387,115,272
"Kouvola","88",344,118,226
"Kouvola","89",294,93,201
"Kouvola","90",290,89,201
"Kouvola","91",211,56,155
"Kouvola","92",161,36,125
"Kouvola","93",133,32,101
"Kouvola","94",84,23,61
"Kouvola","95",78,14,64
"Kouvola","96",65,13,52
"Kouvola","97",34,5,29
"Kouvola","98",28,1,27
"Kouvola","99",15,2,13
"Kouvola","100 -",16,1,15
"Kristiinankaupunki","0",40,21,19
"Kristiinankaupunki","1",42,22,20
"Kristiinankaupunki","2",40,18,22
"Kristiinankaupunki","3",48,20,28
"Kristiinankaupunki","4",61,23,38
"Kristiinankaupunki","5",43,27,16
"Kristiinankaupunki","6",50,23,27
"Kristiinankaupunki","7",60,27,33
"Kristiinankaupunki","8",48,25,23
"Kristiinankaupunki","9",54,24,30
"Kristiinankaupunki","10",66,31,35
"Kristiinankaupunki","11",68,40,28
"Kristiinankaupunki","12",49,30,19
"Kristiinankaupunki","13",47,24,23
"Kristiinankaupunki","14",45,25,20
"Kristiinankaupunki","15",55,23,32
"Kristiinankaupunki","16",48,24,24
"Kristiinankaupunki","17",53,29,24
"Kristiinankaupunki","18",45,23,22
"Kristiinankaupunki","19",37,21,16
"Kristiinankaupunki","20",47,23,24
"Kristiinankaupunki","21",46,28,18
"Kristiinankaupunki","22",38,27,11
"Kristiinankaupunki","23",45,29,16
"Kristiinankaupunki","24",46,22,24
"Kristiinankaupunki","25",54,31,23
"Kristiinankaupunki","26",48,23,25
"Kristiinankaupunki","27",55,29,26
"Kristiinankaupunki","28",48,28,20
"Kristiinankaupunki","29",57,26,31
"Kristiinankaupunki","30",52,28,24
"Kristiinankaupunki","31",57,32,25
"Kristiinankaupunki","32",65,36,29
"Kristiinankaupunki","33",56,33,23
"Kristiinankaupunki","34",47,31,16
"Kristiinankaupunki","35",58,31,27
"Kristiinankaupunki","36",50,23,27
"Kristiinankaupunki","37",42,21,21
"Kristiinankaupunki","38",54,23,31
"Kristiinankaupunki","39",46,28,18
"Kristiinankaupunki","40",60,40,20
"Kristiinankaupunki","41",55,29,26
"Kristiinankaupunki","42",48,26,22
"Kristiinankaupunki","43",60,32,28
"Kristiinankaupunki","44",51,25,26
"Kristiinankaupunki","45",54,29,25
"Kristiinankaupunki","46",74,34,40
"Kristiinankaupunki","47",50,24,26
"Kristiinankaupunki","48",73,28,45
"Kristiinankaupunki","49",75,44,31
"Kristiinankaupunki","50",75,32,43
"Kristiinankaupunki","51",93,43,50
"Kristiinankaupunki","52",72,38,34
"Kristiinankaupunki","53",89,47,42
"Kristiinankaupunki","54",98,50,48
"Kristiinankaupunki","55",93,55,38
"Kristiinankaupunki","56",96,51,45
"Kristiinankaupunki","57",88,39,49
"Kristiinankaupunki","58",95,52,43
"Kristiinankaupunki","59",104,55,49
"Kristiinankaupunki","60",91,46,45
"Kristiinankaupunki","61",112,59,53
"Kristiinankaupunki","62",95,44,51
"Kristiinankaupunki","63",123,58,65
"Kristiinankaupunki","64",120,60,60
"Kristiinankaupunki","65",116,64,52
"Kristiinankaupunki","66",124,62,62
"Kristiinankaupunki","67",129,56,73
"Kristiinankaupunki","68",126,60,66
"Kristiinankaupunki","69",125,65,60
"Kristiinankaupunki","70",102,58,44
"Kristiinankaupunki","71",127,60,67
"Kristiinankaupunki","72",128,63,65
"Kristiinankaupunki","73",150,70,80
"Kristiinankaupunki","74",143,80,63
"Kristiinankaupunki","75",127,61,66
"Kristiinankaupunki","76",86,50,36
"Kristiinankaupunki","77",75,38,37
"Kristiinankaupunki","78",51,25,26
"Kristiinankaupunki","79",95,47,48
"Kristiinankaupunki","80",54,21,33
"Kristiinankaupunki","81",68,38,30
"Kristiinankaupunki","82",65,37,28
"Kristiinankaupunki","83",54,25,29
"Kristiinankaupunki","84",53,21,32
"Kristiinankaupunki","85",49,15,34
"Kristiinankaupunki","86",42,16,26
"Kristiinankaupunki","87",47,23,24
"Kristiinankaupunki","88",33,16,17
"Kristiinankaupunki","89",24,14,10
"Kristiinankaupunki","90",34,8,26
"Kristiinankaupunki","91",30,8,22
"Kristiinankaupunki","92",23,7,16
"Kristiinankaupunki","93",22,6,16
"Kristiinankaupunki","94",9,1,8
"Kristiinankaupunki","95",13,3,10
"Kristiinankaupunki","96",9,2,7
"Kristiinankaupunki","97",9,3,6
"Kristiinankaupunki","98",3,1,2
"Kristiinankaupunki","99",0,0,0
"Kristiinankaupunki","100 -",5,0,5
"Kruunupyy","0",46,25,21
"Kruunupyy","1",57,30,27
"Kruunupyy","2",56,25,31
"Kruunupyy","3",70,36,34
"Kruunupyy","4",62,36,26
"Kruunupyy","5",68,31,37
"Kruunupyy","6",67,34,33
"Kruunupyy","7",81,43,38
"Kruunupyy","8",74,37,37
"Kruunupyy","9",73,37,36
"Kruunupyy","10",94,42,52
"Kruunupyy","11",82,44,38
"Kruunupyy","12",94,48,46
"Kruunupyy","13",89,48,41
"Kruunupyy","14",67,30,37
"Kruunupyy","15",90,50,40
"Kruunupyy","16",91,47,44
"Kruunupyy","17",67,31,36
"Kruunupyy","18",67,30,37
"Kruunupyy","19",76,47,29
"Kruunupyy","20",65,31,34
"Kruunupyy","21",36,26,10
"Kruunupyy","22",54,33,21
"Kruunupyy","23",42,23,19
"Kruunupyy","24",53,32,21
"Kruunupyy","25",71,31,40
"Kruunupyy","26",63,30,33
"Kruunupyy","27",74,46,28
"Kruunupyy","28",53,32,21
"Kruunupyy","29",58,31,27
"Kruunupyy","30",66,31,35
"Kruunupyy","31",69,32,37
"Kruunupyy","32",76,36,40
"Kruunupyy","33",60,31,29
"Kruunupyy","34",65,43,22
"Kruunupyy","35",69,32,37
"Kruunupyy","36",80,46,34
"Kruunupyy","37",66,33,33
"Kruunupyy","38",83,44,39
"Kruunupyy","39",82,41,41
"Kruunupyy","40",85,40,45
"Kruunupyy","41",84,47,37
"Kruunupyy","42",63,38,25
"Kruunupyy","43",69,30,39
"Kruunupyy","44",75,38,37
"Kruunupyy","45",79,46,33
"Kruunupyy","46",69,39,30
"Kruunupyy","47",85,45,40
"Kruunupyy","48",69,41,28
"Kruunupyy","49",61,24,37
"Kruunupyy","50",71,34,37
"Kruunupyy","51",73,41,32
"Kruunupyy","52",81,45,36
"Kruunupyy","53",85,50,35
"Kruunupyy","54",87,44,43
"Kruunupyy","55",89,44,45
"Kruunupyy","56",81,40,41
"Kruunupyy","57",99,48,51
"Kruunupyy","58",85,42,43
"Kruunupyy","59",76,39,37
"Kruunupyy","60",81,43,38
"Kruunupyy","61",89,51,38
"Kruunupyy","62",85,45,40
"Kruunupyy","63",82,46,36
"Kruunupyy","64",84,44,40
"Kruunupyy","65",80,33,47
"Kruunupyy","66",93,53,40
"Kruunupyy","67",70,30,40
"Kruunupyy","68",87,39,48
"Kruunupyy","69",96,52,44
"Kruunupyy","70",76,35,41
"Kruunupyy","71",105,53,52
"Kruunupyy","72",83,42,41
"Kruunupyy","73",103,51,52
"Kruunupyy","74",89,44,45
"Kruunupyy","75",62,34,28
"Kruunupyy","76",77,36,41
"Kruunupyy","77",58,31,27
"Kruunupyy","78",45,20,25
"Kruunupyy","79",68,33,35
"Kruunupyy","80",45,21,24
"Kruunupyy","81",35,21,14
"Kruunupyy","82",40,18,22
"Kruunupyy","83",46,21,25
"Kruunupyy","84",39,15,24
"Kruunupyy","85",43,13,30
"Kruunupyy","86",39,16,23
"Kruunupyy","87",27,5,22
"Kruunupyy","88",26,8,18
"Kruunupyy","89",31,14,17
"Kruunupyy","90",23,4,19
"Kruunupyy","91",20,2,18
"Kruunupyy","92",23,10,13
"Kruunupyy","93",8,2,6
"Kruunupyy","94",12,2,10
"Kruunupyy","95",9,1,8
"Kruunupyy","96",3,0,3
"Kruunupyy","97",4,0,4
"Kruunupyy","98",5,0,5
"Kruunupyy","99",1,0,1
"Kruunupyy","100 -",2,0,2
"Kuhmo","0",35,20,15
"Kuhmo","1",37,17,20
"Kuhmo","2",37,21,16
"Kuhmo","3",47,26,21
"Kuhmo","4",46,23,23
"Kuhmo","5",54,27,27
"Kuhmo","6",50,25,25
"Kuhmo","7",53,25,28
"Kuhmo","8",64,33,31
"Kuhmo","9",64,33,31
"Kuhmo","10",66,34,32
"Kuhmo","11",95,50,45
"Kuhmo","12",59,33,26
"Kuhmo","13",96,49,47
"Kuhmo","14",69,40,29
"Kuhmo","15",74,38,36
"Kuhmo","16",66,36,30
"Kuhmo","17",70,41,29
"Kuhmo","18",56,35,21
"Kuhmo","19",50,28,22
"Kuhmo","20",50,40,10
"Kuhmo","21",31,24,7
"Kuhmo","22",35,22,13
"Kuhmo","23",25,12,13
"Kuhmo","24",51,36,15
"Kuhmo","25",35,21,14
"Kuhmo","26",59,39,20
"Kuhmo","27",57,34,23
"Kuhmo","28",45,24,21
"Kuhmo","29",54,23,31
"Kuhmo","30",65,32,33
"Kuhmo","31",42,25,17
"Kuhmo","32",67,37,30
"Kuhmo","33",53,27,26
"Kuhmo","34",49,28,21
"Kuhmo","35",80,43,37
"Kuhmo","36",64,37,27
"Kuhmo","37",71,41,30
"Kuhmo","38",60,36,24
"Kuhmo","39",68,40,28
"Kuhmo","40",86,49,37
"Kuhmo","41",71,44,27
"Kuhmo","42",69,41,28
"Kuhmo","43",70,31,39
"Kuhmo","44",70,41,29
"Kuhmo","45",68,36,32
"Kuhmo","46",103,56,47
"Kuhmo","47",84,48,36
"Kuhmo","48",69,30,39
"Kuhmo","49",76,42,34
"Kuhmo","50",91,49,42
"Kuhmo","51",115,59,56
"Kuhmo","52",98,52,46
"Kuhmo","53",106,54,52
"Kuhmo","54",111,49,62
"Kuhmo","55",150,87,63
"Kuhmo","56",137,75,62
"Kuhmo","57",147,79,68
"Kuhmo","58",135,69,66
"Kuhmo","59",147,76,71
"Kuhmo","60",133,66,67
"Kuhmo","61",172,87,85
"Kuhmo","62",158,90,68
"Kuhmo","63",157,90,67
"Kuhmo","64",144,75,69
"Kuhmo","65",180,86,94
"Kuhmo","66",193,98,95
"Kuhmo","67",188,108,80
"Kuhmo","68",166,73,93
"Kuhmo","69",172,89,83
"Kuhmo","70",164,88,76
"Kuhmo","71",179,86,93
"Kuhmo","72",146,72,74
"Kuhmo","73",150,77,73
"Kuhmo","74",158,74,84
"Kuhmo","75",140,73,67
"Kuhmo","76",99,48,51
"Kuhmo","77",76,44,32
"Kuhmo","78",78,38,40
"Kuhmo","79",148,69,79
"Kuhmo","80",86,44,42
"Kuhmo","81",96,38,58
"Kuhmo","82",99,40,59
"Kuhmo","83",68,31,37
"Kuhmo","84",71,26,45
"Kuhmo","85",71,26,45
"Kuhmo","86",52,20,32
"Kuhmo","87",44,21,23
"Kuhmo","88",49,14,35
"Kuhmo","89",33,13,20
"Kuhmo","90",37,21,16
"Kuhmo","91",21,8,13
"Kuhmo","92",20,10,10
"Kuhmo","93",11,2,9
"Kuhmo","94",14,4,10
"Kuhmo","95",5,1,4
"Kuhmo","96",1,1,0
"Kuhmo","97",6,0,6
"Kuhmo","98",3,2,1
"Kuhmo","99",1,0,1
"Kuhmo","100 -",1,0,1
"Kuhmoinen","0",5,1,4
"Kuhmoinen","1",7,4,3
"Kuhmoinen","2",15,9,6
"Kuhmoinen","3",7,4,3
"Kuhmoinen","4",15,8,7
"Kuhmoinen","5",14,7,7
"Kuhmoinen","6",12,7,5
"Kuhmoinen","7",4,2,2
"Kuhmoinen","8",10,3,7
"Kuhmoinen","9",14,9,5
"Kuhmoinen","10",15,5,10
"Kuhmoinen","11",16,9,7
"Kuhmoinen","12",13,6,7
"Kuhmoinen","13",9,5,4
"Kuhmoinen","14",18,9,9
"Kuhmoinen","15",16,10,6
"Kuhmoinen","16",15,8,7
"Kuhmoinen","17",12,6,6
"Kuhmoinen","18",22,10,12
"Kuhmoinen","19",19,15,4
"Kuhmoinen","20",13,10,3
"Kuhmoinen","21",10,4,6
"Kuhmoinen","22",3,3,0
"Kuhmoinen","23",9,3,6
"Kuhmoinen","24",10,7,3
"Kuhmoinen","25",12,4,8
"Kuhmoinen","26",12,6,6
"Kuhmoinen","27",9,6,3
"Kuhmoinen","28",8,5,3
"Kuhmoinen","29",6,3,3
"Kuhmoinen","30",15,8,7
"Kuhmoinen","31",13,7,6
"Kuhmoinen","32",22,13,9
"Kuhmoinen","33",14,6,8
"Kuhmoinen","34",15,7,8
"Kuhmoinen","35",18,10,8
"Kuhmoinen","36",16,9,7
"Kuhmoinen","37",20,9,11
"Kuhmoinen","38",14,10,4
"Kuhmoinen","39",11,7,4
"Kuhmoinen","40",20,13,7
"Kuhmoinen","41",16,10,6
"Kuhmoinen","42",23,14,9
"Kuhmoinen","43",20,9,11
"Kuhmoinen","44",18,7,11
"Kuhmoinen","45",22,10,12
"Kuhmoinen","46",19,10,9
"Kuhmoinen","47",19,11,8
"Kuhmoinen","48",16,13,3
"Kuhmoinen","49",24,10,14
"Kuhmoinen","50",18,9,9
"Kuhmoinen","51",19,10,9
"Kuhmoinen","52",25,15,10
"Kuhmoinen","53",23,13,10
"Kuhmoinen","54",43,23,20
"Kuhmoinen","55",37,21,16
"Kuhmoinen","56",26,8,18
"Kuhmoinen","57",28,9,19
"Kuhmoinen","58",42,25,17
"Kuhmoinen","59",34,16,18
"Kuhmoinen","60",25,13,12
"Kuhmoinen","61",38,21,17
"Kuhmoinen","62",51,26,25
"Kuhmoinen","63",44,27,17
"Kuhmoinen","64",54,33,21
"Kuhmoinen","65",36,19,17
"Kuhmoinen","66",45,22,23
"Kuhmoinen","67",46,17,29
"Kuhmoinen","68",37,21,16
"Kuhmoinen","69",45,20,25
"Kuhmoinen","70",54,31,23
"Kuhmoinen","71",49,28,21
"Kuhmoinen","72",68,38,30
"Kuhmoinen","73",57,27,30
"Kuhmoinen","74",49,25,24
"Kuhmoinen","75",44,25,19
"Kuhmoinen","76",32,16,16
"Kuhmoinen","77",26,13,13
"Kuhmoinen","78",23,5,18
"Kuhmoinen","79",41,16,25
"Kuhmoinen","80",28,16,12
"Kuhmoinen","81",37,13,24
"Kuhmoinen","82",32,14,18
"Kuhmoinen","83",25,7,18
"Kuhmoinen","84",34,12,22
"Kuhmoinen","85",13,5,8
"Kuhmoinen","86",24,6,18
"Kuhmoinen","87",17,10,7
"Kuhmoinen","88",15,6,9
"Kuhmoinen","89",13,1,12
"Kuhmoinen","90",19,3,16
"Kuhmoinen","91",13,3,10
"Kuhmoinen","92",8,1,7
"Kuhmoinen","93",6,1,5
"Kuhmoinen","94",5,2,3
"Kuhmoinen","95",3,0,3
"Kuhmoinen","96",3,1,2
"Kuhmoinen","97",0,0,0
"Kuhmoinen","98",0,0,0
"Kuhmoinen","99",1,1,0
"Kuhmoinen","100 -",1,0,1
"Kumlinge","0",2,1,1
"Kumlinge","1",4,2,2
"Kumlinge","2",2,0,2
"Kumlinge","3",3,3,0
"Kumlinge","4",2,1,1
"Kumlinge","5",3,2,1
"Kumlinge","6",1,1,0
"Kumlinge","7",2,2,0
"Kumlinge","8",1,1,0
"Kumlinge","9",1,0,1
"Kumlinge","10",2,1,1
"Kumlinge","11",3,1,2
"Kumlinge","12",0,0,0
"Kumlinge","13",3,0,3
"Kumlinge","14",2,2,0
"Kumlinge","15",2,0,2
"Kumlinge","16",0,0,0
"Kumlinge","17",2,0,2
"Kumlinge","18",4,2,2
"Kumlinge","19",1,0,1
"Kumlinge","20",1,1,0
"Kumlinge","21",2,0,2
"Kumlinge","22",1,1,0
"Kumlinge","23",0,0,0
"Kumlinge","24",1,1,0
"Kumlinge","25",1,0,1
"Kumlinge","26",2,1,1
"Kumlinge","27",4,2,2
"Kumlinge","28",2,2,0
"Kumlinge","29",3,3,0
"Kumlinge","30",3,2,1
"Kumlinge","31",3,3,0
"Kumlinge","32",3,3,0
"Kumlinge","33",4,2,2
"Kumlinge","34",2,1,1
"Kumlinge","35",2,2,0
"Kumlinge","36",3,1,2
"Kumlinge","37",4,2,2
"Kumlinge","38",3,3,0
"Kumlinge","39",3,1,2
"Kumlinge","40",3,2,1
"Kumlinge","41",4,3,1
"Kumlinge","42",0,0,0
"Kumlinge","43",2,1,1
"Kumlinge","44",2,1,1
"Kumlinge","45",4,2,2
"Kumlinge","46",2,2,0
"Kumlinge","47",2,0,2
"Kumlinge","48",1,0,1
"Kumlinge","49",4,1,3
"Kumlinge","50",2,2,0
"Kumlinge","51",0,0,0
"Kumlinge","52",1,1,0
"Kumlinge","53",3,0,3
"Kumlinge","54",5,2,3
"Kumlinge","55",9,5,4
"Kumlinge","56",5,2,3
"Kumlinge","57",7,6,1
"Kumlinge","58",4,3,1
"Kumlinge","59",11,8,3
"Kumlinge","60",6,3,3
"Kumlinge","61",4,0,4
"Kumlinge","62",4,1,3
"Kumlinge","63",6,6,0
"Kumlinge","64",12,4,8
"Kumlinge","65",3,1,2
"Kumlinge","66",9,8,1
"Kumlinge","67",10,6,4
"Kumlinge","68",6,2,4
"Kumlinge","69",6,3,3
"Kumlinge","70",5,2,3
"Kumlinge","71",7,4,3
"Kumlinge","72",7,6,1
"Kumlinge","73",2,2,0
"Kumlinge","74",3,1,2
"Kumlinge","75",6,3,3
"Kumlinge","76",4,0,4
"Kumlinge","77",2,1,1
"Kumlinge","78",2,2,0
"Kumlinge","79",2,1,1
"Kumlinge","80",2,2,0
"Kumlinge","81",2,1,1
"Kumlinge","82",8,3,5
"Kumlinge","83",6,2,4
"Kumlinge","84",3,2,1
"Kumlinge","85",5,2,3
"Kumlinge","86",1,0,1
"Kumlinge","87",3,1,2
"Kumlinge","88",2,0,2
"Kumlinge","89",3,0,3
"Kumlinge","90",2,1,1
"Kumlinge","91",1,1,0
"Kumlinge","92",2,0,2
"Kumlinge","93",1,0,1
"Kumlinge","94",0,0,0
"Kumlinge","95",1,1,0
"Kumlinge","96",0,0,0
"Kumlinge","97",0,0,0
"Kumlinge","98",1,0,1
"Kumlinge","99",0,0,0
"Kumlinge","100 -",0,0,0
"Kuopio","0",1039,535,504
"Kuopio","1",1001,480,521
"Kuopio","2",1025,520,505
"Kuopio","3",1049,522,527
"Kuopio","4",1113,560,553
"Kuopio","5",1222,640,582
"Kuopio","6",1207,610,597
"Kuopio","7",1272,675,597
"Kuopio","8",1269,625,644
"Kuopio","9",1239,648,591
"Kuopio","10",1226,632,594
"Kuopio","11",1198,623,575
"Kuopio","12",1166,605,561
"Kuopio","13",1130,570,560
"Kuopio","14",1221,650,571
"Kuopio","15",1222,607,615
"Kuopio","16",1220,642,578
"Kuopio","17",1307,671,636
"Kuopio","18",1224,619,605
"Kuopio","19",1565,694,871
"Kuopio","20",1704,798,906
"Kuopio","21",1855,856,999
"Kuopio","22",1896,866,1030
"Kuopio","23",1924,931,993
"Kuopio","24",1816,935,881
"Kuopio","25",2013,1010,1003
"Kuopio","26",1881,973,908
"Kuopio","27",1779,935,844
"Kuopio","28",1935,1048,887
"Kuopio","29",1851,904,947
"Kuopio","30",1684,870,814
"Kuopio","31",1637,838,799
"Kuopio","32",1717,890,827
"Kuopio","33",1554,839,715
"Kuopio","34",1552,815,737
"Kuopio","35",1594,836,758
"Kuopio","36",1620,810,810
"Kuopio","37",1625,850,775
"Kuopio","38",1530,747,783
"Kuopio","39",1414,715,699
"Kuopio","40",1389,730,659
"Kuopio","41",1341,689,652
"Kuopio","42",1338,694,644
"Kuopio","43",1383,687,696
"Kuopio","44",1378,716,662
"Kuopio","45",1315,679,636
"Kuopio","46",1249,621,628
"Kuopio","47",1106,560,546
"Kuopio","48",1169,576,593
"Kuopio","49",1265,622,643
"Kuopio","50",1287,647,640
"Kuopio","51",1383,710,673
"Kuopio","52",1468,726,742
"Kuopio","53",1511,760,751
"Kuopio","54",1478,731,747
"Kuopio","55",1515,739,776
"Kuopio","56",1560,781,779
"Kuopio","57",1543,785,758
"Kuopio","58",1680,812,868
"Kuopio","59",1553,717,836
"Kuopio","60",1553,774,779
"Kuopio","61",1559,749,810
"Kuopio","62",1446,687,759
"Kuopio","63",1517,732,785
"Kuopio","64",1626,775,851
"Kuopio","65",1565,786,779
"Kuopio","66",1570,712,858
"Kuopio","67",1515,705,810
"Kuopio","68",1590,725,865
"Kuopio","69",1448,676,772
"Kuopio","70",1479,740,739
"Kuopio","71",1528,711,817
"Kuopio","72",1499,654,845
"Kuopio","73",1460,671,789
"Kuopio","74",1397,633,764
"Kuopio","75",1194,555,639
"Kuopio","76",903,363,540
"Kuopio","77",856,352,504
"Kuopio","78",653,300,353
"Kuopio","79",990,411,579
"Kuopio","80",671,277,394
"Kuopio","81",765,310,455
"Kuopio","82",696,271,425
"Kuopio","83",623,246,377
"Kuopio","84",543,180,363
"Kuopio","85",494,156,338
"Kuopio","86",444,158,286
"Kuopio","87",403,133,270
"Kuopio","88",367,116,251
"Kuopio","89",309,92,217
"Kuopio","90",274,74,200
"Kuopio","91",235,62,173
"Kuopio","92",182,51,131
"Kuopio","93",132,30,102
"Kuopio","94",101,23,78
"Kuopio","95",78,18,60
"Kuopio","96",53,10,43
"Kuopio","97",38,7,31
"Kuopio","98",18,1,17
"Kuopio","99",11,1,10
"Kuopio","100 -",18,4,14
"Kuortane","0",17,9,8
"Kuortane","1",28,16,12
"Kuortane","2",25,12,13
"Kuortane","3",32,17,15
"Kuortane","4",26,12,14
"Kuortane","5",28,13,15
"Kuortane","6",25,16,9
"Kuortane","7",28,7,21
"Kuortane","8",37,23,14
"Kuortane","9",30,18,12
"Kuortane","10",35,22,13
"Kuortane","11",43,28,15
"Kuortane","12",42,17,25
"Kuortane","13",47,19,28
"Kuortane","14",47,28,19
"Kuortane","15",38,18,20
"Kuortane","16",44,25,19
"Kuortane","17",47,22,25
"Kuortane","18",45,32,13
"Kuortane","19",42,18,24
"Kuortane","20",27,17,10
"Kuortane","21",20,18,2
"Kuortane","22",18,14,4
"Kuortane","23",17,15,2
"Kuortane","24",19,12,7
"Kuortane","25",18,8,10
"Kuortane","26",21,13,8
"Kuortane","27",24,10,14
"Kuortane","28",24,17,7
"Kuortane","29",28,15,13
"Kuortane","30",27,16,11
"Kuortane","31",22,10,12
"Kuortane","32",22,13,9
"Kuortane","33",24,10,14
"Kuortane","34",21,11,10
"Kuortane","35",38,22,16
"Kuortane","36",31,20,11
"Kuortane","37",35,17,18
"Kuortane","38",50,23,27
"Kuortane","39",33,18,15
"Kuortane","40",40,18,22
"Kuortane","41",45,22,23
"Kuortane","42",49,26,23
"Kuortane","43",43,18,25
"Kuortane","44",36,20,16
"Kuortane","45",42,25,17
"Kuortane","46",33,22,11
"Kuortane","47",37,16,21
"Kuortane","48",43,24,19
"Kuortane","49",42,24,18
"Kuortane","50",33,19,14
"Kuortane","51",40,22,18
"Kuortane","52",45,24,21
"Kuortane","53",62,32,30
"Kuortane","54",53,26,27
"Kuortane","55",56,28,28
"Kuortane","56",50,23,27
"Kuortane","57",60,28,32
"Kuortane","58",51,23,28
"Kuortane","59",44,26,18
"Kuortane","60",45,21,24
"Kuortane","61",46,28,18
"Kuortane","62",52,28,24
"Kuortane","63",41,21,20
"Kuortane","64",53,30,23
"Kuortane","65",69,30,39
"Kuortane","66",53,26,27
"Kuortane","67",55,28,27
"Kuortane","68",69,35,34
"Kuortane","69",62,29,33
"Kuortane","70",57,25,32
"Kuortane","71",51,25,26
"Kuortane","72",67,37,30
"Kuortane","73",59,37,22
"Kuortane","74",62,29,33
"Kuortane","75",55,32,23
"Kuortane","76",32,15,17
"Kuortane","77",39,19,20
"Kuortane","78",36,19,17
"Kuortane","79",42,16,26
"Kuortane","80",24,12,12
"Kuortane","81",38,15,23
"Kuortane","82",28,14,14
"Kuortane","83",37,13,24
"Kuortane","84",32,13,19
"Kuortane","85",28,6,22
"Kuortane","86",33,13,20
"Kuortane","87",20,10,10
"Kuortane","88",25,11,14
"Kuortane","89",18,8,10
"Kuortane","90",27,8,19
"Kuortane","91",12,4,8
"Kuortane","92",9,3,6
"Kuortane","93",12,1,11
"Kuortane","94",3,2,1
"Kuortane","95",3,0,3
"Kuortane","96",8,2,6
"Kuortane","97",2,0,2
"Kuortane","98",1,0,1
"Kuortane","99",0,0,0
"Kuortane","100 -",0,0,0
"Kurikka","0",125,54,71
"Kurikka","1",137,62,75
"Kurikka","2",164,82,82
"Kurikka","3",188,84,104
"Kurikka","4",186,94,92
"Kurikka","5",207,114,93
"Kurikka","6",189,107,82
"Kurikka","7",219,109,110
"Kurikka","8",237,116,121
"Kurikka","9",219,111,108
"Kurikka","10",243,110,133
"Kurikka","11",223,109,114
"Kurikka","12",223,108,115
"Kurikka","13",227,113,114
"Kurikka","14",219,99,120
"Kurikka","15",249,122,127
"Kurikka","16",218,126,92
"Kurikka","17",241,109,132
"Kurikka","18",213,115,98
"Kurikka","19",210,118,92
"Kurikka","20",158,101,57
"Kurikka","21",143,84,59
"Kurikka","22",145,76,69
"Kurikka","23",127,70,57
"Kurikka","24",139,79,60
"Kurikka","25",165,92,73
"Kurikka","26",156,96,60
"Kurikka","27",156,78,78
"Kurikka","28",195,101,94
"Kurikka","29",166,90,76
"Kurikka","30",180,96,84
"Kurikka","31",193,107,86
"Kurikka","32",166,83,83
"Kurikka","33",169,97,72
"Kurikka","34",192,105,87
"Kurikka","35",200,108,92
"Kurikka","36",209,102,107
"Kurikka","37",238,117,121
"Kurikka","38",215,102,113
"Kurikka","39",235,113,122
"Kurikka","40",207,102,105
"Kurikka","41",218,123,95
"Kurikka","42",210,103,107
"Kurikka","43",225,128,97
"Kurikka","44",194,101,93
"Kurikka","45",245,122,123
"Kurikka","46",221,122,99
"Kurikka","47",198,94,104
"Kurikka","48",216,110,106
"Kurikka","49",229,126,103
"Kurikka","50",260,128,132
"Kurikka","51",251,132,119
"Kurikka","52",259,147,112
"Kurikka","53",287,140,147
"Kurikka","54",255,133,122
"Kurikka","55",299,134,165
"Kurikka","56",277,150,127
"Kurikka","57",294,155,139
"Kurikka","58",284,153,131
"Kurikka","59",286,140,146
"Kurikka","60",297,157,140
"Kurikka","61",337,167,170
"Kurikka","62",298,150,148
"Kurikka","63",316,167,149
"Kurikka","64",341,162,179
"Kurikka","65",337,169,168
"Kurikka","66",345,175,170
"Kurikka","67",364,188,176
"Kurikka","68",376,194,182
"Kurikka","69",351,180,171
"Kurikka","70",361,189,172
"Kurikka","71",366,176,190
"Kurikka","72",369,182,187
"Kurikka","73",331,163,168
"Kurikka","74",353,183,170
"Kurikka","75",282,142,140
"Kurikka","76",218,96,122
"Kurikka","77",198,91,107
"Kurikka","78",154,72,82
"Kurikka","79",225,99,126
"Kurikka","80",148,70,78
"Kurikka","81",197,88,109
"Kurikka","82",172,68,104
"Kurikka","83",154,68,86
"Kurikka","84",121,45,76
"Kurikka","85",134,51,83
"Kurikka","86",117,45,72
"Kurikka","87",86,32,54
"Kurikka","88",101,31,70
"Kurikka","89",84,29,55
"Kurikka","90",73,20,53
"Kurikka","91",64,21,43
"Kurikka","92",54,20,34
"Kurikka","93",32,11,21
"Kurikka","94",30,7,23
"Kurikka","95",29,6,23
"Kurikka","96",16,6,10
"Kurikka","97",10,0,10
"Kurikka","98",9,3,6
"Kurikka","99",3,1,2
"Kurikka","100 -",4,2,2
"Kustavi","0",3,3,0
"Kustavi","1",6,2,4
"Kustavi","2",4,2,2
"Kustavi","3",5,2,3
"Kustavi","4",9,4,5
"Kustavi","5",4,1,3
"Kustavi","6",9,5,4
"Kustavi","7",2,2,0
"Kustavi","8",7,3,4
"Kustavi","9",6,5,1
"Kustavi","10",7,4,3
"Kustavi","11",8,4,4
"Kustavi","12",7,2,5
"Kustavi","13",6,2,4
"Kustavi","14",4,1,3
"Kustavi","15",7,5,2
"Kustavi","16",8,6,2
"Kustavi","17",3,2,1
"Kustavi","18",0,0,0
"Kustavi","19",4,4,0
"Kustavi","20",5,3,2
"Kustavi","21",3,2,1
"Kustavi","22",5,2,3
"Kustavi","23",6,5,1
"Kustavi","24",3,3,0
"Kustavi","25",5,3,2
"Kustavi","26",5,4,1
"Kustavi","27",8,3,5
"Kustavi","28",3,2,1
"Kustavi","29",4,2,2
"Kustavi","30",9,7,2
"Kustavi","31",7,6,1
"Kustavi","32",6,2,4
"Kustavi","33",11,5,6
"Kustavi","34",7,6,1
"Kustavi","35",6,3,3
"Kustavi","36",5,2,3
"Kustavi","37",8,4,4
"Kustavi","38",8,4,4
"Kustavi","39",7,3,4
"Kustavi","40",6,1,5
"Kustavi","41",6,6,0
"Kustavi","42",5,1,4
"Kustavi","43",10,8,2
"Kustavi","44",5,2,3
"Kustavi","45",10,6,4
"Kustavi","46",13,7,6
"Kustavi","47",13,8,5
"Kustavi","48",7,2,5
"Kustavi","49",8,4,4
"Kustavi","50",8,3,5
"Kustavi","51",11,6,5
"Kustavi","52",17,9,8
"Kustavi","53",17,8,9
"Kustavi","54",14,6,8
"Kustavi","55",26,13,13
"Kustavi","56",24,11,13
"Kustavi","57",22,15,7
"Kustavi","58",13,7,6
"Kustavi","59",22,11,11
"Kustavi","60",12,8,4
"Kustavi","61",21,10,11
"Kustavi","62",17,11,6
"Kustavi","63",23,14,9
"Kustavi","64",25,10,15
"Kustavi","65",24,18,6
"Kustavi","66",23,13,10
"Kustavi","67",10,8,2
"Kustavi","68",26,11,15
"Kustavi","69",25,9,16
"Kustavi","70",18,8,10
"Kustavi","71",31,11,20
"Kustavi","72",21,10,11
"Kustavi","73",26,16,10
"Kustavi","74",22,12,10
"Kustavi","75",23,13,10
"Kustavi","76",20,9,11
"Kustavi","77",14,8,6
"Kustavi","78",7,4,3
"Kustavi","79",14,6,8
"Kustavi","80",5,4,1
"Kustavi","81",11,3,8
"Kustavi","82",7,5,2
"Kustavi","83",10,6,4
"Kustavi","84",5,1,4
"Kustavi","85",3,1,2
"Kustavi","86",9,4,5
"Kustavi","87",4,1,3
"Kustavi","88",3,1,2
"Kustavi","89",0,0,0
"Kustavi","90",7,3,4
"Kustavi","91",1,1,0
"Kustavi","92",1,0,1
"Kustavi","93",1,0,1
"Kustavi","94",1,0,1
"Kustavi","95",1,0,1
"Kustavi","96",2,1,1
"Kustavi","97",1,0,1
"Kustavi","98",1,0,1
"Kustavi","99",0,0,0
"Kustavi","100 -",0,0,0
"Kuusamo","0",124,66,58
"Kuusamo","1",100,50,50
"Kuusamo","2",92,35,57
"Kuusamo","3",136,78,58
"Kuusamo","4",158,82,76
"Kuusamo","5",143,75,68
"Kuusamo","6",136,66,70
"Kuusamo","7",152,91,61
"Kuusamo","8",183,76,107
"Kuusamo","9",176,89,87
"Kuusamo","10",162,73,89
"Kuusamo","11",190,110,80
"Kuusamo","12",170,75,95
"Kuusamo","13",182,95,87
"Kuusamo","14",155,81,74
"Kuusamo","15",196,91,105
"Kuusamo","16",162,86,76
"Kuusamo","17",161,86,75
"Kuusamo","18",139,70,69
"Kuusamo","19",143,88,55
"Kuusamo","20",99,55,44
"Kuusamo","21",96,61,35
"Kuusamo","22",113,66,47
"Kuusamo","23",107,63,44
"Kuusamo","24",99,58,41
"Kuusamo","25",114,62,52
"Kuusamo","26",109,63,46
"Kuusamo","27",129,70,59
"Kuusamo","28",147,75,72
"Kuusamo","29",127,63,64
"Kuusamo","30",142,64,78
"Kuusamo","31",159,77,82
"Kuusamo","32",145,68,77
"Kuusamo","33",160,80,80
"Kuusamo","34",142,80,62
"Kuusamo","35",145,81,64
"Kuusamo","36",163,90,73
"Kuusamo","37",176,100,76
"Kuusamo","38",185,88,97
"Kuusamo","39",130,83,47
"Kuusamo","40",168,81,87
"Kuusamo","41",141,76,65
"Kuusamo","42",147,87,60
"Kuusamo","43",135,64,71
"Kuusamo","44",175,99,76
"Kuusamo","45",167,94,73
"Kuusamo","46",159,76,83
"Kuusamo","47",138,77,61
"Kuusamo","48",146,78,68
"Kuusamo","49",158,75,83
"Kuusamo","50",145,68,77
"Kuusamo","51",184,90,94
"Kuusamo","52",187,95,92
"Kuusamo","53",202,103,99
"Kuusamo","54",226,123,103
"Kuusamo","55",229,117,112
"Kuusamo","56",274,124,150
"Kuusamo","57",273,120,153
"Kuusamo","58",254,148,106
"Kuusamo","59",272,141,131
"Kuusamo","60",275,156,119
"Kuusamo","61",249,121,128
"Kuusamo","62",264,138,126
"Kuusamo","63",290,147,143
"Kuusamo","64",306,159,147
"Kuusamo","65",276,153,123
"Kuusamo","66",270,144,126
"Kuusamo","67",257,138,119
"Kuusamo","68",280,145,135
"Kuusamo","69",250,132,118
"Kuusamo","70",224,130,94
"Kuusamo","71",237,123,114
"Kuusamo","72",202,86,116
"Kuusamo","73",230,112,118
"Kuusamo","74",199,99,100
"Kuusamo","75",148,67,81
"Kuusamo","76",128,60,68
"Kuusamo","77",139,62,77
"Kuusamo","78",123,51,72
"Kuusamo","79",211,96,115
"Kuusamo","80",116,51,65
"Kuusamo","81",143,64,79
"Kuusamo","82",116,48,68
"Kuusamo","83",118,54,64
"Kuusamo","84",109,43,66
"Kuusamo","85",83,39,44
"Kuusamo","86",88,29,59
"Kuusamo","87",73,26,47
"Kuusamo","88",52,18,34
"Kuusamo","89",49,18,31
"Kuusamo","90",45,17,28
"Kuusamo","91",31,8,23
"Kuusamo","92",33,9,24
"Kuusamo","93",18,2,16
"Kuusamo","94",14,3,11
"Kuusamo","95",18,4,14
"Kuusamo","96",8,3,5
"Kuusamo","97",4,3,1
"Kuusamo","98",5,1,4
"Kuusamo","99",2,1,1
"Kuusamo","100 -",3,0,3
"Kyyjärvi","0",6,4,2
"Kyyjärvi","1",10,5,5
"Kyyjärvi","2",16,7,9
"Kyyjärvi","3",7,3,4
"Kyyjärvi","4",12,5,7
"Kyyjärvi","5",13,11,2
"Kyyjärvi","6",14,11,3
"Kyyjärvi","7",19,10,9
"Kyyjärvi","8",17,7,10
"Kyyjärvi","9",16,7,9
"Kyyjärvi","10",20,9,11
"Kyyjärvi","11",13,5,8
"Kyyjärvi","12",10,1,9
"Kyyjärvi","13",10,7,3
"Kyyjärvi","14",15,7,8
"Kyyjärvi","15",15,8,7
"Kyyjärvi","16",8,1,7
"Kyyjärvi","17",10,3,7
"Kyyjärvi","18",19,12,7
"Kyyjärvi","19",10,6,4
"Kyyjärvi","20",10,10,0
"Kyyjärvi","21",10,7,3
"Kyyjärvi","22",7,2,5
"Kyyjärvi","23",3,1,2
"Kyyjärvi","24",4,3,1
"Kyyjärvi","25",10,6,4
"Kyyjärvi","26",4,2,2
"Kyyjärvi","27",5,3,2
"Kyyjärvi","28",4,4,0
"Kyyjärvi","29",6,3,3
"Kyyjärvi","30",11,7,4
"Kyyjärvi","31",8,3,5
"Kyyjärvi","32",11,5,6
"Kyyjärvi","33",10,6,4
"Kyyjärvi","34",8,4,4
"Kyyjärvi","35",12,7,5
"Kyyjärvi","36",10,3,7
"Kyyjärvi","37",11,7,4
"Kyyjärvi","38",14,10,4
"Kyyjärvi","39",8,6,2
"Kyyjärvi","40",10,2,8
"Kyyjärvi","41",16,9,7
"Kyyjärvi","42",13,8,5
"Kyyjärvi","43",17,9,8
"Kyyjärvi","44",10,5,5
"Kyyjärvi","45",15,8,7
"Kyyjärvi","46",11,8,3
"Kyyjärvi","47",12,7,5
"Kyyjärvi","48",6,4,2
"Kyyjärvi","49",10,6,4
"Kyyjärvi","50",9,3,6
"Kyyjärvi","51",15,9,6
"Kyyjärvi","52",21,10,11
"Kyyjärvi","53",11,6,5
"Kyyjärvi","54",14,5,9
"Kyyjärvi","55",16,10,6
"Kyyjärvi","56",14,10,4
"Kyyjärvi","57",25,14,11
"Kyyjärvi","58",24,15,9
"Kyyjärvi","59",22,8,14
"Kyyjärvi","60",21,11,10
"Kyyjärvi","61",27,13,14
"Kyyjärvi","62",25,11,14
"Kyyjärvi","63",28,17,11
"Kyyjärvi","64",27,14,13
"Kyyjärvi","65",24,14,10
"Kyyjärvi","66",26,14,12
"Kyyjärvi","67",29,16,13
"Kyyjärvi","68",17,12,5
"Kyyjärvi","69",26,17,9
"Kyyjärvi","70",26,13,13
"Kyyjärvi","71",24,14,10
"Kyyjärvi","72",27,10,17
"Kyyjärvi","73",29,14,15
"Kyyjärvi","74",26,12,14
"Kyyjärvi","75",25,16,9
"Kyyjärvi","76",15,10,5
"Kyyjärvi","77",13,4,9
"Kyyjärvi","78",11,7,4
"Kyyjärvi","79",14,5,9
"Kyyjärvi","80",9,4,5
"Kyyjärvi","81",17,6,11
"Kyyjärvi","82",15,10,5
"Kyyjärvi","83",9,2,7
"Kyyjärvi","84",8,4,4
"Kyyjärvi","85",12,7,5
"Kyyjärvi","86",8,1,7
"Kyyjärvi","87",13,3,10
"Kyyjärvi","88",5,2,3
"Kyyjärvi","89",4,1,3
"Kyyjärvi","90",2,1,1
"Kyyjärvi","91",1,0,1
"Kyyjärvi","92",1,1,0
"Kyyjärvi","93",1,0,1
"Kyyjärvi","94",1,0,1
"Kyyjärvi","95",1,0,1
"Kyyjärvi","96",1,0,1
"Kyyjärvi","97",1,0,1
"Kyyjärvi","98",0,0,0
"Kyyjärvi","99",0,0,0
"Kyyjärvi","100 -",2,0,2
"Kärkölä","0",30,14,16
"Kärkölä","1",18,10,8
"Kärkölä","2",33,19,14
"Kärkölä","3",31,17,14
"Kärkölä","4",27,15,12
"Kärkölä","5",36,20,16
"Kärkölä","6",37,16,21
"Kärkölä","7",51,26,25
"Kärkölä","8",43,21,22
"Kärkölä","9",40,20,20
"Kärkölä","10",43,21,22
"Kärkölä","11",44,19,25
"Kärkölä","12",42,23,19
"Kärkölä","13",45,20,25
"Kärkölä","14",57,28,29
"Kärkölä","15",48,28,20
"Kärkölä","16",40,20,20
"Kärkölä","17",49,18,31
"Kärkölä","18",40,25,15
"Kärkölä","19",39,26,13
"Kärkölä","20",38,27,11
"Kärkölä","21",19,11,8
"Kärkölä","22",22,13,9
"Kärkölä","23",29,14,15
"Kärkölä","24",36,19,17
"Kärkölä","25",41,21,20
"Kärkölä","26",37,21,16
"Kärkölä","27",31,13,18
"Kärkölä","28",32,20,12
"Kärkölä","29",33,18,15
"Kärkölä","30",39,25,14
"Kärkölä","31",38,19,19
"Kärkölä","32",34,21,13
"Kärkölä","33",33,19,14
"Kärkölä","34",43,24,19
"Kärkölä","35",27,11,16
"Kärkölä","36",44,26,18
"Kärkölä","37",43,21,22
"Kärkölä","38",51,27,24
"Kärkölä","39",46,22,24
"Kärkölä","40",49,24,25
"Kärkölä","41",50,29,21
"Kärkölä","42",42,18,24
"Kärkölä","43",57,35,22
"Kärkölä","44",69,35,34
"Kärkölä","45",51,26,25
"Kärkölä","46",57,30,27
"Kärkölä","47",56,24,32
"Kärkölä","48",48,27,21
"Kärkölä","49",48,22,26
"Kärkölä","50",65,34,31
"Kärkölä","51",53,26,27
"Kärkölä","52",87,45,42
"Kärkölä","53",79,43,36
"Kärkölä","54",69,30,39
"Kärkölä","55",63,33,30
"Kärkölä","56",68,40,28
"Kärkölä","57",76,42,34
"Kärkölä","58",72,37,35
"Kärkölä","59",81,43,38
"Kärkölä","60",75,34,41
"Kärkölä","61",78,39,39
"Kärkölä","62",71,36,35
"Kärkölä","63",68,30,38
"Kärkölä","64",68,38,30
"Kärkölä","65",62,33,29
"Kärkölä","66",63,32,31
"Kärkölä","67",68,25,43
"Kärkölä","68",79,39,40
"Kärkölä","69",63,30,33
"Kärkölä","70",73,37,36
"Kärkölä","71",91,42,49
"Kärkölä","72",67,33,34
"Kärkölä","73",89,50,39
"Kärkölä","74",68,32,36
"Kärkölä","75",70,34,36
"Kärkölä","76",47,22,25
"Kärkölä","77",41,26,15
"Kärkölä","78",28,14,14
"Kärkölä","79",47,27,20
"Kärkölä","80",33,20,13
"Kärkölä","81",26,10,16
"Kärkölä","82",26,14,12
"Kärkölä","83",26,13,13
"Kärkölä","84",25,8,17
"Kärkölä","85",16,7,9
"Kärkölä","86",22,4,18
"Kärkölä","87",11,3,8
"Kärkölä","88",15,8,7
"Kärkölä","89",16,8,8
"Kärkölä","90",9,2,7
"Kärkölä","91",7,3,4
"Kärkölä","92",7,2,5
"Kärkölä","93",5,2,3
"Kärkölä","94",8,2,6
"Kärkölä","95",2,0,2
"Kärkölä","96",3,0,3
"Kärkölä","97",2,0,2
"Kärkölä","98",0,0,0
"Kärkölä","99",0,0,0
"Kärkölä","100 -",2,0,2
"Kärsämäki","0",24,13,11
"Kärsämäki","1",15,7,8
"Kärsämäki","2",25,12,13
"Kärsämäki","3",19,12,7
"Kärsämäki","4",24,13,11
"Kärsämäki","5",25,19,6
"Kärsämäki","6",27,14,13
"Kärsämäki","7",32,19,13
"Kärsämäki","8",34,14,20
"Kärsämäki","9",30,22,8
"Kärsämäki","10",44,24,20
"Kärsämäki","11",38,22,16
"Kärsämäki","12",38,20,18
"Kärsämäki","13",38,22,16
"Kärsämäki","14",35,18,17
"Kärsämäki","15",26,13,13
"Kärsämäki","16",35,14,21
"Kärsämäki","17",45,24,21
"Kärsämäki","18",29,17,12
"Kärsämäki","19",32,21,11
"Kärsämäki","20",25,15,10
"Kärsämäki","21",13,9,4
"Kärsämäki","22",18,12,6
"Kärsämäki","23",12,7,5
"Kärsämäki","24",20,12,8
"Kärsämäki","25",23,15,8
"Kärsämäki","26",27,17,10
"Kärsämäki","27",24,14,10
"Kärsämäki","28",23,15,8
"Kärsämäki","29",21,14,7
"Kärsämäki","30",8,5,3
"Kärsämäki","31",27,18,9
"Kärsämäki","32",20,8,12
"Kärsämäki","33",19,10,9
"Kärsämäki","34",27,17,10
"Kärsämäki","35",27,18,9
"Kärsämäki","36",22,12,10
"Kärsämäki","37",22,11,11
"Kärsämäki","38",32,15,17
"Kärsämäki","39",25,14,11
"Kärsämäki","40",18,8,10
"Kärsämäki","41",21,11,10
"Kärsämäki","42",20,9,11
"Kärsämäki","43",29,12,17
"Kärsämäki","44",27,16,11
"Kärsämäki","45",17,8,9
"Kärsämäki","46",27,15,12
"Kärsämäki","47",20,10,10
"Kärsämäki","48",23,9,14
"Kärsämäki","49",37,22,15
"Kärsämäki","50",17,10,7
"Kärsämäki","51",30,13,17
"Kärsämäki","52",29,15,14
"Kärsämäki","53",39,24,15
"Kärsämäki","54",33,14,19
"Kärsämäki","55",33,21,12
"Kärsämäki","56",35,21,14
"Kärsämäki","57",40,26,14
"Kärsämäki","58",36,21,15
"Kärsämäki","59",46,24,22
"Kärsämäki","60",36,17,19
"Kärsämäki","61",26,11,15
"Kärsämäki","62",43,25,18
"Kärsämäki","63",38,18,20
"Kärsämäki","64",47,21,26
"Kärsämäki","65",40,20,20
"Kärsämäki","66",44,27,17
"Kärsämäki","67",32,14,18
"Kärsämäki","68",45,22,23
"Kärsämäki","69",38,22,16
"Kärsämäki","70",37,17,20
"Kärsämäki","71",41,25,16
"Kärsämäki","72",36,18,18
"Kärsämäki","73",35,20,15
"Kärsämäki","74",38,20,18
"Kärsämäki","75",32,15,17
"Kärsämäki","76",21,12,9
"Kärsämäki","77",30,17,13
"Kärsämäki","78",17,10,7
"Kärsämäki","79",36,15,21
"Kärsämäki","80",26,12,14
"Kärsämäki","81",20,6,14
"Kärsämäki","82",28,12,16
"Kärsämäki","83",15,7,8
"Kärsämäki","84",19,9,10
"Kärsämäki","85",13,5,8
"Kärsämäki","86",13,3,10
"Kärsämäki","87",14,7,7
"Kärsämäki","88",11,5,6
"Kärsämäki","89",7,3,4
"Kärsämäki","90",8,4,4
"Kärsämäki","91",4,2,2
"Kärsämäki","92",2,1,1
"Kärsämäki","93",5,1,4
"Kärsämäki","94",3,0,3
"Kärsämäki","95",5,2,3
"Kärsämäki","96",1,0,1
"Kärsämäki","97",2,1,1
"Kärsämäki","98",1,0,1
"Kärsämäki","99",1,0,1
"Kärsämäki","100 -",1,0,1
"Kökar","0",1,0,1
"Kökar","1",0,0,0
"Kökar","2",0,0,0
"Kökar","3",0,0,0
"Kökar","4",0,0,0
"Kökar","5",0,0,0
"Kökar","6",0,0,0
"Kökar","7",0,0,0
"Kökar","8",1,1,0
"Kökar","9",0,0,0
"Kökar","10",0,0,0
"Kökar","11",0,0,0
"Kökar","12",1,1,0
"Kökar","13",2,2,0
"Kökar","14",2,2,0
"Kökar","15",3,2,1
"Kökar","16",0,0,0
"Kökar","17",2,2,0
"Kökar","18",3,2,1
"Kökar","19",4,3,1
"Kökar","20",2,1,1
"Kökar","21",7,5,2
"Kökar","22",2,1,1
"Kökar","23",3,0,3
"Kökar","24",5,5,0
"Kökar","25",1,1,0
"Kökar","26",0,0,0
"Kökar","27",3,2,1
"Kökar","28",2,1,1
"Kökar","29",1,0,1
"Kökar","30",1,0,1
"Kökar","31",0,0,0
"Kökar","32",4,4,0
"Kökar","33",3,2,1
"Kökar","34",2,1,1
"Kökar","35",0,0,0
"Kökar","36",1,0,1
"Kökar","37",2,2,0
"Kökar","38",3,3,0
"Kökar","39",0,0,0
"Kökar","40",1,0,1
"Kökar","41",0,0,0
"Kökar","42",1,0,1
"Kökar","43",1,1,0
"Kökar","44",0,0,0
"Kökar","45",0,0,0
"Kökar","46",2,1,1
"Kökar","47",2,0,2
"Kökar","48",3,2,1
"Kökar","49",4,1,3
"Kökar","50",2,1,1
"Kökar","51",5,2,3
"Kökar","52",4,3,1
"Kökar","53",7,5,2
"Kökar","54",8,3,5
"Kökar","55",9,5,4
"Kökar","56",4,2,2
"Kökar","57",3,3,0
"Kökar","58",4,1,3
"Kökar","59",5,3,2
"Kökar","60",3,2,1
"Kökar","61",3,2,1
"Kökar","62",1,0,1
"Kökar","63",5,2,3
"Kökar","64",1,1,0
"Kökar","65",4,1,3
"Kökar","66",5,4,1
"Kökar","67",4,0,4
"Kökar","68",3,1,2
"Kökar","69",3,1,2
"Kökar","70",3,1,2
"Kökar","71",4,2,2
"Kökar","72",6,4,2
"Kökar","73",4,2,2
"Kökar","74",7,6,1
"Kökar","75",3,1,2
"Kökar","76",6,5,1
"Kökar","77",6,4,2
"Kökar","78",0,0,0
"Kökar","79",8,4,4
"Kökar","80",4,1,3
"Kökar","81",0,0,0
"Kökar","82",1,1,0
"Kökar","83",2,1,1
"Kökar","84",1,0,1
"Kökar","85",2,0,2
"Kökar","86",2,0,2
"Kökar","87",2,0,2
"Kökar","88",0,0,0
"Kökar","89",3,2,1
"Kökar","90",0,0,0
"Kökar","91",1,0,1
"Kökar","92",0,0,0
"Kökar","93",1,0,1
"Kökar","94",1,0,1
"Kökar","95",0,0,0
"Kökar","96",0,0,0
"Kökar","97",0,0,0
"Kökar","98",0,0,0
"Kökar","99",0,0,0
"Kökar","100 -",0,0,0
"Lahti","0",968,490,478
"Lahti","1",913,470,443
"Lahti","2",1004,518,486
"Lahti","3",1036,507,529
"Lahti","4",1080,605,475
"Lahti","5",1117,579,538
"Lahti","6",1139,604,535
"Lahti","7",1123,605,518
"Lahti","8",1276,652,624
"Lahti","9",1221,649,572
"Lahti","10",1294,682,612
"Lahti","11",1254,657,597
"Lahti","12",1273,631,642
"Lahti","13",1254,646,608
"Lahti","14",1236,666,570
"Lahti","15",1234,649,585
"Lahti","16",1217,593,624
"Lahti","17",1251,595,656
"Lahti","18",1389,687,702
"Lahti","19",1338,677,661
"Lahti","20",1430,719,711
"Lahti","21",1367,664,703
"Lahti","22",1342,662,680
"Lahti","23",1397,706,691
"Lahti","24",1407,705,702
"Lahti","25",1541,804,737
"Lahti","26",1619,820,799
"Lahti","27",1573,839,734
"Lahti","28",1648,872,776
"Lahti","29",1530,795,735
"Lahti","30",1586,850,736
"Lahti","31",1560,798,762
"Lahti","32",1443,749,694
"Lahti","33",1418,736,682
"Lahti","34",1449,753,696
"Lahti","35",1501,788,713
"Lahti","36",1497,774,723
"Lahti","37",1532,755,777
"Lahti","38",1491,766,725
"Lahti","39",1413,717,696
"Lahti","40",1493,777,716
"Lahti","41",1441,748,693
"Lahti","42",1478,728,750
"Lahti","43",1461,767,694
"Lahti","44",1457,716,741
"Lahti","45",1380,727,653
"Lahti","46",1420,711,709
"Lahti","47",1272,641,631
"Lahti","48",1332,679,653
"Lahti","49",1299,657,642
"Lahti","50",1369,677,692
"Lahti","51",1411,715,696
"Lahti","52",1598,774,824
"Lahti","53",1543,748,795
"Lahti","54",1511,740,771
"Lahti","55",1602,791,811
"Lahti","56",1579,796,783
"Lahti","57",1601,801,800
"Lahti","58",1522,751,771
"Lahti","59",1484,720,764
"Lahti","60",1518,732,786
"Lahti","61",1480,713,767
"Lahti","62",1443,679,764
"Lahti","63",1564,718,846
"Lahti","64",1524,712,812
"Lahti","65",1553,733,820
"Lahti","66",1605,711,894
"Lahti","67",1584,727,857
"Lahti","68",1698,747,951
"Lahti","69",1660,728,932
"Lahti","70",1769,759,1010
"Lahti","71",1799,821,978
"Lahti","72",1845,838,1007
"Lahti","73",1729,781,948
"Lahti","74",1658,701,957
"Lahti","75",1467,669,798
"Lahti","76",1154,503,651
"Lahti","77",1029,438,591
"Lahti","78",789,314,475
"Lahti","79",1214,465,749
"Lahti","80",856,345,511
"Lahti","81",884,339,545
"Lahti","82",808,303,505
"Lahti","83",740,267,473
"Lahti","84",598,211,387
"Lahti","85",558,183,375
"Lahti","86",510,166,344
"Lahti","87",401,132,269
"Lahti","88",376,116,260
"Lahti","89",330,85,245
"Lahti","90",295,84,211
"Lahti","91",230,70,160
"Lahti","92",214,53,161
"Lahti","93",138,31,107
"Lahti","94",99,34,65
"Lahti","95",84,19,65
"Lahti","96",67,7,60
"Lahti","97",40,6,34
"Lahti","98",19,0,19
"Lahti","99",20,3,17
"Lahti","100 -",21,1,20
"Laihia","0",61,33,28
"Laihia","1",78,40,38
"Laihia","2",61,35,26
"Laihia","3",101,56,45
"Laihia","4",93,40,53
"Laihia","5",101,54,47
"Laihia","6",127,74,53
"Laihia","7",114,65,49
"Laihia","8",128,66,62
"Laihia","9",123,68,55
"Laihia","10",135,58,77
"Laihia","11",131,66,65
"Laihia","12",123,73,50
"Laihia","13",99,45,54
"Laihia","14",111,53,58
"Laihia","15",99,48,51
"Laihia","16",104,57,47
"Laihia","17",85,38,47
"Laihia","18",105,56,49
"Laihia","19",67,47,20
"Laihia","20",50,35,15
"Laihia","21",40,27,13
"Laihia","22",51,33,18
"Laihia","23",30,13,17
"Laihia","24",40,23,17
"Laihia","25",46,25,21
"Laihia","26",52,28,24
"Laihia","27",58,24,34
"Laihia","28",64,30,34
"Laihia","29",69,34,35
"Laihia","30",97,53,44
"Laihia","31",85,30,55
"Laihia","32",91,38,53
"Laihia","33",81,46,35
"Laihia","34",81,41,40
"Laihia","35",99,48,51
"Laihia","36",104,50,54
"Laihia","37",132,68,64
"Laihia","38",93,42,51
"Laihia","39",115,62,53
"Laihia","40",127,81,46
"Laihia","41",122,58,64
"Laihia","42",127,64,63
"Laihia","43",128,58,70
"Laihia","44",131,67,64
"Laihia","45",102,60,42
"Laihia","46",109,60,49
"Laihia","47",95,50,45
"Laihia","48",104,64,40
"Laihia","49",99,56,43
"Laihia","50",89,51,38
"Laihia","51",86,52,34
"Laihia","52",109,49,60
"Laihia","53",108,54,54
"Laihia","54",74,44,30
"Laihia","55",95,54,41
"Laihia","56",96,46,50
"Laihia","57",96,51,45
"Laihia","58",100,45,55
"Laihia","59",89,42,47
"Laihia","60",96,48,48
"Laihia","61",101,53,48
"Laihia","62",95,35,60
"Laihia","63",126,68,58
"Laihia","64",92,46,46
"Laihia","65",130,71,59
"Laihia","66",117,64,53
"Laihia","67",89,42,47
"Laihia","68",104,52,52
"Laihia","69",99,42,57
"Laihia","70",112,51,61
"Laihia","71",112,58,54
"Laihia","72",118,55,63
"Laihia","73",110,62,48
"Laihia","74",107,45,62
"Laihia","75",96,50,46
"Laihia","76",63,24,39
"Laihia","77",63,23,40
"Laihia","78",48,27,21
"Laihia","79",69,30,39
"Laihia","80",41,15,26
"Laihia","81",40,22,18
"Laihia","82",43,21,22
"Laihia","83",41,12,29
"Laihia","84",29,11,18
"Laihia","85",50,20,30
"Laihia","86",32,14,18
"Laihia","87",28,8,20
"Laihia","88",26,9,17
"Laihia","89",18,5,13
"Laihia","90",19,4,15
"Laihia","91",17,7,10
"Laihia","92",16,7,9
"Laihia","93",7,3,4
"Laihia","94",10,3,7
"Laihia","95",8,2,6
"Laihia","96",3,0,3
"Laihia","97",6,2,4
"Laihia","98",2,1,1
"Laihia","99",1,0,1
"Laihia","100 -",2,0,2
"Laitila","0",71,34,37
"Laitila","1",57,30,27
"Laitila","2",66,30,36
"Laitila","3",83,47,36
"Laitila","4",94,39,55
"Laitila","5",87,46,41
"Laitila","6",99,58,41
"Laitila","7",111,54,57
"Laitila","8",105,57,48
"Laitila","9",104,55,49
"Laitila","10",103,53,50
"Laitila","11",108,57,51
"Laitila","12",104,54,50
"Laitila","13",93,44,49
"Laitila","14",91,41,50
"Laitila","15",98,38,60
"Laitila","16",96,46,50
"Laitila","17",89,51,38
"Laitila","18",94,53,41
"Laitila","19",80,41,39
"Laitila","20",63,36,27
"Laitila","21",56,27,29
"Laitila","22",50,28,22
"Laitila","23",68,48,20
"Laitila","24",58,35,23
"Laitila","25",77,44,33
"Laitila","26",96,57,39
"Laitila","27",82,36,46
"Laitila","28",96,55,41
"Laitila","29",89,51,38
"Laitila","30",101,52,49
"Laitila","31",94,47,47
"Laitila","32",114,66,48
"Laitila","33",84,47,37
"Laitila","34",110,55,55
"Laitila","35",105,56,49
"Laitila","36",118,66,52
"Laitila","37",113,58,55
"Laitila","38",97,53,44
"Laitila","39",105,58,47
"Laitila","40",102,60,42
"Laitila","41",87,39,48
"Laitila","42",109,59,50
"Laitila","43",114,56,58
"Laitila","44",111,61,50
"Laitila","45",110,62,48
"Laitila","46",86,49,37
"Laitila","47",95,52,43
"Laitila","48",100,56,44
"Laitila","49",116,61,55
"Laitila","50",103,53,50
"Laitila","51",97,57,40
"Laitila","52",102,41,61
"Laitila","53",108,56,52
"Laitila","54",119,55,64
"Laitila","55",96,49,47
"Laitila","56",117,64,53
"Laitila","57",124,70,54
"Laitila","58",122,62,60
"Laitila","59",108,52,56
"Laitila","60",116,55,61
"Laitila","61",117,57,60
"Laitila","62",133,73,60
"Laitila","63",108,54,54
"Laitila","64",114,53,61
"Laitila","65",139,67,72
"Laitila","66",120,54,66
"Laitila","67",97,44,53
"Laitila","68",127,70,57
"Laitila","69",108,51,57
"Laitila","70",114,59,55
"Laitila","71",124,52,72
"Laitila","72",110,53,57
"Laitila","73",119,47,72
"Laitila","74",110,48,62
"Laitila","75",105,48,57
"Laitila","76",87,39,48
"Laitila","77",76,31,45
"Laitila","78",43,21,22
"Laitila","79",87,42,45
"Laitila","80",50,22,28
"Laitila","81",66,25,41
"Laitila","82",58,26,32
"Laitila","83",54,18,36
"Laitila","84",55,19,36
"Laitila","85",55,27,28
"Laitila","86",32,15,17
"Laitila","87",31,14,17
"Laitila","88",40,9,31
"Laitila","89",25,11,14
"Laitila","90",26,3,23
"Laitila","91",17,5,12
"Laitila","92",15,3,12
"Laitila","93",19,6,13
"Laitila","94",12,4,8
"Laitila","95",6,1,5
"Laitila","96",6,2,4
"Laitila","97",6,0,6
"Laitila","98",2,1,1
"Laitila","99",2,1,1
"Laitila","100 -",2,0,2
"Lapinjärvi","0",15,9,6
"Lapinjärvi","1",16,8,8
"Lapinjärvi","2",24,9,15
"Lapinjärvi","3",28,12,16
"Lapinjärvi","4",28,13,15
"Lapinjärvi","5",23,7,16
"Lapinjärvi","6",23,13,10
"Lapinjärvi","7",21,11,10
"Lapinjärvi","8",17,8,9
"Lapinjärvi","9",28,13,15
"Lapinjärvi","10",32,13,19
"Lapinjärvi","11",24,11,13
"Lapinjärvi","12",41,21,20
"Lapinjärvi","13",36,18,18
"Lapinjärvi","14",27,16,11
"Lapinjärvi","15",17,4,13
"Lapinjärvi","16",40,27,13
"Lapinjärvi","17",23,14,9
"Lapinjärvi","18",23,13,10
"Lapinjärvi","19",18,13,5
"Lapinjärvi","20",19,13,6
"Lapinjärvi","21",20,12,8
"Lapinjärvi","22",10,8,2
"Lapinjärvi","23",14,6,8
"Lapinjärvi","24",18,9,9
"Lapinjärvi","25",17,8,9
"Lapinjärvi","26",25,11,14
"Lapinjärvi","27",17,13,4
"Lapinjärvi","28",12,6,6
"Lapinjärvi","29",19,4,15
"Lapinjärvi","30",25,16,9
"Lapinjärvi","31",33,13,20
"Lapinjärvi","32",30,19,11
"Lapinjärvi","33",24,14,10
"Lapinjärvi","34",29,15,14
"Lapinjärvi","35",33,12,21
"Lapinjärvi","36",26,17,9
"Lapinjärvi","37",26,14,12
"Lapinjärvi","38",29,17,12
"Lapinjärvi","39",44,22,22
"Lapinjärvi","40",29,16,13
"Lapinjärvi","41",28,12,16
"Lapinjärvi","42",28,15,13
"Lapinjärvi","43",23,8,15
"Lapinjärvi","44",42,22,20
"Lapinjärvi","45",24,14,10
"Lapinjärvi","46",27,12,15
"Lapinjärvi","47",31,19,12
"Lapinjärvi","48",33,24,9
"Lapinjärvi","49",29,17,12
"Lapinjärvi","50",36,19,17
"Lapinjärvi","51",31,19,12
"Lapinjärvi","52",38,21,17
"Lapinjärvi","53",43,26,17
"Lapinjärvi","54",34,17,17
"Lapinjärvi","55",51,26,25
"Lapinjärvi","56",37,19,18
"Lapinjärvi","57",35,20,15
"Lapinjärvi","58",30,13,17
"Lapinjärvi","59",44,17,27
"Lapinjärvi","60",30,15,15
"Lapinjärvi","61",45,24,21
"Lapinjärvi","62",28,17,11
"Lapinjärvi","63",42,17,25
"Lapinjärvi","64",49,29,20
"Lapinjärvi","65",46,23,23
"Lapinjärvi","66",41,22,19
"Lapinjärvi","67",36,18,18
"Lapinjärvi","68",44,22,22
"Lapinjärvi","69",35,18,17
"Lapinjärvi","70",41,17,24
"Lapinjärvi","71",40,19,21
"Lapinjärvi","72",46,20,26
"Lapinjärvi","73",44,20,24
"Lapinjärvi","74",37,24,13
"Lapinjärvi","75",44,23,21
"Lapinjärvi","76",35,15,20
"Lapinjärvi","77",28,17,11
"Lapinjärvi","78",20,10,10
"Lapinjärvi","79",28,14,14
"Lapinjärvi","80",13,6,7
"Lapinjärvi","81",26,9,17
"Lapinjärvi","82",23,11,12
"Lapinjärvi","83",15,5,10
"Lapinjärvi","84",23,12,11
"Lapinjärvi","85",9,2,7
"Lapinjärvi","86",16,3,13
"Lapinjärvi","87",17,7,10
"Lapinjärvi","88",17,9,8
"Lapinjärvi","89",6,3,3
"Lapinjärvi","90",15,4,11
"Lapinjärvi","91",6,0,6
"Lapinjärvi","92",10,4,6
"Lapinjärvi","93",3,2,1
"Lapinjärvi","94",5,2,3
"Lapinjärvi","95",5,1,4
"Lapinjärvi","96",2,0,2
"Lapinjärvi","97",1,0,1
"Lapinjärvi","98",0,0,0
"Lapinjärvi","99",0,0,0
"Lapinjärvi","100 -",3,1,2
"Lapinlahti","0",59,32,27
"Lapinlahti","1",68,31,37
"Lapinlahti","2",65,33,32
"Lapinlahti","3",72,34,38
"Lapinlahti","4",65,35,30
"Lapinlahti","5",101,51,50
"Lapinlahti","6",80,39,41
"Lapinlahti","7",72,39,33
"Lapinlahti","8",122,66,56
"Lapinlahti","9",99,58,41
"Lapinlahti","10",112,53,59
"Lapinlahti","11",123,57,66
"Lapinlahti","12",118,60,58
"Lapinlahti","13",111,57,54
"Lapinlahti","14",117,50,67
"Lapinlahti","15",112,59,53
"Lapinlahti","16",124,67,57
"Lapinlahti","17",96,47,49
"Lapinlahti","18",96,51,45
"Lapinlahti","19",97,51,46
"Lapinlahti","20",82,44,38
"Lapinlahti","21",51,33,18
"Lapinlahti","22",50,21,29
"Lapinlahti","23",72,36,36
"Lapinlahti","24",58,37,21
"Lapinlahti","25",70,39,31
"Lapinlahti","26",64,38,26
"Lapinlahti","27",86,48,38
"Lapinlahti","28",63,32,31
"Lapinlahti","29",72,36,36
"Lapinlahti","30",84,42,42
"Lapinlahti","31",93,44,49
"Lapinlahti","32",90,44,46
"Lapinlahti","33",96,59,37
"Lapinlahti","34",96,49,47
"Lapinlahti","35",106,52,54
"Lapinlahti","36",114,72,42
"Lapinlahti","37",106,57,49
"Lapinlahti","38",124,60,64
"Lapinlahti","39",114,51,63
"Lapinlahti","40",98,57,41
"Lapinlahti","41",110,60,50
"Lapinlahti","42",90,57,33
"Lapinlahti","43",100,49,51
"Lapinlahti","44",108,60,48
"Lapinlahti","45",91,54,37
"Lapinlahti","46",102,55,47
"Lapinlahti","47",101,53,48
"Lapinlahti","48",83,41,42
"Lapinlahti","49",96,47,49
"Lapinlahti","50",113,61,52
"Lapinlahti","51",127,64,63
"Lapinlahti","52",120,64,56
"Lapinlahti","53",138,57,81
"Lapinlahti","54",136,71,65
"Lapinlahti","55",115,59,56
"Lapinlahti","56",143,76,67
"Lapinlahti","57",151,88,63
"Lapinlahti","58",150,78,72
"Lapinlahti","59",146,67,79
"Lapinlahti","60",147,71,76
"Lapinlahti","61",156,73,83
"Lapinlahti","62",154,79,75
"Lapinlahti","63",167,82,85
"Lapinlahti","64",145,83,62
"Lapinlahti","65",171,80,91
"Lapinlahti","66",157,81,76
"Lapinlahti","67",164,97,67
"Lapinlahti","68",170,93,77
"Lapinlahti","69",133,66,67
"Lapinlahti","70",180,84,96
"Lapinlahti","71",181,97,84
"Lapinlahti","72",160,97,63
"Lapinlahti","73",130,63,67
"Lapinlahti","74",138,67,71
"Lapinlahti","75",96,37,59
"Lapinlahti","76",84,38,46
"Lapinlahti","77",82,45,37
"Lapinlahti","78",79,33,46
"Lapinlahti","79",86,38,48
"Lapinlahti","80",67,25,42
"Lapinlahti","81",67,23,44
"Lapinlahti","82",79,28,51
"Lapinlahti","83",60,26,34
"Lapinlahti","84",53,22,31
"Lapinlahti","85",52,21,31
"Lapinlahti","86",52,19,33
"Lapinlahti","87",39,16,23
"Lapinlahti","88",29,9,20
"Lapinlahti","89",34,11,23
"Lapinlahti","90",41,17,24
"Lapinlahti","91",24,6,18
"Lapinlahti","92",19,7,12
"Lapinlahti","93",15,5,10
"Lapinlahti","94",7,1,6
"Lapinlahti","95",6,1,5
"Lapinlahti","96",5,4,1
"Lapinlahti","97",6,2,4
"Lapinlahti","98",3,0,3
"Lapinlahti","99",1,1,0
"Lapinlahti","100 -",1,0,1
"Lappajärvi","0",15,11,4
"Lappajärvi","1",12,5,7
"Lappajärvi","2",26,15,11
"Lappajärvi","3",22,15,7
"Lappajärvi","4",31,18,13
"Lappajärvi","5",35,17,18
"Lappajärvi","6",27,13,14
"Lappajärvi","7",28,18,10
"Lappajärvi","8",38,17,21
"Lappajärvi","9",27,14,13
"Lappajärvi","10",21,15,6
"Lappajärvi","11",33,14,19
"Lappajärvi","12",29,13,16
"Lappajärvi","13",35,21,14
"Lappajärvi","14",27,15,12
"Lappajärvi","15",25,14,11
"Lappajärvi","16",24,12,12
"Lappajärvi","17",37,21,16
"Lappajärvi","18",32,17,15
"Lappajärvi","19",29,18,11
"Lappajärvi","20",19,11,8
"Lappajärvi","21",11,5,6
"Lappajärvi","22",14,10,4
"Lappajärvi","23",13,7,6
"Lappajärvi","24",11,5,6
"Lappajärvi","25",22,13,9
"Lappajärvi","26",20,10,10
"Lappajärvi","27",13,7,6
"Lappajärvi","28",25,13,12
"Lappajärvi","29",8,1,7
"Lappajärvi","30",33,17,16
"Lappajärvi","31",26,17,9
"Lappajärvi","32",30,14,16
"Lappajärvi","33",31,14,17
"Lappajärvi","34",23,9,14
"Lappajärvi","35",29,14,15
"Lappajärvi","36",22,15,7
"Lappajärvi","37",26,14,12
"Lappajärvi","38",27,14,13
"Lappajärvi","39",25,11,14
"Lappajärvi","40",26,13,13
"Lappajärvi","41",25,18,7
"Lappajärvi","42",23,11,12
"Lappajärvi","43",21,12,9
"Lappajärvi","44",27,15,12
"Lappajärvi","45",17,6,11
"Lappajärvi","46",25,17,8
"Lappajärvi","47",27,18,9
"Lappajärvi","48",30,16,14
"Lappajärvi","49",32,14,18
"Lappajärvi","50",24,12,12
"Lappajärvi","51",28,12,16
"Lappajärvi","52",35,22,13
"Lappajärvi","53",28,17,11
"Lappajärvi","54",25,12,13
"Lappajärvi","55",36,14,22
"Lappajärvi","56",38,20,18
"Lappajärvi","57",47,22,25
"Lappajärvi","58",46,23,23
"Lappajärvi","59",59,32,27
"Lappajärvi","60",47,22,25
"Lappajärvi","61",65,32,33
"Lappajärvi","62",53,23,30
"Lappajärvi","63",59,30,29
"Lappajärvi","64",54,30,24
"Lappajärvi","65",57,28,29
"Lappajärvi","66",61,30,31
"Lappajärvi","67",62,29,33
"Lappajärvi","68",53,36,17
"Lappajärvi","69",48,28,20
"Lappajärvi","70",47,27,20
"Lappajärvi","71",50,21,29
"Lappajärvi","72",67,31,36
"Lappajärvi","73",56,32,24
"Lappajärvi","74",50,21,29
"Lappajärvi","75",57,31,26
"Lappajärvi","76",50,18,32
"Lappajärvi","77",40,19,21
"Lappajärvi","78",22,9,13
"Lappajärvi","79",42,24,18
"Lappajärvi","80",23,9,14
"Lappajärvi","81",31,12,19
"Lappajärvi","82",28,12,16
"Lappajärvi","83",31,12,19
"Lappajärvi","84",24,12,12
"Lappajärvi","85",20,8,12
"Lappajärvi","86",23,13,10
"Lappajärvi","87",16,4,12
"Lappajärvi","88",8,1,7
"Lappajärvi","89",21,6,15
"Lappajärvi","90",14,5,9
"Lappajärvi","91",10,4,6
"Lappajärvi","92",7,2,5
"Lappajärvi","93",5,0,5
"Lappajärvi","94",7,1,6
"Lappajärvi","95",6,2,4
"Lappajärvi","96",3,1,2
"Lappajärvi","97",0,0,0
"Lappajärvi","98",4,2,2
"Lappajärvi","99",1,1,0
"Lappajärvi","100 -",3,1,2
"Lappeenranta","0",473,237,236
"Lappeenranta","1",505,265,240
"Lappeenranta","2",516,279,237
"Lappeenranta","3",606,316,290
"Lappeenranta","4",611,311,300
"Lappeenranta","5",677,354,323
"Lappeenranta","6",692,368,324
"Lappeenranta","7",698,333,365
"Lappeenranta","8",710,349,361
"Lappeenranta","9",727,354,373
"Lappeenranta","10",794,407,387
"Lappeenranta","11",690,322,368
"Lappeenranta","12",750,409,341
"Lappeenranta","13",732,344,388
"Lappeenranta","14",729,381,348
"Lappeenranta","15",741,384,357
"Lappeenranta","16",665,330,335
"Lappeenranta","17",669,345,324
"Lappeenranta","18",771,391,380
"Lappeenranta","19",927,484,443
"Lappeenranta","20",1026,569,457
"Lappeenranta","21",1168,660,508
"Lappeenranta","22",1174,646,528
"Lappeenranta","23",1188,680,508
"Lappeenranta","24",1108,666,442
"Lappeenranta","25",993,593,400
"Lappeenranta","26",901,512,389
"Lappeenranta","27",857,437,420
"Lappeenranta","28",897,517,380
"Lappeenranta","29",879,494,385
"Lappeenranta","30",888,457,431
"Lappeenranta","31",861,468,393
"Lappeenranta","32",886,468,418
"Lappeenranta","33",782,418,364
"Lappeenranta","34",837,461,376
"Lappeenranta","35",885,487,398
"Lappeenranta","36",928,475,453
"Lappeenranta","37",966,521,445
"Lappeenranta","38",868,454,414
"Lappeenranta","39",859,428,431
"Lappeenranta","40",873,473,400
"Lappeenranta","41",842,445,397
"Lappeenranta","42",838,430,408
"Lappeenranta","43",898,483,415
"Lappeenranta","44",848,412,436
"Lappeenranta","45",865,466,399
"Lappeenranta","46",841,444,397
"Lappeenranta","47",711,370,341
"Lappeenranta","48",770,381,389
"Lappeenranta","49",853,405,448
"Lappeenranta","50",821,403,418
"Lappeenranta","51",880,427,453
"Lappeenranta","52",915,452,463
"Lappeenranta","53",938,464,474
"Lappeenranta","54",991,528,463
"Lappeenranta","55",922,463,459
"Lappeenranta","56",935,462,473
"Lappeenranta","57",933,461,472
"Lappeenranta","58",870,427,443
"Lappeenranta","59",949,470,479
"Lappeenranta","60",934,439,495
"Lappeenranta","61",991,468,523
"Lappeenranta","62",939,458,481
"Lappeenranta","63",995,472,523
"Lappeenranta","64",1067,524,543
"Lappeenranta","65",1037,486,551
"Lappeenranta","66",1023,486,537
"Lappeenranta","67",987,479,508
"Lappeenranta","68",990,456,534
"Lappeenranta","69",942,462,480
"Lappeenranta","70",1005,474,531
"Lappeenranta","71",1001,463,538
"Lappeenranta","72",1013,445,568
"Lappeenranta","73",952,450,502
"Lappeenranta","74",870,387,483
"Lappeenranta","75",806,364,442
"Lappeenranta","76",599,250,349
"Lappeenranta","77",609,259,350
"Lappeenranta","78",483,217,266
"Lappeenranta","79",747,309,438
"Lappeenranta","80",482,200,282
"Lappeenranta","81",547,212,335
"Lappeenranta","82",450,184,266
"Lappeenranta","83",403,150,253
"Lappeenranta","84",373,146,227
"Lappeenranta","85",343,109,234
"Lappeenranta","86",323,103,220
"Lappeenranta","87",306,97,209
"Lappeenranta","88",278,90,188
"Lappeenranta","89",231,80,151
"Lappeenranta","90",201,53,148
"Lappeenranta","91",163,54,109
"Lappeenranta","92",121,32,89
"Lappeenranta","93",91,23,68
"Lappeenranta","94",69,11,58
"Lappeenranta","95",54,9,45
"Lappeenranta","96",33,3,30
"Lappeenranta","97",26,3,23
"Lappeenranta","98",17,3,14
"Lappeenranta","99",9,3,6
"Lappeenranta","100 -",25,1,24
"Lapua","0",104,57,47
"Lapua","1",122,59,63
"Lapua","2",142,84,58
"Lapua","3",140,72,68
"Lapua","4",170,78,92
"Lapua","5",190,95,95
"Lapua","6",169,82,87
"Lapua","7",191,101,90
"Lapua","8",191,91,100
"Lapua","9",217,102,115
"Lapua","10",177,82,95
"Lapua","11",185,105,80
"Lapua","12",196,95,101
"Lapua","13",177,86,91
"Lapua","14",165,84,81
"Lapua","15",200,100,100
"Lapua","16",207,102,105
"Lapua","17",173,88,85
"Lapua","18",170,91,79
"Lapua","19",157,85,72
"Lapua","20",125,76,49
"Lapua","21",118,62,56
"Lapua","22",94,60,34
"Lapua","23",90,52,38
"Lapua","24",101,59,42
"Lapua","25",114,54,60
"Lapua","26",89,59,30
"Lapua","27",129,72,57
"Lapua","28",130,60,70
"Lapua","29",131,69,62
"Lapua","30",124,49,75
"Lapua","31",148,79,69
"Lapua","32",144,70,74
"Lapua","33",152,79,73
"Lapua","34",137,73,64
"Lapua","35",179,90,89
"Lapua","36",182,102,80
"Lapua","37",200,97,103
"Lapua","38",206,115,91
"Lapua","39",158,70,88
"Lapua","40",158,82,76
"Lapua","41",167,87,80
"Lapua","42",189,95,94
"Lapua","43",182,99,83
"Lapua","44",176,91,85
"Lapua","45",213,118,95
"Lapua","46",168,89,79
"Lapua","47",179,88,91
"Lapua","48",159,88,71
"Lapua","49",158,85,73
"Lapua","50",152,76,76
"Lapua","51",176,91,85
"Lapua","52",193,111,82
"Lapua","53",196,97,99
"Lapua","54",196,106,90
"Lapua","55",198,100,98
"Lapua","56",162,81,81
"Lapua","57",177,93,84
"Lapua","58",184,88,96
"Lapua","59",193,105,88
"Lapua","60",190,88,102
"Lapua","61",199,100,99
"Lapua","62",178,103,75
"Lapua","63",165,78,87
"Lapua","64",224,100,124
"Lapua","65",198,105,93
"Lapua","66",201,105,96
"Lapua","67",175,88,87
"Lapua","68",201,100,101
"Lapua","69",200,107,93
"Lapua","70",200,96,104
"Lapua","71",212,95,117
"Lapua","72",207,91,116
"Lapua","73",194,86,108
"Lapua","74",169,77,92
"Lapua","75",155,76,79
"Lapua","76",111,56,55
"Lapua","77",107,46,61
"Lapua","78",89,34,55
"Lapua","79",132,60,72
"Lapua","80",104,46,58
"Lapua","81",103,46,57
"Lapua","82",90,39,51
"Lapua","83",79,33,46
"Lapua","84",81,32,49
"Lapua","85",80,27,53
"Lapua","86",56,14,42
"Lapua","87",49,18,31
"Lapua","88",57,20,37
"Lapua","89",47,9,38
"Lapua","90",39,11,28
"Lapua","91",47,13,34
"Lapua","92",31,7,24
"Lapua","93",24,5,19
"Lapua","94",19,3,16
"Lapua","95",12,3,9
"Lapua","96",6,0,6
"Lapua","97",4,0,4
"Lapua","98",9,0,9
"Lapua","99",5,2,3
"Lapua","100 -",2,0,2
"Laukaa","0",163,84,79
"Laukaa","1",212,113,99
"Laukaa","2",209,116,93
"Laukaa","3",212,109,103
"Laukaa","4",280,131,149
"Laukaa","5",311,147,164
"Laukaa","6",324,152,172
"Laukaa","7",321,166,155
"Laukaa","8",334,192,142
"Laukaa","9",300,163,137
"Laukaa","10",329,190,139
"Laukaa","11",305,165,140
"Laukaa","12",290,141,149
"Laukaa","13",279,131,148
"Laukaa","14",306,160,146
"Laukaa","15",287,139,148
"Laukaa","16",253,124,129
"Laukaa","17",258,127,131
"Laukaa","18",208,118,90
"Laukaa","19",142,89,53
"Laukaa","20",133,87,46
"Laukaa","21",89,55,34
"Laukaa","22",87,55,32
"Laukaa","23",115,61,54
"Laukaa","24",110,53,57
"Laukaa","25",119,62,57
"Laukaa","26",113,55,58
"Laukaa","27",123,60,63
"Laukaa","28",170,84,86
"Laukaa","29",183,104,79
"Laukaa","30",188,83,105
"Laukaa","31",154,64,90
"Laukaa","32",211,87,124
"Laukaa","33",198,96,102
"Laukaa","34",231,111,120
"Laukaa","35",227,121,106
"Laukaa","36",263,129,134
"Laukaa","37",275,123,152
"Laukaa","38",286,153,133
"Laukaa","39",275,152,123
"Laukaa","40",290,146,144
"Laukaa","41",267,135,132
"Laukaa","42",272,135,137
"Laukaa","43",248,123,125
"Laukaa","44",269,144,125
"Laukaa","45",226,115,111
"Laukaa","46",244,126,118
"Laukaa","47",220,122,98
"Laukaa","48",241,115,126
"Laukaa","49",226,118,108
"Laukaa","50",247,132,115
"Laukaa","51",226,110,116
"Laukaa","52",253,129,124
"Laukaa","53",211,112,99
"Laukaa","54",221,114,107
"Laukaa","55",230,122,108
"Laukaa","56",233,114,119
"Laukaa","57",248,138,110
"Laukaa","58",231,105,126
"Laukaa","59",254,139,115
"Laukaa","60",250,129,121
"Laukaa","61",268,149,119
"Laukaa","62",227,121,106
"Laukaa","63",263,133,130
"Laukaa","64",215,121,94
"Laukaa","65",240,114,126
"Laukaa","66",225,110,115
"Laukaa","67",230,105,125
"Laukaa","68",256,130,126
"Laukaa","69",224,98,126
"Laukaa","70",252,123,129
"Laukaa","71",235,119,116
"Laukaa","72",243,121,122
"Laukaa","73",210,107,103
"Laukaa","74",184,90,94
"Laukaa","75",175,87,88
"Laukaa","76",136,68,68
"Laukaa","77",146,57,89
"Laukaa","78",84,35,49
"Laukaa","79",134,67,67
"Laukaa","80",97,44,53
"Laukaa","81",108,39,69
"Laukaa","82",111,46,65
"Laukaa","83",88,40,48
"Laukaa","84",73,30,43
"Laukaa","85",73,30,43
"Laukaa","86",66,18,48
"Laukaa","87",47,19,28
"Laukaa","88",47,15,32
"Laukaa","89",43,17,26
"Laukaa","90",36,11,25
"Laukaa","91",38,9,29
"Laukaa","92",24,11,13
"Laukaa","93",13,1,12
"Laukaa","94",7,2,5
"Laukaa","95",15,5,10
"Laukaa","96",6,3,3
"Laukaa","97",3,0,3
"Laukaa","98",0,0,0
"Laukaa","99",0,0,0
"Laukaa","100 -",1,1,0
"Lemi","0",17,10,7
"Lemi","1",21,12,9
"Lemi","2",25,16,9
"Lemi","3",31,18,13
"Lemi","4",33,20,13
"Lemi","5",36,15,21
"Lemi","6",31,19,12
"Lemi","7",44,26,18
"Lemi","8",43,19,24
"Lemi","9",48,21,27
"Lemi","10",43,15,28
"Lemi","11",37,19,18
"Lemi","12",39,19,20
"Lemi","13",44,20,24
"Lemi","14",22,12,10
"Lemi","15",36,23,13
"Lemi","16",29,11,18
"Lemi","17",34,19,15
"Lemi","18",33,18,15
"Lemi","19",21,13,8
"Lemi","20",18,13,5
"Lemi","21",19,12,7
"Lemi","22",9,6,3
"Lemi","23",15,6,9
"Lemi","24",13,4,9
"Lemi","25",15,11,4
"Lemi","26",24,14,10
"Lemi","27",20,8,12
"Lemi","28",26,9,17
"Lemi","29",25,17,8
"Lemi","30",32,17,15
"Lemi","31",28,17,11
"Lemi","32",28,15,13
"Lemi","33",26,14,12
"Lemi","34",25,15,10
"Lemi","35",30,14,16
"Lemi","36",35,22,13
"Lemi","37",37,13,24
"Lemi","38",32,22,10
"Lemi","39",44,16,28
"Lemi","40",30,17,13
"Lemi","41",41,22,19
"Lemi","42",39,20,19
"Lemi","43",37,21,16
"Lemi","44",37,15,22
"Lemi","45",34,20,14
"Lemi","46",42,18,24
"Lemi","47",37,14,23
"Lemi","48",37,18,19
"Lemi","49",37,25,12
"Lemi","50",38,20,18
"Lemi","51",35,17,18
"Lemi","52",58,35,23
"Lemi","53",37,15,22
"Lemi","54",40,21,19
"Lemi","55",49,21,28
"Lemi","56",43,26,17
"Lemi","57",48,22,26
"Lemi","58",54,33,21
"Lemi","59",49,27,22
"Lemi","60",43,25,18
"Lemi","61",33,21,12
"Lemi","62",37,22,15
"Lemi","63",31,17,14
"Lemi","64",65,26,39
"Lemi","65",36,19,17
"Lemi","66",41,28,13
"Lemi","67",48,27,21
"Lemi","68",46,23,23
"Lemi","69",38,17,21
"Lemi","70",42,29,13
"Lemi","71",42,26,16
"Lemi","72",51,26,25
"Lemi","73",44,25,19
"Lemi","74",39,19,20
"Lemi","75",32,14,18
"Lemi","76",20,9,11
"Lemi","77",38,16,22
"Lemi","78",15,11,4
"Lemi","79",37,14,23
"Lemi","80",16,6,10
"Lemi","81",24,9,15
"Lemi","82",21,11,10
"Lemi","83",14,9,5
"Lemi","84",13,4,9
"Lemi","85",24,10,14
"Lemi","86",9,3,6
"Lemi","87",10,4,6
"Lemi","88",7,0,7
"Lemi","89",14,8,6
"Lemi","90",15,7,8
"Lemi","91",7,5,2
"Lemi","92",9,4,5
"Lemi","93",4,2,2
"Lemi","94",1,0,1
"Lemi","95",4,2,2
"Lemi","96",1,0,1
"Lemi","97",0,0,0
"Lemi","98",2,1,1
"Lemi","99",0,0,0
"Lemi","100 -",1,1,0
"Lemland","0",30,15,15
"Lemland","1",20,11,9
"Lemland","2",34,21,13
"Lemland","3",29,15,14
"Lemland","4",36,20,16
"Lemland","5",27,14,13
"Lemland","6",36,20,16
"Lemland","7",36,19,17
"Lemland","8",30,14,16
"Lemland","9",17,8,9
"Lemland","10",35,15,20
"Lemland","11",28,19,9
"Lemland","12",33,17,16
"Lemland","13",22,11,11
"Lemland","14",23,14,9
"Lemland","15",31,13,18
"Lemland","16",24,9,15
"Lemland","17",23,13,10
"Lemland","18",28,15,13
"Lemland","19",23,10,13
"Lemland","20",15,9,6
"Lemland","21",15,9,6
"Lemland","22",17,8,9
"Lemland","23",21,13,8
"Lemland","24",14,9,5
"Lemland","25",16,8,8
"Lemland","26",16,4,12
"Lemland","27",16,9,7
"Lemland","28",20,10,10
"Lemland","29",22,7,15
"Lemland","30",31,13,18
"Lemland","31",24,15,9
"Lemland","32",25,14,11
"Lemland","33",20,11,9
"Lemland","34",34,11,23
"Lemland","35",35,14,21
"Lemland","36",29,9,20
"Lemland","37",38,17,21
"Lemland","38",27,15,12
"Lemland","39",27,16,11
"Lemland","40",36,21,15
"Lemland","41",24,15,9
"Lemland","42",26,14,12
"Lemland","43",19,8,11
"Lemland","44",32,13,19
"Lemland","45",27,15,12
"Lemland","46",31,18,13
"Lemland","47",19,8,11
"Lemland","48",23,13,10
"Lemland","49",33,18,15
"Lemland","50",33,17,16
"Lemland","51",43,25,18
"Lemland","52",33,10,23
"Lemland","53",39,17,22
"Lemland","54",30,15,15
"Lemland","55",27,14,13
"Lemland","56",22,10,12
"Lemland","57",30,17,13
"Lemland","58",30,18,12
"Lemland","59",32,15,17
"Lemland","60",29,18,11
"Lemland","61",23,11,12
"Lemland","62",19,11,8
"Lemland","63",23,8,15
"Lemland","64",19,7,12
"Lemland","65",26,13,13
"Lemland","66",31,16,15
"Lemland","67",24,12,12
"Lemland","68",21,9,12
"Lemland","69",21,9,12
"Lemland","70",19,10,9
"Lemland","71",22,15,7
"Lemland","72",25,14,11
"Lemland","73",24,12,12
"Lemland","74",19,11,8
"Lemland","75",16,8,8
"Lemland","76",22,9,13
"Lemland","77",18,8,10
"Lemland","78",11,4,7
"Lemland","79",12,6,6
"Lemland","80",8,6,2
"Lemland","81",13,6,7
"Lemland","82",6,3,3
"Lemland","83",5,3,2
"Lemland","84",9,4,5
"Lemland","85",8,2,6
"Lemland","86",6,3,3
"Lemland","87",6,4,2
"Lemland","88",0,0,0
"Lemland","89",2,1,1
"Lemland","90",4,0,4
"Lemland","91",3,1,2
"Lemland","92",1,1,0
"Lemland","93",1,1,0
"Lemland","94",2,0,2
"Lemland","95",0,0,0
"Lemland","96",0,0,0
"Lemland","97",0,0,0
"Lemland","98",0,0,0
"Lemland","99",0,0,0
"Lemland","100 -",0,0,0
"Lempäälä","0",263,143,120
"Lempäälä","1",267,137,130
"Lempäälä","2",276,144,132
"Lempäälä","3",297,136,161
"Lempäälä","4",303,157,146
"Lempäälä","5",353,171,182
"Lempäälä","6",373,188,185
"Lempäälä","7",407,188,219
"Lempäälä","8",394,200,194
"Lempäälä","9",396,204,192
"Lempäälä","10",406,189,217
"Lempäälä","11",397,209,188
"Lempäälä","12",403,219,184
"Lempäälä","13",405,201,204
"Lempäälä","14",382,204,178
"Lempäälä","15",390,180,210
"Lempäälä","16",333,165,168
"Lempäälä","17",306,170,136
"Lempäälä","18",299,162,137
"Lempäälä","19",242,126,116
"Lempäälä","20",193,111,82
"Lempäälä","21",183,101,82
"Lempäälä","22",159,89,70
"Lempäälä","23",157,87,70
"Lempäälä","24",153,78,75
"Lempäälä","25",200,107,93
"Lempäälä","26",178,87,91
"Lempäälä","27",227,103,124
"Lempäälä","28",240,118,122
"Lempäälä","29",263,125,138
"Lempäälä","30",271,125,146
"Lempäälä","31",286,138,148
"Lempäälä","32",311,146,165
"Lempäälä","33",305,150,155
"Lempäälä","34",311,153,158
"Lempäälä","35",309,154,155
"Lempäälä","36",361,182,179
"Lempäälä","37",372,193,179
"Lempäälä","38",378,189,189
"Lempäälä","39",352,161,191
"Lempäälä","40",392,208,184
"Lempäälä","41",376,183,193
"Lempäälä","42",385,181,204
"Lempäälä","43",375,194,181
"Lempäälä","44",372,199,173
"Lempäälä","45",377,204,173
"Lempäälä","46",336,174,162
"Lempäälä","47",297,138,159
"Lempäälä","48",328,175,153
"Lempäälä","49",303,139,164
"Lempäälä","50",313,166,147
"Lempäälä","51",329,169,160
"Lempäälä","52",283,136,147
"Lempäälä","53",311,167,144
"Lempäälä","54",302,152,150
"Lempäälä","55",274,151,123
"Lempäälä","56",280,138,142
"Lempäälä","57",288,131,157
"Lempäälä","58",284,153,131
"Lempäälä","59",280,157,123
"Lempäälä","60",274,135,139
"Lempäälä","61",253,123,130
"Lempäälä","62",227,116,111
"Lempäälä","63",242,117,125
"Lempäälä","64",224,106,118
"Lempäälä","65",244,118,126
"Lempäälä","66",225,109,116
"Lempäälä","67",252,103,149
"Lempäälä","68",247,123,124
"Lempäälä","69",232,115,117
"Lempäälä","70",251,131,120
"Lempäälä","71",226,104,122
"Lempäälä","72",246,123,123
"Lempäälä","73",229,103,126
"Lempäälä","74",227,105,122
"Lempäälä","75",182,85,97
"Lempäälä","76",164,77,87
"Lempäälä","77",138,65,73
"Lempäälä","78",102,50,52
"Lempäälä","79",148,75,73
"Lempäälä","80",123,54,69
"Lempäälä","81",121,46,75
"Lempäälä","82",85,33,52
"Lempäälä","83",84,33,51
"Lempäälä","84",70,31,39
"Lempäälä","85",60,20,40
"Lempäälä","86",54,22,32
"Lempäälä","87",53,11,42
"Lempäälä","88",52,17,35
"Lempäälä","89",49,17,32
"Lempäälä","90",34,15,19
"Lempäälä","91",27,7,20
"Lempäälä","92",30,6,24
"Lempäälä","93",22,4,18
"Lempäälä","94",14,4,10
"Lempäälä","95",16,2,14
"Lempäälä","96",6,0,6
"Lempäälä","97",6,2,4
"Lempäälä","98",2,1,1
"Lempäälä","99",1,0,1
"Lempäälä","100 -",0,0,0
"Leppävirta","0",59,25,34
"Leppävirta","1",70,29,41
"Leppävirta","2",70,47,23
"Leppävirta","3",72,43,29
"Leppävirta","4",59,26,33
"Leppävirta","5",87,43,44
"Leppävirta","6",68,31,37
"Leppävirta","7",84,40,44
"Leppävirta","8",93,54,39
"Leppävirta","9",89,42,47
"Leppävirta","10",118,65,53
"Leppävirta","11",100,51,49
"Leppävirta","12",97,48,49
"Leppävirta","13",93,46,47
"Leppävirta","14",95,49,46
"Leppävirta","15",98,59,39
"Leppävirta","16",98,65,33
"Leppävirta","17",80,41,39
"Leppävirta","18",101,44,57
"Leppävirta","19",63,39,24
"Leppävirta","20",57,38,19
"Leppävirta","21",48,34,14
"Leppävirta","22",42,22,20
"Leppävirta","23",45,32,13
"Leppävirta","24",50,27,23
"Leppävirta","25",50,28,22
"Leppävirta","26",58,31,27
"Leppävirta","27",63,34,29
"Leppävirta","28",76,37,39
"Leppävirta","29",77,33,44
"Leppävirta","30",63,36,27
"Leppävirta","31",76,41,35
"Leppävirta","32",88,40,48
"Leppävirta","33",77,46,31
"Leppävirta","34",81,39,42
"Leppävirta","35",90,50,40
"Leppävirta","36",88,47,41
"Leppävirta","37",92,47,45
"Leppävirta","38",111,59,52
"Leppävirta","39",82,42,40
"Leppävirta","40",96,48,48
"Leppävirta","41",114,63,51
"Leppävirta","42",103,54,49
"Leppävirta","43",115,64,51
"Leppävirta","44",118,56,62
"Leppävirta","45",76,48,28
"Leppävirta","46",100,51,49
"Leppävirta","47",102,48,54
"Leppävirta","48",92,50,42
"Leppävirta","49",117,57,60
"Leppävirta","50",115,59,56
"Leppävirta","51",113,60,53
"Leppävirta","52",130,65,65
"Leppävirta","53",149,70,79
"Leppävirta","54",151,87,64
"Leppävirta","55",126,61,65
"Leppävirta","56",165,84,81
"Leppävirta","57",157,73,84
"Leppävirta","58",180,88,92
"Leppävirta","59",161,85,76
"Leppävirta","60",174,96,78
"Leppävirta","61",169,87,82
"Leppävirta","62",160,74,86
"Leppävirta","63",176,95,81
"Leppävirta","64",170,98,72
"Leppävirta","65",176,86,90
"Leppävirta","66",162,87,75
"Leppävirta","67",162,86,76
"Leppävirta","68",171,86,85
"Leppävirta","69",165,87,78
"Leppävirta","70",169,77,92
"Leppävirta","71",140,74,66
"Leppävirta","72",144,73,71
"Leppävirta","73",165,89,76
"Leppävirta","74",161,77,84
"Leppävirta","75",124,61,63
"Leppävirta","76",107,52,55
"Leppävirta","77",95,43,52
"Leppävirta","78",82,39,43
"Leppävirta","79",125,51,74
"Leppävirta","80",73,33,40
"Leppävirta","81",86,39,47
"Leppävirta","82",102,41,61
"Leppävirta","83",88,41,47
"Leppävirta","84",64,28,36
"Leppävirta","85",62,23,39
"Leppävirta","86",69,24,45
"Leppävirta","87",51,17,34
"Leppävirta","88",57,18,39
"Leppävirta","89",39,11,28
"Leppävirta","90",37,13,24
"Leppävirta","91",23,8,15
"Leppävirta","92",15,4,11
"Leppävirta","93",15,5,10
"Leppävirta","94",17,4,13
"Leppävirta","95",10,2,8
"Leppävirta","96",4,1,3
"Leppävirta","97",4,2,2
"Leppävirta","98",0,0,0
"Leppävirta","99",0,0,0
"Leppävirta","100 -",1,0,1
"Lestijärvi","0",7,4,3
"Lestijärvi","1",9,7,2
"Lestijärvi","2",5,3,2
"Lestijärvi","3",8,3,5
"Lestijärvi","4",9,5,4
"Lestijärvi","5",6,4,2
"Lestijärvi","6",7,7,0
"Lestijärvi","7",12,7,5
"Lestijärvi","8",3,1,2
"Lestijärvi","9",6,3,3
"Lestijärvi","10",7,4,3
"Lestijärvi","11",6,4,2
"Lestijärvi","12",9,6,3
"Lestijärvi","13",8,2,6
"Lestijärvi","14",7,3,4
"Lestijärvi","15",9,4,5
"Lestijärvi","16",5,1,4
"Lestijärvi","17",8,5,3
"Lestijärvi","18",9,4,5
"Lestijärvi","19",7,2,5
"Lestijärvi","20",4,3,1
"Lestijärvi","21",6,4,2
"Lestijärvi","22",4,2,2
"Lestijärvi","23",1,1,0
"Lestijärvi","24",5,2,3
"Lestijärvi","25",7,4,3
"Lestijärvi","26",6,4,2
"Lestijärvi","27",6,5,1
"Lestijärvi","28",3,3,0
"Lestijärvi","29",4,2,2
"Lestijärvi","30",4,4,0
"Lestijärvi","31",2,2,0
"Lestijärvi","32",3,2,1
"Lestijärvi","33",4,1,3
"Lestijärvi","34",8,4,4
"Lestijärvi","35",10,6,4
"Lestijärvi","36",7,2,5
"Lestijärvi","37",7,3,4
"Lestijärvi","38",6,2,4
"Lestijärvi","39",2,1,1
"Lestijärvi","40",5,3,2
"Lestijärvi","41",6,3,3
"Lestijärvi","42",6,3,3
"Lestijärvi","43",8,4,4
"Lestijärvi","44",2,0,2
"Lestijärvi","45",8,5,3
"Lestijärvi","46",5,2,3
"Lestijärvi","47",11,8,3
"Lestijärvi","48",5,3,2
"Lestijärvi","49",8,3,5
"Lestijärvi","50",5,4,1
"Lestijärvi","51",9,5,4
"Lestijärvi","52",5,3,2
"Lestijärvi","53",8,4,4
"Lestijärvi","54",4,1,3
"Lestijärvi","55",12,5,7
"Lestijärvi","56",10,5,5
"Lestijärvi","57",22,9,13
"Lestijärvi","58",18,14,4
"Lestijärvi","59",12,3,9
"Lestijärvi","60",18,8,10
"Lestijärvi","61",19,8,11
"Lestijärvi","62",10,6,4
"Lestijärvi","63",12,6,6
"Lestijärvi","64",22,11,11
"Lestijärvi","65",9,2,7
"Lestijärvi","66",10,4,6
"Lestijärvi","67",14,10,4
"Lestijärvi","68",14,9,5
"Lestijärvi","69",20,13,7
"Lestijärvi","70",9,5,4
"Lestijärvi","71",16,11,5
"Lestijärvi","72",10,6,4
"Lestijärvi","73",13,6,7
"Lestijärvi","74",20,10,10
"Lestijärvi","75",5,3,2
"Lestijärvi","76",7,3,4
"Lestijärvi","77",7,4,3
"Lestijärvi","78",5,3,2
"Lestijärvi","79",8,6,2
"Lestijärvi","80",5,2,3
"Lestijärvi","81",8,4,4
"Lestijärvi","82",4,3,1
"Lestijärvi","83",4,2,2
"Lestijärvi","84",4,3,1
"Lestijärvi","85",7,3,4
"Lestijärvi","86",5,2,3
"Lestijärvi","87",3,2,1
"Lestijärvi","88",2,1,1
"Lestijärvi","89",1,0,1
"Lestijärvi","90",3,2,1
"Lestijärvi","91",1,0,1
"Lestijärvi","92",2,1,1
"Lestijärvi","93",3,1,2
"Lestijärvi","94",2,0,2
"Lestijärvi","95",2,0,2
"Lestijärvi","96",1,0,1
"Lestijärvi","97",0,0,0
"Lestijärvi","98",1,0,1
"Lestijärvi","99",1,0,1
"Lestijärvi","100 -",0,0,0
"Lieksa","0",47,19,28
"Lieksa","1",48,27,21
"Lieksa","2",49,27,22
"Lieksa","3",59,29,30
"Lieksa","4",72,38,34
"Lieksa","5",65,29,36
"Lieksa","6",69,35,34
"Lieksa","7",73,44,29
"Lieksa","8",88,51,37
"Lieksa","9",91,41,50
"Lieksa","10",72,40,32
"Lieksa","11",74,33,41
"Lieksa","12",95,54,41
"Lieksa","13",81,38,43
"Lieksa","14",82,41,41
"Lieksa","15",79,39,40
"Lieksa","16",77,38,39
"Lieksa","17",101,49,52
"Lieksa","18",87,49,38
"Lieksa","19",82,47,35
"Lieksa","20",54,37,17
"Lieksa","21",44,27,17
"Lieksa","22",64,40,24
"Lieksa","23",50,34,16
"Lieksa","24",51,31,20
"Lieksa","25",89,56,33
"Lieksa","26",64,36,28
"Lieksa","27",80,48,32
"Lieksa","28",80,45,35
"Lieksa","29",87,48,39
"Lieksa","30",85,43,42
"Lieksa","31",72,33,39
"Lieksa","32",76,43,33
"Lieksa","33",75,40,35
"Lieksa","34",83,48,35
"Lieksa","35",81,44,37
"Lieksa","36",89,45,44
"Lieksa","37",106,62,44
"Lieksa","38",91,52,39
"Lieksa","39",92,56,36
"Lieksa","40",80,38,42
"Lieksa","41",76,39,37
"Lieksa","42",92,46,46
"Lieksa","43",80,47,33
"Lieksa","44",83,45,38
"Lieksa","45",102,54,48
"Lieksa","46",97,52,45
"Lieksa","47",106,62,44
"Lieksa","48",97,54,43
"Lieksa","49",91,39,52
"Lieksa","50",128,65,63
"Lieksa","51",127,69,58
"Lieksa","52",110,59,51
"Lieksa","53",132,71,61
"Lieksa","54",150,80,70
"Lieksa","55",164,76,88
"Lieksa","56",161,92,69
"Lieksa","57",183,88,95
"Lieksa","58",187,96,91
"Lieksa","59",212,110,102
"Lieksa","60",214,112,102
"Lieksa","61",216,115,101
"Lieksa","62",237,116,121
"Lieksa","63",242,134,108
"Lieksa","64",267,146,121
"Lieksa","65",231,129,102
"Lieksa","66",263,139,124
"Lieksa","67",230,122,108
"Lieksa","68",254,137,117
"Lieksa","69",222,117,105
"Lieksa","70",230,114,116
"Lieksa","71",226,116,110
"Lieksa","72",223,120,103
"Lieksa","73",231,123,108
"Lieksa","74",209,101,108
"Lieksa","75",196,90,106
"Lieksa","76",152,75,77
"Lieksa","77",144,69,75
"Lieksa","78",85,33,52
"Lieksa","79",153,68,85
"Lieksa","80",108,51,57
"Lieksa","81",129,58,71
"Lieksa","82",116,61,55
"Lieksa","83",101,45,56
"Lieksa","84",92,40,52
"Lieksa","85",70,32,38
"Lieksa","86",69,20,49
"Lieksa","87",59,23,36
"Lieksa","88",58,22,36
"Lieksa","89",71,22,49
"Lieksa","90",53,13,40
"Lieksa","91",33,5,28
"Lieksa","92",19,7,12
"Lieksa","93",19,6,13
"Lieksa","94",16,6,10
"Lieksa","95",5,1,4
"Lieksa","96",5,2,3
"Lieksa","97",4,0,4
"Lieksa","98",3,0,3
"Lieksa","99",1,0,1
"Lieksa","100 -",1,0,1
"Lieto","0",188,111,77
"Lieto","1",179,87,92
"Lieto","2",192,93,99
"Lieto","3",229,109,120
"Lieto","4",248,121,127
"Lieto","5",254,125,129
"Lieto","6",299,154,145
"Lieto","7",278,150,128
"Lieto","8",280,152,128
"Lieto","9",345,172,173
"Lieto","10",282,139,143
"Lieto","11",315,163,152
"Lieto","12",287,138,149
"Lieto","13",266,128,138
"Lieto","14",278,133,145
"Lieto","15",281,138,143
"Lieto","16",275,142,133
"Lieto","17",264,130,134
"Lieto","18",256,141,115
"Lieto","19",207,104,103
"Lieto","20",157,90,67
"Lieto","21",128,81,47
"Lieto","22",118,73,45
"Lieto","23",109,55,54
"Lieto","24",106,57,49
"Lieto","25",143,70,73
"Lieto","26",153,82,71
"Lieto","27",155,73,82
"Lieto","28",192,95,97
"Lieto","29",197,92,105
"Lieto","30",228,105,123
"Lieto","31",219,116,103
"Lieto","32",220,102,118
"Lieto","33",222,111,111
"Lieto","34",256,131,125
"Lieto","35",261,130,131
"Lieto","36",271,121,150
"Lieto","37",316,150,166
"Lieto","38",339,177,162
"Lieto","39",295,140,155
"Lieto","40",308,155,153
"Lieto","41",290,138,152
"Lieto","42",314,140,174
"Lieto","43",292,139,153
"Lieto","44",290,144,146
"Lieto","45",306,162,144
"Lieto","46",278,139,139
"Lieto","47",254,141,113
"Lieto","48",266,134,132
"Lieto","49",272,139,133
"Lieto","50",281,147,134
"Lieto","51",289,143,146
"Lieto","52",307,139,168
"Lieto","53",306,139,167
"Lieto","54",329,158,171
"Lieto","55",279,156,123
"Lieto","56",304,141,163
"Lieto","57",273,145,128
"Lieto","58",267,147,120
"Lieto","59",257,134,123
"Lieto","60",251,131,120
"Lieto","61",247,141,106
"Lieto","62",197,99,98
"Lieto","63",209,104,105
"Lieto","64",219,102,117
"Lieto","65",231,120,111
"Lieto","66",227,108,119
"Lieto","67",226,92,134
"Lieto","68",220,119,101
"Lieto","69",175,98,77
"Lieto","70",259,124,135
"Lieto","71",220,95,125
"Lieto","72",241,132,109
"Lieto","73",233,113,120
"Lieto","74",255,114,141
"Lieto","75",211,90,121
"Lieto","76",142,62,80
"Lieto","77",126,70,56
"Lieto","78",103,51,52
"Lieto","79",160,83,77
"Lieto","80",86,36,50
"Lieto","81",122,62,60
"Lieto","82",106,51,55
"Lieto","83",99,48,51
"Lieto","84",79,25,54
"Lieto","85",78,33,45
"Lieto","86",71,25,46
"Lieto","87",47,15,32
"Lieto","88",62,21,41
"Lieto","89",43,18,25
"Lieto","90",38,12,26
"Lieto","91",28,14,14
"Lieto","92",25,7,18
"Lieto","93",21,7,14
"Lieto","94",11,6,5
"Lieto","95",14,4,10
"Lieto","96",4,0,4
"Lieto","97",4,2,2
"Lieto","98",1,0,1
"Lieto","99",3,1,2
"Lieto","100 -",2,2,0
"Liminka","0",161,86,75
"Liminka","1",140,68,72
"Liminka","2",148,70,78
"Liminka","3",188,97,91
"Liminka","4",191,105,86
"Liminka","5",227,105,122
"Liminka","6",216,109,107
"Liminka","7",245,110,135
"Liminka","8",278,158,120
"Liminka","9",225,105,120
"Liminka","10",248,118,130
"Liminka","11",264,126,138
"Liminka","12",224,128,96
"Liminka","13",261,138,123
"Liminka","14",238,114,124
"Liminka","15",234,109,125
"Liminka","16",216,121,95
"Liminka","17",191,110,81
"Liminka","18",193,124,69
"Liminka","19",123,81,42
"Liminka","20",79,64,15
"Liminka","21",70,41,29
"Liminka","22",52,29,23
"Liminka","23",52,30,22
"Liminka","24",47,24,23
"Liminka","25",70,32,38
"Liminka","26",89,40,49
"Liminka","27",102,53,49
"Liminka","28",101,50,51
"Liminka","29",92,54,38
"Liminka","30",110,54,56
"Liminka","31",110,45,65
"Liminka","32",106,49,57
"Liminka","33",110,53,57
"Liminka","34",116,47,69
"Liminka","35",148,68,80
"Liminka","36",161,75,86
"Liminka","37",148,84,64
"Liminka","38",164,86,78
"Liminka","39",168,91,77
"Liminka","40",160,74,86
"Liminka","41",154,80,74
"Liminka","42",142,71,71
"Liminka","43",167,75,92
"Liminka","44",171,99,72
"Liminka","45",160,80,80
"Liminka","46",173,77,96
"Liminka","47",144,80,64
"Liminka","48",148,79,69
"Liminka","49",121,64,57
"Liminka","50",100,49,51
"Liminka","51",117,68,49
"Liminka","52",110,59,51
"Liminka","53",110,57,53
"Liminka","54",86,44,42
"Liminka","55",99,50,49
"Liminka","56",95,49,46
"Liminka","57",88,47,41
"Liminka","58",79,42,37
"Liminka","59",79,42,37
"Liminka","60",80,44,36
"Liminka","61",62,35,27
"Liminka","62",59,36,23
"Liminka","63",82,46,36
"Liminka","64",70,36,34
"Liminka","65",81,47,34
"Liminka","66",53,28,25
"Liminka","67",61,26,35
"Liminka","68",74,41,33
"Liminka","69",64,37,27
"Liminka","70",71,33,38
"Liminka","71",65,30,35
"Liminka","72",54,30,24
"Liminka","73",48,22,26
"Liminka","74",52,25,27
"Liminka","75",52,31,21
"Liminka","76",34,16,18
"Liminka","77",36,19,17
"Liminka","78",33,14,19
"Liminka","79",51,23,28
"Liminka","80",24,9,15
"Liminka","81",33,12,21
"Liminka","82",18,8,10
"Liminka","83",21,8,13
"Liminka","84",22,10,12
"Liminka","85",20,8,12
"Liminka","86",19,5,14
"Liminka","87",18,7,11
"Liminka","88",10,5,5
"Liminka","89",11,4,7
"Liminka","90",15,8,7
"Liminka","91",7,1,6
"Liminka","92",7,3,4
"Liminka","93",5,1,4
"Liminka","94",6,2,4
"Liminka","95",5,1,4
"Liminka","96",2,0,2
"Liminka","97",2,0,2
"Liminka","98",0,0,0
"Liminka","99",0,0,0
"Liminka","100 -",2,0,2
"Liperi","0",103,40,63
"Liperi","1",107,58,49
"Liperi","2",121,71,50
"Liperi","3",110,46,64
"Liperi","4",143,76,67
"Liperi","5",143,59,84
"Liperi","6",158,81,77
"Liperi","7",164,81,83
"Liperi","8",170,76,94
"Liperi","9",160,89,71
"Liperi","10",171,82,89
"Liperi","11",163,72,91
"Liperi","12",160,84,76
"Liperi","13",155,90,65
"Liperi","14",156,78,78
"Liperi","15",141,71,70
"Liperi","16",151,77,74
"Liperi","17",124,69,55
"Liperi","18",105,61,44
"Liperi","19",95,57,38
"Liperi","20",71,39,32
"Liperi","21",73,53,20
"Liperi","22",73,49,24
"Liperi","23",64,31,33
"Liperi","24",72,40,32
"Liperi","25",80,37,43
"Liperi","26",92,49,43
"Liperi","27",82,46,36
"Liperi","28",138,73,65
"Liperi","29",138,72,66
"Liperi","30",144,74,70
"Liperi","31",131,75,56
"Liperi","32",137,64,73
"Liperi","33",147,76,71
"Liperi","34",147,74,73
"Liperi","35",150,82,68
"Liperi","36",153,73,80
"Liperi","37",158,82,76
"Liperi","38",139,75,64
"Liperi","39",162,79,83
"Liperi","40",167,91,76
"Liperi","41",146,75,71
"Liperi","42",163,89,74
"Liperi","43",182,103,79
"Liperi","44",150,80,70
"Liperi","45",148,74,74
"Liperi","46",131,63,68
"Liperi","47",111,48,63
"Liperi","48",145,69,76
"Liperi","49",130,53,77
"Liperi","50",133,79,54
"Liperi","51",161,92,69
"Liperi","52",172,82,90
"Liperi","53",146,76,70
"Liperi","54",203,108,95
"Liperi","55",163,84,79
"Liperi","56",171,87,84
"Liperi","57",185,83,102
"Liperi","58",181,102,79
"Liperi","59",185,85,100
"Liperi","60",227,110,117
"Liperi","61",188,102,86
"Liperi","62",175,98,77
"Liperi","63",180,95,85
"Liperi","64",198,96,102
"Liperi","65",171,96,75
"Liperi","66",161,85,76
"Liperi","67",180,89,91
"Liperi","68",171,84,87
"Liperi","69",148,76,72
"Liperi","70",179,89,90
"Liperi","71",161,83,78
"Liperi","72",152,76,76
"Liperi","73",125,59,66
"Liperi","74",154,81,73
"Liperi","75",150,81,69
"Liperi","76",88,38,50
"Liperi","77",89,50,39
"Liperi","78",71,29,42
"Liperi","79",85,38,47
"Liperi","80",71,26,45
"Liperi","81",81,37,44
"Liperi","82",61,36,25
"Liperi","83",73,26,47
"Liperi","84",42,24,18
"Liperi","85",45,22,23
"Liperi","86",49,13,36
"Liperi","87",38,13,25
"Liperi","88",25,10,15
"Liperi","89",28,10,18
"Liperi","90",19,8,11
"Liperi","91",22,8,14
"Liperi","92",19,7,12
"Liperi","93",12,3,9
"Liperi","94",14,4,10
"Liperi","95",3,0,3
"Liperi","96",8,3,5
"Liperi","97",2,0,2
"Liperi","98",2,0,2
"Liperi","99",1,0,1
"Liperi","100 -",2,0,2
"Lohja","0",322,161,161
"Lohja","1",304,156,148
"Lohja","2",377,201,176
"Lohja","3",382,198,184
"Lohja","4",411,198,213
"Lohja","5",466,254,212
"Lohja","6",487,254,233
"Lohja","7",469,236,233
"Lohja","8",533,258,275
"Lohja","9",587,311,276
"Lohja","10",573,292,281
"Lohja","11",563,268,295
"Lohja","12",567,278,289
"Lohja","13",602,293,309
"Lohja","14",620,307,313
"Lohja","15",594,295,299
"Lohja","16",553,275,278
"Lohja","17",583,319,264
"Lohja","18",539,272,267
"Lohja","19",477,276,201
"Lohja","20",411,257,154
"Lohja","21",369,233,136
"Lohja","22",317,187,130
"Lohja","23",362,189,173
"Lohja","24",331,183,148
"Lohja","25",383,230,153
"Lohja","26",356,196,160
"Lohja","27",389,209,180
"Lohja","28",440,216,224
"Lohja","29",441,229,212
"Lohja","30",412,200,212
"Lohja","31",453,211,242
"Lohja","32",422,232,190
"Lohja","33",424,215,209
"Lohja","34",461,240,221
"Lohja","35",436,205,231
"Lohja","36",508,230,278
"Lohja","37",521,254,267
"Lohja","38",527,290,237
"Lohja","39",558,273,285
"Lohja","40",549,282,267
"Lohja","41",547,258,289
"Lohja","42",606,306,300
"Lohja","43",634,327,307
"Lohja","44",623,341,282
"Lohja","45",613,282,331
"Lohja","46",594,300,294
"Lohja","47",575,289,286
"Lohja","48",543,242,301
"Lohja","49",621,321,300
"Lohja","50",637,314,323
"Lohja","51",656,346,310
"Lohja","52",687,351,336
"Lohja","53",667,320,347
"Lohja","54",743,385,358
"Lohja","55",702,339,363
"Lohja","56",681,339,342
"Lohja","57",754,388,366
"Lohja","58",690,336,354
"Lohja","59",660,320,340
"Lohja","60",655,343,312
"Lohja","61",670,330,340
"Lohja","62",626,293,333
"Lohja","63",637,311,326
"Lohja","64",647,309,338
"Lohja","65",661,329,332
"Lohja","66",636,317,319
"Lohja","67",624,307,317
"Lohja","68",664,334,330
"Lohja","69",627,301,326
"Lohja","70",661,332,329
"Lohja","71",662,309,353
"Lohja","72",654,290,364
"Lohja","73",639,301,338
"Lohja","74",681,302,379
"Lohja","75",568,254,314
"Lohja","76",426,195,231
"Lohja","77",352,155,197
"Lohja","78",326,160,166
"Lohja","79",459,182,277
"Lohja","80",295,127,168
"Lohja","81",318,143,175
"Lohja","82",328,158,170
"Lohja","83",252,105,147
"Lohja","84",252,98,154
"Lohja","85",207,85,122
"Lohja","86",196,61,135
"Lohja","87",146,52,94
"Lohja","88",131,48,83
"Lohja","89",136,50,86
"Lohja","90",114,36,78
"Lohja","91",87,32,55
"Lohja","92",74,20,54
"Lohja","93",52,16,36
"Lohja","94",32,9,23
"Lohja","95",29,6,23
"Lohja","96",19,6,13
"Lohja","97",14,0,14
"Lohja","98",5,1,4
"Lohja","99",9,1,8
"Lohja","100 -",3,0,3
"Loimaa","0",114,69,45
"Loimaa","1",105,57,48
"Loimaa","2",103,52,51
"Loimaa","3",142,74,68
"Loimaa","4",114,55,59
"Loimaa","5",135,70,65
"Loimaa","6",135,62,73
"Loimaa","7",142,61,81
"Loimaa","8",162,89,73
"Loimaa","9",166,76,90
"Loimaa","10",158,84,74
"Loimaa","11",158,80,78
"Loimaa","12",169,83,86
"Loimaa","13",162,82,80
"Loimaa","14",184,88,96
"Loimaa","15",160,71,89
"Loimaa","16",162,75,87
"Loimaa","17",170,93,77
"Loimaa","18",160,89,71
"Loimaa","19",166,101,65
"Loimaa","20",138,74,64
"Loimaa","21",119,74,45
"Loimaa","22",100,49,51
"Loimaa","23",109,74,35
"Loimaa","24",130,70,60
"Loimaa","25",122,71,51
"Loimaa","26",120,65,55
"Loimaa","27",128,71,57
"Loimaa","28",142,72,70
"Loimaa","29",163,98,65
"Loimaa","30",143,88,55
"Loimaa","31",143,63,80
"Loimaa","32",169,78,91
"Loimaa","33",150,81,69
"Loimaa","34",178,96,82
"Loimaa","35",138,80,58
"Loimaa","36",159,78,81
"Loimaa","37",197,108,89
"Loimaa","38",189,102,87
"Loimaa","39",168,83,85
"Loimaa","40",176,94,82
"Loimaa","41",175,89,86
"Loimaa","42",178,88,90
"Loimaa","43",178,101,77
"Loimaa","44",178,85,93
"Loimaa","45",163,75,88
"Loimaa","46",160,90,70
"Loimaa","47",145,80,65
"Loimaa","48",176,89,87
"Loimaa","49",167,90,77
"Loimaa","50",160,81,79
"Loimaa","51",186,98,88
"Loimaa","52",210,97,113
"Loimaa","53",195,100,95
"Loimaa","54",228,111,117
"Loimaa","55",171,84,87
"Loimaa","56",239,129,110
"Loimaa","57",251,136,115
"Loimaa","58",211,109,102
"Loimaa","59",246,112,134
"Loimaa","60",244,130,114
"Loimaa","61",230,129,101
"Loimaa","62",271,132,139
"Loimaa","63",235,110,125
"Loimaa","64",291,164,127
"Loimaa","65",262,132,130
"Loimaa","66",242,128,114
"Loimaa","67",233,127,106
"Loimaa","68",259,130,129
"Loimaa","69",288,140,148
"Loimaa","70",240,118,122
"Loimaa","71",279,142,137
"Loimaa","72",278,130,148
"Loimaa","73",279,139,140
"Loimaa","74",248,129,119
"Loimaa","75",220,108,112
"Loimaa","76",187,81,106
"Loimaa","77",153,70,83
"Loimaa","78",113,45,68
"Loimaa","79",201,82,119
"Loimaa","80",133,59,74
"Loimaa","81",137,56,81
"Loimaa","82",138,59,79
"Loimaa","83",103,38,65
"Loimaa","84",100,41,59
"Loimaa","85",83,31,52
"Loimaa","86",102,29,73
"Loimaa","87",83,29,54
"Loimaa","88",87,23,64
"Loimaa","89",61,22,39
"Loimaa","90",72,22,50
"Loimaa","91",60,19,41
"Loimaa","92",48,16,32
"Loimaa","93",37,10,27
"Loimaa","94",33,10,23
"Loimaa","95",23,2,21
"Loimaa","96",17,3,14
"Loimaa","97",15,2,13
"Loimaa","98",6,0,6
"Loimaa","99",5,0,5
"Loimaa","100 -",9,1,8
"Loppi","0",46,22,24
"Loppi","1",55,29,26
"Loppi","2",46,30,16
"Loppi","3",83,39,44
"Loppi","4",64,40,24
"Loppi","5",61,34,27
"Loppi","6",89,42,47
"Loppi","7",88,50,38
"Loppi","8",90,52,38
"Loppi","9",98,53,45
"Loppi","10",91,43,48
"Loppi","11",124,65,59
"Loppi","12",100,54,46
"Loppi","13",122,71,51
"Loppi","14",103,57,46
"Loppi","15",108,61,47
"Loppi","16",126,56,70
"Loppi","17",99,55,44
"Loppi","18",95,43,52
"Loppi","19",59,37,22
"Loppi","20",65,46,19
"Loppi","21",40,26,14
"Loppi","22",37,26,11
"Loppi","23",47,25,22
"Loppi","24",43,22,21
"Loppi","25",43,24,19
"Loppi","26",50,24,26
"Loppi","27",45,22,23
"Loppi","28",52,29,23
"Loppi","29",49,28,21
"Loppi","30",65,35,30
"Loppi","31",62,33,29
"Loppi","32",59,31,28
"Loppi","33",59,32,27
"Loppi","34",75,39,36
"Loppi","35",83,37,46
"Loppi","36",86,41,45
"Loppi","37",98,58,40
"Loppi","38",96,47,49
"Loppi","39",93,42,51
"Loppi","40",84,41,43
"Loppi","41",99,47,52
"Loppi","42",107,51,56
"Loppi","43",100,50,50
"Loppi","44",118,56,62
"Loppi","45",108,55,53
"Loppi","46",98,59,39
"Loppi","47",107,50,57
"Loppi","48",88,44,44
"Loppi","49",83,42,41
"Loppi","50",108,61,47
"Loppi","51",114,52,62
"Loppi","52",135,71,64
"Loppi","53",119,51,68
"Loppi","54",121,63,58
"Loppi","55",133,69,64
"Loppi","56",134,77,57
"Loppi","57",126,68,58
"Loppi","58",146,84,62
"Loppi","59",112,65,47
"Loppi","60",110,62,48
"Loppi","61",127,74,53
"Loppi","62",125,67,58
"Loppi","63",116,55,61
"Loppi","64",110,55,55
"Loppi","65",118,59,59
"Loppi","66",106,58,48
"Loppi","67",125,56,69
"Loppi","68",122,67,55
"Loppi","69",116,66,50
"Loppi","70",116,56,60
"Loppi","71",121,56,65
"Loppi","72",118,55,63
"Loppi","73",119,68,51
"Loppi","74",101,55,46
"Loppi","75",95,52,43
"Loppi","76",80,41,39
"Loppi","77",68,30,38
"Loppi","78",50,24,26
"Loppi","79",88,47,41
"Loppi","80",52,21,31
"Loppi","81",53,21,32
"Loppi","82",56,29,27
"Loppi","83",53,26,27
"Loppi","84",53,20,33
"Loppi","85",47,19,28
"Loppi","86",34,9,25
"Loppi","87",15,5,10
"Loppi","88",21,7,14
"Loppi","89",21,7,14
"Loppi","90",25,10,15
"Loppi","91",20,5,15
"Loppi","92",9,2,7
"Loppi","93",5,2,3
"Loppi","94",8,2,6
"Loppi","95",3,2,1
"Loppi","96",4,0,4
"Loppi","97",5,1,4
"Loppi","98",1,1,0
"Loppi","99",2,0,2
"Loppi","100 -",1,0,1
"Loviisa","0",106,53,53
"Loviisa","1",85,41,44
"Loviisa","2",88,42,46
"Loviisa","3",115,64,51
"Loviisa","4",120,72,48
"Loviisa","5",115,60,55
"Loviisa","6",133,64,69
"Loviisa","7",134,71,63
"Loviisa","8",169,91,78
"Loviisa","9",151,64,87
"Loviisa","10",151,74,77
"Loviisa","11",155,85,70
"Loviisa","12",138,68,70
"Loviisa","13",158,78,80
"Loviisa","14",174,81,93
"Loviisa","15",150,83,67
"Loviisa","16",152,77,75
"Loviisa","17",135,67,68
"Loviisa","18",136,81,55
"Loviisa","19",143,73,70
"Loviisa","20",97,62,35
"Loviisa","21",95,53,42
"Loviisa","22",103,59,44
"Loviisa","23",80,51,29
"Loviisa","24",116,68,48
"Loviisa","25",121,75,46
"Loviisa","26",115,61,54
"Loviisa","27",120,62,58
"Loviisa","28",118,64,54
"Loviisa","29",140,68,72
"Loviisa","30",131,75,56
"Loviisa","31",160,92,68
"Loviisa","32",162,83,79
"Loviisa","33",142,62,80
"Loviisa","34",142,67,75
"Loviisa","35",143,73,70
"Loviisa","36",164,81,83
"Loviisa","37",154,75,79
"Loviisa","38",155,80,75
"Loviisa","39",176,99,77
"Loviisa","40",158,89,69
"Loviisa","41",178,88,90
"Loviisa","42",167,96,71
"Loviisa","43",160,85,75
"Loviisa","44",166,73,93
"Loviisa","45",180,95,85
"Loviisa","46",196,96,100
"Loviisa","47",184,96,88
"Loviisa","48",176,99,77
"Loviisa","49",166,89,77
"Loviisa","50",174,98,76
"Loviisa","51",208,100,108
"Loviisa","52",165,81,84
"Loviisa","53",203,99,104
"Loviisa","54",233,113,120
"Loviisa","55",228,130,98
"Loviisa","56",250,137,113
"Loviisa","57",254,133,121
"Loviisa","58",229,126,103
"Loviisa","59",233,118,115
"Loviisa","60",200,93,107
"Loviisa","61",245,127,118
"Loviisa","62",223,117,106
"Loviisa","63",225,119,106
"Loviisa","64",253,134,119
"Loviisa","65",235,103,132
"Loviisa","66",255,126,129
"Loviisa","67",265,131,134
"Loviisa","68",252,134,118
"Loviisa","69",231,121,110
"Loviisa","70",271,123,148
"Loviisa","71",218,102,116
"Loviisa","72",263,133,130
"Loviisa","73",244,118,126
"Loviisa","74",251,137,114
"Loviisa","75",220,118,102
"Loviisa","76",167,80,87
"Loviisa","77",146,69,77
"Loviisa","78",115,56,59
"Loviisa","79",153,61,92
"Loviisa","80",116,46,70
"Loviisa","81",126,59,67
"Loviisa","82",101,36,65
"Loviisa","83",89,36,53
"Loviisa","84",85,43,42
"Loviisa","85",92,39,53
"Loviisa","86",75,26,49
"Loviisa","87",53,21,32
"Loviisa","88",67,24,43
"Loviisa","89",47,7,40
"Loviisa","90",46,13,33
"Loviisa","91",49,13,36
"Loviisa","92",26,7,19
"Loviisa","93",31,6,25
"Loviisa","94",22,6,16
"Loviisa","95",16,4,12
"Loviisa","96",12,1,11
"Loviisa","97",6,2,4
"Loviisa","98",1,0,1
"Loviisa","99",3,1,2
"Loviisa","100 -",0,0,0
"Luhanka","0",2,1,1
"Luhanka","1",1,0,1
"Luhanka","2",2,1,1
"Luhanka","3",2,0,2
"Luhanka","4",4,3,1
"Luhanka","5",1,0,1
"Luhanka","6",10,6,4
"Luhanka","7",4,2,2
"Luhanka","8",5,3,2
"Luhanka","9",5,3,2
"Luhanka","10",6,4,2
"Luhanka","11",6,6,0
"Luhanka","12",4,0,4
"Luhanka","13",3,0,3
"Luhanka","14",4,2,2
"Luhanka","15",3,2,1
"Luhanka","16",6,2,4
"Luhanka","17",4,1,3
"Luhanka","18",5,2,3
"Luhanka","19",5,3,2
"Luhanka","20",6,5,1
"Luhanka","21",2,0,2
"Luhanka","22",2,1,1
"Luhanka","23",5,4,1
"Luhanka","24",4,4,0
"Luhanka","25",5,2,3
"Luhanka","26",4,2,2
"Luhanka","27",1,0,1
"Luhanka","28",4,2,2
"Luhanka","29",4,3,1
"Luhanka","30",6,2,4
"Luhanka","31",3,3,0
"Luhanka","32",2,2,0
"Luhanka","33",6,2,4
"Luhanka","34",2,2,0
"Luhanka","35",2,1,1
"Luhanka","36",7,4,3
"Luhanka","37",9,4,5
"Luhanka","38",3,2,1
"Luhanka","39",1,0,1
"Luhanka","40",6,2,4
"Luhanka","41",4,2,2
"Luhanka","42",7,5,2
"Luhanka","43",2,1,1
"Luhanka","44",6,3,3
"Luhanka","45",7,6,1
"Luhanka","46",6,3,3
"Luhanka","47",5,3,2
"Luhanka","48",8,4,4
"Luhanka","49",8,1,7
"Luhanka","50",9,8,1
"Luhanka","51",13,7,6
"Luhanka","52",9,5,4
"Luhanka","53",10,4,6
"Luhanka","54",14,7,7
"Luhanka","55",13,9,4
"Luhanka","56",11,4,7
"Luhanka","57",17,8,9
"Luhanka","58",14,7,7
"Luhanka","59",17,12,5
"Luhanka","60",9,8,1
"Luhanka","61",16,8,8
"Luhanka","62",19,11,8
"Luhanka","63",8,6,2
"Luhanka","64",10,7,3
"Luhanka","65",10,8,2
"Luhanka","66",18,10,8
"Luhanka","67",10,5,5
"Luhanka","68",22,14,8
"Luhanka","69",16,12,4
"Luhanka","70",16,10,6
"Luhanka","71",14,6,8
"Luhanka","72",20,13,7
"Luhanka","73",19,12,7
"Luhanka","74",12,5,7
"Luhanka","75",12,6,6
"Luhanka","76",9,1,8
"Luhanka","77",8,3,5
"Luhanka","78",7,2,5
"Luhanka","79",12,3,9
"Luhanka","80",10,8,2
"Luhanka","81",10,2,8
"Luhanka","82",12,5,7
"Luhanka","83",6,1,5
"Luhanka","84",1,0,1
"Luhanka","85",7,3,4
"Luhanka","86",12,5,7
"Luhanka","87",5,5,0
"Luhanka","88",4,2,2
"Luhanka","89",7,2,5
"Luhanka","90",4,1,3
"Luhanka","91",0,0,0
"Luhanka","92",3,2,1
"Luhanka","93",1,1,0
"Luhanka","94",1,0,1
"Luhanka","95",2,1,1
"Luhanka","96",0,0,0
"Luhanka","97",0,0,0
"Luhanka","98",0,0,0
"Luhanka","99",1,0,1
"Luhanka","100 -",0,0,0
"Lumijoki","0",31,17,14
"Lumijoki","1",28,16,12
"Lumijoki","2",26,13,13
"Lumijoki","3",23,11,12
"Lumijoki","4",38,18,20
"Lumijoki","5",37,22,15
"Lumijoki","6",26,18,8
"Lumijoki","7",42,25,17
"Lumijoki","8",37,18,19
"Lumijoki","9",42,22,20
"Lumijoki","10",45,23,22
"Lumijoki","11",46,20,26
"Lumijoki","12",38,18,20
"Lumijoki","13",43,21,22
"Lumijoki","14",48,22,26
"Lumijoki","15",39,17,22
"Lumijoki","16",50,27,23
"Lumijoki","17",38,20,18
"Lumijoki","18",34,25,9
"Lumijoki","19",21,10,11
"Lumijoki","20",18,8,10
"Lumijoki","21",14,8,6
"Lumijoki","22",18,11,7
"Lumijoki","23",5,3,2
"Lumijoki","24",11,6,5
"Lumijoki","25",13,7,6
"Lumijoki","26",15,9,6
"Lumijoki","27",22,12,10
"Lumijoki","28",21,10,11
"Lumijoki","29",26,14,12
"Lumijoki","30",20,8,12
"Lumijoki","31",13,7,6
"Lumijoki","32",20,14,6
"Lumijoki","33",12,4,8
"Lumijoki","34",22,11,11
"Lumijoki","35",22,13,9
"Lumijoki","36",20,6,14
"Lumijoki","37",36,19,17
"Lumijoki","38",27,12,15
"Lumijoki","39",24,15,9
"Lumijoki","40",25,11,14
"Lumijoki","41",22,12,10
"Lumijoki","42",24,10,14
"Lumijoki","43",25,13,12
"Lumijoki","44",25,12,13
"Lumijoki","45",25,14,11
"Lumijoki","46",23,10,13
"Lumijoki","47",27,16,11
"Lumijoki","48",19,15,4
"Lumijoki","49",11,2,9
"Lumijoki","50",24,15,9
"Lumijoki","51",16,8,8
"Lumijoki","52",19,13,6
"Lumijoki","53",16,7,9
"Lumijoki","54",21,12,9
"Lumijoki","55",18,8,10
"Lumijoki","56",27,14,13
"Lumijoki","57",22,13,9
"Lumijoki","58",21,7,14
"Lumijoki","59",23,14,9
"Lumijoki","60",18,12,6
"Lumijoki","61",24,10,14
"Lumijoki","62",23,12,11
"Lumijoki","63",27,15,12
"Lumijoki","64",21,15,6
"Lumijoki","65",23,10,13
"Lumijoki","66",26,12,14
"Lumijoki","67",26,15,11
"Lumijoki","68",24,14,10
"Lumijoki","69",26,16,10
"Lumijoki","70",28,16,12
"Lumijoki","71",23,13,10
"Lumijoki","72",17,9,8
"Lumijoki","73",23,14,9
"Lumijoki","74",13,7,6
"Lumijoki","75",15,5,10
"Lumijoki","76",9,4,5
"Lumijoki","77",7,2,5
"Lumijoki","78",11,5,6
"Lumijoki","79",14,6,8
"Lumijoki","80",10,3,7
"Lumijoki","81",8,4,4
"Lumijoki","82",12,6,6
"Lumijoki","83",6,3,3
"Lumijoki","84",6,4,2
"Lumijoki","85",11,4,7
"Lumijoki","86",10,4,6
"Lumijoki","87",4,1,3
"Lumijoki","88",7,2,5
"Lumijoki","89",2,0,2
"Lumijoki","90",2,0,2
"Lumijoki","91",6,2,4
"Lumijoki","92",2,0,2
"Lumijoki","93",4,0,4
"Lumijoki","94",1,0,1
"Lumijoki","95",3,1,2
"Lumijoki","96",0,0,0
"Lumijoki","97",0,0,0
"Lumijoki","98",0,0,0
"Lumijoki","99",0,0,0
"Lumijoki","100 -",0,0,0
"Lumparland","0",5,3,2
"Lumparland","1",2,0,2
"Lumparland","2",4,3,1
"Lumparland","3",2,2,0
"Lumparland","4",1,1,0
"Lumparland","5",1,0,1
"Lumparland","6",1,0,1
"Lumparland","7",6,4,2
"Lumparland","8",1,1,0
"Lumparland","9",2,1,1
"Lumparland","10",10,6,4
"Lumparland","11",4,4,0
"Lumparland","12",5,3,2
"Lumparland","13",9,5,4
"Lumparland","14",2,1,1
"Lumparland","15",5,2,3
"Lumparland","16",3,0,3
"Lumparland","17",5,2,3
"Lumparland","18",2,0,2
"Lumparland","19",2,1,1
"Lumparland","20",3,3,0
"Lumparland","21",4,3,1
"Lumparland","22",3,2,1
"Lumparland","23",2,0,2
"Lumparland","24",2,1,1
"Lumparland","25",4,1,3
"Lumparland","26",3,0,3
"Lumparland","27",1,0,1
"Lumparland","28",2,1,1
"Lumparland","29",1,1,0
"Lumparland","30",2,1,1
"Lumparland","31",2,2,0
"Lumparland","32",4,3,1
"Lumparland","33",1,0,1
"Lumparland","34",3,1,2
"Lumparland","35",3,1,2
"Lumparland","36",2,1,1
"Lumparland","37",3,3,0
"Lumparland","38",7,4,3
"Lumparland","39",3,2,1
"Lumparland","40",5,3,2
"Lumparland","41",3,2,1
"Lumparland","42",3,2,1
"Lumparland","43",3,2,1
"Lumparland","44",9,3,6
"Lumparland","45",1,0,1
"Lumparland","46",6,4,2
"Lumparland","47",4,1,3
"Lumparland","48",3,1,2
"Lumparland","49",5,2,3
"Lumparland","50",5,3,2
"Lumparland","51",6,4,2
"Lumparland","52",2,2,0
"Lumparland","53",10,6,4
"Lumparland","54",9,4,5
"Lumparland","55",8,3,5
"Lumparland","56",7,5,2
"Lumparland","57",8,2,6
"Lumparland","58",7,4,3
"Lumparland","59",4,3,1
"Lumparland","60",7,2,5
"Lumparland","61",8,5,3
"Lumparland","62",7,4,3
"Lumparland","63",4,3,1
"Lumparland","64",9,5,4
"Lumparland","65",5,1,4
"Lumparland","66",4,1,3
"Lumparland","67",7,3,4
"Lumparland","68",4,1,3
"Lumparland","69",3,1,2
"Lumparland","70",5,4,1
"Lumparland","71",3,2,1
"Lumparland","72",7,5,2
"Lumparland","73",9,6,3
"Lumparland","74",4,2,2
"Lumparland","75",3,2,1
"Lumparland","76",2,1,1
"Lumparland","77",5,4,1
"Lumparland","78",6,2,4
"Lumparland","79",2,1,1
"Lumparland","80",6,2,4
"Lumparland","81",4,2,2
"Lumparland","82",6,4,2
"Lumparland","83",3,1,2
"Lumparland","84",2,0,2
"Lumparland","85",3,2,1
"Lumparland","86",2,2,0
"Lumparland","87",2,2,0
"Lumparland","88",2,1,1
"Lumparland","89",1,0,1
"Lumparland","90",1,0,1
"Lumparland","91",0,0,0
"Lumparland","92",0,0,0
"Lumparland","93",0,0,0
"Lumparland","94",0,0,0
"Lumparland","95",1,0,1
"Lumparland","96",0,0,0
"Lumparland","97",0,0,0
"Lumparland","98",0,0,0
"Lumparland","99",0,0,0
"Lumparland","100 -",0,0,0
"Luoto","0",116,58,58
"Luoto","1",105,55,50
"Luoto","2",116,63,53
"Luoto","3",108,59,49
"Luoto","4",107,50,57
"Luoto","5",105,68,37
"Luoto","6",109,49,60
"Luoto","7",122,63,59
"Luoto","8",105,56,49
"Luoto","9",121,55,66
"Luoto","10",94,49,45
"Luoto","11",101,50,51
"Luoto","12",115,65,50
"Luoto","13",105,53,52
"Luoto","14",96,44,52
"Luoto","15",95,51,44
"Luoto","16",100,59,41
"Luoto","17",92,50,42
"Luoto","18",82,41,41
"Luoto","19",82,46,36
"Luoto","20",61,41,20
"Luoto","21",49,30,19
"Luoto","22",62,34,28
"Luoto","23",70,34,36
"Luoto","24",67,35,32
"Luoto","25",61,31,30
"Luoto","26",77,38,39
"Luoto","27",79,43,36
"Luoto","28",80,37,43
"Luoto","29",82,46,36
"Luoto","30",76,34,42
"Luoto","31",58,31,27
"Luoto","32",68,33,35
"Luoto","33",64,29,35
"Luoto","34",62,37,25
"Luoto","35",61,27,34
"Luoto","36",59,32,27
"Luoto","37",66,37,29
"Luoto","38",76,40,36
"Luoto","39",50,25,25
"Luoto","40",51,30,21
"Luoto","41",52,24,28
"Luoto","42",63,37,26
"Luoto","43",58,32,26
"Luoto","44",48,17,31
"Luoto","45",69,35,34
"Luoto","46",57,32,25
"Luoto","47",46,27,19
"Luoto","48",52,24,28
"Luoto","49",46,17,29
"Luoto","50",55,24,31
"Luoto","51",60,32,28
"Luoto","52",57,30,27
"Luoto","53",54,29,25
"Luoto","54",51,30,21
"Luoto","55",49,30,19
"Luoto","56",56,34,22
"Luoto","57",60,26,34
"Luoto","58",44,19,25
"Luoto","59",60,30,30
"Luoto","60",47,22,25
"Luoto","61",47,28,19
"Luoto","62",45,26,19
"Luoto","63",47,26,21
"Luoto","64",45,25,20
"Luoto","65",40,19,21
"Luoto","66",42,17,25
"Luoto","67",43,22,21
"Luoto","68",48,18,30
"Luoto","69",45,19,26
"Luoto","70",48,22,26
"Luoto","71",43,28,15
"Luoto","72",49,25,24
"Luoto","73",50,28,22
"Luoto","74",39,18,21
"Luoto","75",46,23,23
"Luoto","76",34,20,14
"Luoto","77",33,18,15
"Luoto","78",20,10,10
"Luoto","79",17,8,9
"Luoto","80",17,6,11
"Luoto","81",24,8,16
"Luoto","82",25,14,11
"Luoto","83",21,9,12
"Luoto","84",11,4,7
"Luoto","85",16,6,10
"Luoto","86",14,3,11
"Luoto","87",14,6,8
"Luoto","88",10,4,6
"Luoto","89",15,5,10
"Luoto","90",10,4,6
"Luoto","91",11,3,8
"Luoto","92",12,5,7
"Luoto","93",4,0,4
"Luoto","94",5,1,4
"Luoto","95",1,0,1
"Luoto","96",1,0,1
"Luoto","97",1,0,1
"Luoto","98",1,1,0
"Luoto","99",0,0,0
"Luoto","100 -",1,1,0
"Luumäki","0",24,14,10
"Luumäki","1",26,14,12
"Luumäki","2",21,11,10
"Luumäki","3",35,11,24
"Luumäki","4",29,15,14
"Luumäki","5",38,13,25
"Luumäki","6",30,14,16
"Luumäki","7",25,15,10
"Luumäki","8",42,21,21
"Luumäki","9",52,26,26
"Luumäki","10",48,23,25
"Luumäki","11",40,22,18
"Luumäki","12",55,25,30
"Luumäki","13",41,24,17
"Luumäki","14",41,18,23
"Luumäki","15",51,24,27
"Luumäki","16",45,20,25
"Luumäki","17",37,15,22
"Luumäki","18",34,18,16
"Luumäki","19",39,17,22
"Luumäki","20",31,23,8
"Luumäki","21",19,9,10
"Luumäki","22",24,13,11
"Luumäki","23",20,9,11
"Luumäki","24",21,15,6
"Luumäki","25",18,8,10
"Luumäki","26",26,15,11
"Luumäki","27",32,18,14
"Luumäki","28",43,26,17
"Luumäki","29",22,11,11
"Luumäki","30",25,12,13
"Luumäki","31",36,21,15
"Luumäki","32",44,28,16
"Luumäki","33",31,11,20
"Luumäki","34",40,23,17
"Luumäki","35",45,21,24
"Luumäki","36",41,24,17
"Luumäki","37",32,18,14
"Luumäki","38",42,22,20
"Luumäki","39",34,19,15
"Luumäki","40",40,22,18
"Luumäki","41",40,17,23
"Luumäki","42",38,20,18
"Luumäki","43",46,25,21
"Luumäki","44",50,32,18
"Luumäki","45",53,28,25
"Luumäki","46",47,26,21
"Luumäki","47",49,22,27
"Luumäki","48",51,28,23
"Luumäki","49",50,26,24
"Luumäki","50",55,24,31
"Luumäki","51",64,36,28
"Luumäki","52",63,36,27
"Luumäki","53",68,36,32
"Luumäki","54",71,37,34
"Luumäki","55",68,32,36
"Luumäki","56",77,35,42
"Luumäki","57",78,43,35
"Luumäki","58",66,28,38
"Luumäki","59",76,43,33
"Luumäki","60",89,52,37
"Luumäki","61",92,49,43
"Luumäki","62",92,58,34
"Luumäki","63",78,43,35
"Luumäki","64",88,48,40
"Luumäki","65",85,43,42
"Luumäki","66",88,46,42
"Luumäki","67",89,39,50
"Luumäki","68",99,47,52
"Luumäki","69",78,41,37
"Luumäki","70",88,48,40
"Luumäki","71",91,48,43
"Luumäki","72",88,46,42
"Luumäki","73",85,47,38
"Luumäki","74",80,38,42
"Luumäki","75",69,35,34
"Luumäki","76",44,21,23
"Luumäki","77",50,25,25
"Luumäki","78",39,20,19
"Luumäki","79",59,28,31
"Luumäki","80",31,14,17
"Luumäki","81",50,29,21
"Luumäki","82",55,22,33
"Luumäki","83",42,13,29
"Luumäki","84",33,11,22
"Luumäki","85",32,13,19
"Luumäki","86",35,21,14
"Luumäki","87",26,7,19
"Luumäki","88",26,13,13
"Luumäki","89",22,8,14
"Luumäki","90",23,6,17
"Luumäki","91",16,6,10
"Luumäki","92",13,3,10
"Luumäki","93",7,1,6
"Luumäki","94",11,0,11
"Luumäki","95",12,1,11
"Luumäki","96",3,0,3
"Luumäki","97",5,0,5
"Luumäki","98",1,0,1
"Luumäki","99",0,0,0
"Luumäki","100 -",0,0,0
"Maalahti","0",40,16,24
"Maalahti","1",61,31,30
"Maalahti","2",51,28,23
"Maalahti","3",48,22,26
"Maalahti","4",48,21,27
"Maalahti","5",61,29,32
"Maalahti","6",45,19,26
"Maalahti","7",58,31,27
"Maalahti","8",51,24,27
"Maalahti","9",61,26,35
"Maalahti","10",48,24,24
"Maalahti","11",93,44,49
"Maalahti","12",63,36,27
"Maalahti","13",57,34,23
"Maalahti","14",42,23,19
"Maalahti","15",59,27,32
"Maalahti","16",40,18,22
"Maalahti","17",42,24,18
"Maalahti","18",53,28,25
"Maalahti","19",55,34,21
"Maalahti","20",42,25,17
"Maalahti","21",35,24,11
"Maalahti","22",37,19,18
"Maalahti","23",45,21,24
"Maalahti","24",47,22,25
"Maalahti","25",50,30,20
"Maalahti","26",52,31,21
"Maalahti","27",55,26,29
"Maalahti","28",58,26,32
"Maalahti","29",58,32,26
"Maalahti","30",62,39,23
"Maalahti","31",64,35,29
"Maalahti","32",67,36,31
"Maalahti","33",70,35,35
"Maalahti","34",68,38,30
"Maalahti","35",55,26,29
"Maalahti","36",48,24,24
"Maalahti","37",47,25,22
"Maalahti","38",72,39,33
"Maalahti","39",53,31,22
"Maalahti","40",71,36,35
"Maalahti","41",63,37,26
"Maalahti","42",78,39,39
"Maalahti","43",78,44,34
"Maalahti","44",63,35,28
"Maalahti","45",74,38,36
"Maalahti","46",56,31,25
"Maalahti","47",61,30,31
"Maalahti","48",58,26,32
"Maalahti","49",69,37,32
"Maalahti","50",64,37,27
"Maalahti","51",63,36,27
"Maalahti","52",74,36,38
"Maalahti","53",53,27,26
"Maalahti","54",69,31,38
"Maalahti","55",68,36,32
"Maalahti","56",67,37,30
"Maalahti","57",75,36,39
"Maalahti","58",63,32,31
"Maalahti","59",76,32,44
"Maalahti","60",77,48,29
"Maalahti","61",67,33,34
"Maalahti","62",80,43,37
"Maalahti","63",67,36,31
"Maalahti","64",85,46,39
"Maalahti","65",76,39,37
"Maalahti","66",79,37,42
"Maalahti","67",83,43,40
"Maalahti","68",72,43,29
"Maalahti","69",81,50,31
"Maalahti","70",77,34,43
"Maalahti","71",86,48,38
"Maalahti","72",69,31,38
"Maalahti","73",81,40,41
"Maalahti","74",94,53,41
"Maalahti","75",65,39,26
"Maalahti","76",64,33,31
"Maalahti","77",60,26,34
"Maalahti","78",53,21,32
"Maalahti","79",63,35,28
"Maalahti","80",36,16,20
"Maalahti","81",61,22,39
"Maalahti","82",52,26,26
"Maalahti","83",36,15,21
"Maalahti","84",42,22,20
"Maalahti","85",36,19,17
"Maalahti","86",35,16,19
"Maalahti","87",34,13,21
"Maalahti","88",23,7,16
"Maalahti","89",24,13,11
"Maalahti","90",12,2,10
"Maalahti","91",19,7,12
"Maalahti","92",11,6,5
"Maalahti","93",12,4,8
"Maalahti","94",8,2,6
"Maalahti","95",6,1,5
"Maalahti","96",8,2,6
"Maalahti","97",2,1,1
"Maalahti","98",3,1,2
"Maalahti","99",2,0,2
"Maalahti","100 -",6,2,4
"Maarianhamina - Mariehamn","0",71,41,30
"Maarianhamina - Mariehamn","1",91,43,48
"Maarianhamina - Mariehamn","2",76,40,36
"Maarianhamina - Mariehamn","3",108,49,59
"Maarianhamina - Mariehamn","4",124,57,67
"Maarianhamina - Mariehamn","5",112,53,59
"Maarianhamina - Mariehamn","6",127,70,57
"Maarianhamina - Mariehamn","7",119,65,54
"Maarianhamina - Mariehamn","8",103,53,50
"Maarianhamina - Mariehamn","9",128,66,62
"Maarianhamina - Mariehamn","10",126,51,75
"Maarianhamina - Mariehamn","11",105,62,43
"Maarianhamina - Mariehamn","12",126,55,71
"Maarianhamina - Mariehamn","13",116,58,58
"Maarianhamina - Mariehamn","14",129,68,61
"Maarianhamina - Mariehamn","15",109,51,58
"Maarianhamina - Mariehamn","16",118,58,60
"Maarianhamina - Mariehamn","17",117,55,62
"Maarianhamina - Mariehamn","18",126,65,61
"Maarianhamina - Mariehamn","19",105,57,48
"Maarianhamina - Mariehamn","20",130,80,50
"Maarianhamina - Mariehamn","21",124,69,55
"Maarianhamina - Mariehamn","22",124,81,43
"Maarianhamina - Mariehamn","23",125,71,54
"Maarianhamina - Mariehamn","24",129,67,62
"Maarianhamina - Mariehamn","25",142,74,68
"Maarianhamina - Mariehamn","26",132,73,59
"Maarianhamina - Mariehamn","27",148,73,75
"Maarianhamina - Mariehamn","28",147,90,57
"Maarianhamina - Mariehamn","29",162,96,66
"Maarianhamina - Mariehamn","30",143,81,62
"Maarianhamina - Mariehamn","31",171,83,88
"Maarianhamina - Mariehamn","32",160,85,75
"Maarianhamina - Mariehamn","33",147,80,67
"Maarianhamina - Mariehamn","34",138,68,70
"Maarianhamina - Mariehamn","35",148,78,70
"Maarianhamina - Mariehamn","36",152,83,69
"Maarianhamina - Mariehamn","37",131,55,76
"Maarianhamina - Mariehamn","38",180,101,79
"Maarianhamina - Mariehamn","39",126,65,61
"Maarianhamina - Mariehamn","40",143,70,73
"Maarianhamina - Mariehamn","41",141,69,72
"Maarianhamina - Mariehamn","42",139,69,70
"Maarianhamina - Mariehamn","43",139,58,81
"Maarianhamina - Mariehamn","44",137,61,76
"Maarianhamina - Mariehamn","45",157,81,76
"Maarianhamina - Mariehamn","46",146,71,75
"Maarianhamina - Mariehamn","47",163,85,78
"Maarianhamina - Mariehamn","48",120,54,66
"Maarianhamina - Mariehamn","49",156,69,87
"Maarianhamina - Mariehamn","50",159,72,87
"Maarianhamina - Mariehamn","51",147,73,74
"Maarianhamina - Mariehamn","52",175,84,91
"Maarianhamina - Mariehamn","53",170,81,89
"Maarianhamina - Mariehamn","54",149,76,73
"Maarianhamina - Mariehamn","55",175,78,97
"Maarianhamina - Mariehamn","56",134,60,74
"Maarianhamina - Mariehamn","57",153,61,92
"Maarianhamina - Mariehamn","58",141,71,70
"Maarianhamina - Mariehamn","59",135,50,85
"Maarianhamina - Mariehamn","60",150,64,86
"Maarianhamina - Mariehamn","61",156,65,91
"Maarianhamina - Mariehamn","62",145,75,70
"Maarianhamina - Mariehamn","63",131,40,91
"Maarianhamina - Mariehamn","64",139,62,77
"Maarianhamina - Mariehamn","65",155,66,89
"Maarianhamina - Mariehamn","66",165,69,96
"Maarianhamina - Mariehamn","67",162,85,77
"Maarianhamina - Mariehamn","68",177,76,101
"Maarianhamina - Mariehamn","69",153,63,90
"Maarianhamina - Mariehamn","70",125,51,74
"Maarianhamina - Mariehamn","71",169,67,102
"Maarianhamina - Mariehamn","72",156,77,79
"Maarianhamina - Mariehamn","73",162,75,87
"Maarianhamina - Mariehamn","74",162,65,97
"Maarianhamina - Mariehamn","75",133,64,69
"Maarianhamina - Mariehamn","76",131,61,70
"Maarianhamina - Mariehamn","77",115,50,65
"Maarianhamina - Mariehamn","78",120,59,61
"Maarianhamina - Mariehamn","79",90,42,48
"Maarianhamina - Mariehamn","80",85,40,45
"Maarianhamina - Mariehamn","81",82,35,47
"Maarianhamina - Mariehamn","82",74,28,46
"Maarianhamina - Mariehamn","83",70,25,45
"Maarianhamina - Mariehamn","84",61,18,43
"Maarianhamina - Mariehamn","85",63,26,37
"Maarianhamina - Mariehamn","86",53,24,29
"Maarianhamina - Mariehamn","87",37,13,24
"Maarianhamina - Mariehamn","88",49,17,32
"Maarianhamina - Mariehamn","89",32,16,16
"Maarianhamina - Mariehamn","90",27,8,19
"Maarianhamina - Mariehamn","91",27,11,16
"Maarianhamina - Mariehamn","92",14,5,9
"Maarianhamina - Mariehamn","93",19,4,15
"Maarianhamina - Mariehamn","94",13,3,10
"Maarianhamina - Mariehamn","95",13,1,12
"Maarianhamina - Mariehamn","96",9,2,7
"Maarianhamina - Mariehamn","97",3,0,3
"Maarianhamina - Mariehamn","98",1,1,0
"Maarianhamina - Mariehamn","99",1,0,1
"Maarianhamina - Mariehamn","100 -",2,0,2
"Marttila","0",20,11,9
"Marttila","1",15,6,9
"Marttila","2",15,8,7
"Marttila","3",12,2,10
"Marttila","4",25,16,9
"Marttila","5",19,10,9
"Marttila","6",18,6,12
"Marttila","7",21,10,11
"Marttila","8",36,14,22
"Marttila","9",23,12,11
"Marttila","10",20,10,10
"Marttila","11",37,21,16
"Marttila","12",18,8,10
"Marttila","13",23,14,9
"Marttila","14",16,8,8
"Marttila","15",17,11,6
"Marttila","16",23,18,5
"Marttila","17",15,8,7
"Marttila","18",23,15,8
"Marttila","19",9,6,3
"Marttila","20",13,7,6
"Marttila","21",19,12,7
"Marttila","22",12,6,6
"Marttila","23",13,9,4
"Marttila","24",9,5,4
"Marttila","25",11,7,4
"Marttila","26",16,6,10
"Marttila","27",15,10,5
"Marttila","28",12,4,8
"Marttila","29",13,8,5
"Marttila","30",22,12,10
"Marttila","31",24,13,11
"Marttila","32",25,13,12
"Marttila","33",14,7,7
"Marttila","34",15,11,4
"Marttila","35",22,8,14
"Marttila","36",22,13,9
"Marttila","37",31,17,14
"Marttila","38",28,15,13
"Marttila","39",26,10,16
"Marttila","40",30,15,15
"Marttila","41",32,15,17
"Marttila","42",28,10,18
"Marttila","43",33,24,9
"Marttila","44",22,13,9
"Marttila","45",27,18,9
"Marttila","46",19,9,10
"Marttila","47",23,14,9
"Marttila","48",27,10,17
"Marttila","49",25,16,9
"Marttila","50",26,15,11
"Marttila","51",19,9,10
"Marttila","52",26,10,16
"Marttila","53",33,19,14
"Marttila","54",19,5,14
"Marttila","55",25,13,12
"Marttila","56",33,18,15
"Marttila","57",28,13,15
"Marttila","58",22,14,8
"Marttila","59",31,20,11
"Marttila","60",36,18,18
"Marttila","61",27,19,8
"Marttila","62",16,8,8
"Marttila","63",41,22,19
"Marttila","64",29,8,21
"Marttila","65",28,13,15
"Marttila","66",25,13,12
"Marttila","67",33,17,16
"Marttila","68",36,20,16
"Marttila","69",22,18,4
"Marttila","70",37,14,23
"Marttila","71",32,18,14
"Marttila","72",34,14,20
"Marttila","73",26,11,15
"Marttila","74",32,16,16
"Marttila","75",31,15,16
"Marttila","76",22,11,11
"Marttila","77",25,13,12
"Marttila","78",14,8,6
"Marttila","79",24,9,15
"Marttila","80",15,7,8
"Marttila","81",18,6,12
"Marttila","82",12,5,7
"Marttila","83",7,2,5
"Marttila","84",10,9,1
"Marttila","85",9,4,5
"Marttila","86",11,1,10
"Marttila","87",6,4,2
"Marttila","88",7,3,4
"Marttila","89",5,1,4
"Marttila","90",9,4,5
"Marttila","91",5,0,5
"Marttila","92",4,2,2
"Marttila","93",3,0,3
"Marttila","94",4,1,3
"Marttila","95",2,0,2
"Marttila","96",3,0,3
"Marttila","97",2,1,1
"Marttila","98",0,0,0
"Marttila","99",1,0,1
"Marttila","100 -",1,0,1
"Masku","0",75,38,37
"Masku","1",91,42,49
"Masku","2",106,51,55
"Masku","3",111,63,48
"Masku","4",105,52,53
"Masku","5",141,75,66
"Masku","6",131,67,64
"Masku","7",126,68,58
"Masku","8",140,77,63
"Masku","9",137,79,58
"Masku","10",169,93,76
"Masku","11",147,76,71
"Masku","12",139,79,60
"Masku","13",135,66,69
"Masku","14",150,75,75
"Masku","15",164,85,79
"Masku","16",134,73,61
"Masku","17",119,61,58
"Masku","18",121,70,51
"Masku","19",84,61,23
"Masku","20",64,45,19
"Masku","21",46,30,16
"Masku","22",36,18,18
"Masku","23",39,26,13
"Masku","24",59,34,25
"Masku","25",54,27,27
"Masku","26",60,26,34
"Masku","27",64,35,29
"Masku","28",86,48,38
"Masku","29",98,45,53
"Masku","30",86,37,49
"Masku","31",93,50,43
"Masku","32",108,45,63
"Masku","33",100,47,53
"Masku","34",113,59,54
"Masku","35",116,51,65
"Masku","36",139,79,60
"Masku","37",119,52,67
"Masku","38",116,55,61
"Masku","39",157,85,72
"Masku","40",140,68,72
"Masku","41",138,70,68
"Masku","42",137,66,71
"Masku","43",160,85,75
"Masku","44",156,76,80
"Masku","45",159,74,85
"Masku","46",138,60,78
"Masku","47",154,89,65
"Masku","48",127,54,73
"Masku","49",150,83,67
"Masku","50",134,64,70
"Masku","51",123,64,59
"Masku","52",159,74,85
"Masku","53",150,86,64
"Masku","54",140,69,71
"Masku","55",166,74,92
"Masku","56",144,76,68
"Masku","57",155,77,78
"Masku","58",143,80,63
"Masku","59",125,79,46
"Masku","60",113,63,50
"Masku","61",115,62,53
"Masku","62",114,56,58
"Masku","63",105,52,53
"Masku","64",114,63,51
"Masku","65",108,52,56
"Masku","66",100,56,44
"Masku","67",105,45,60
"Masku","68",112,49,63
"Masku","69",108,56,52
"Masku","70",99,51,48
"Masku","71",104,55,49
"Masku","72",117,56,61
"Masku","73",101,52,49
"Masku","74",115,61,54
"Masku","75",90,41,49
"Masku","76",71,34,37
"Masku","77",64,32,32
"Masku","78",53,24,29
"Masku","79",71,39,32
"Masku","80",39,20,19
"Masku","81",48,19,29
"Masku","82",40,21,19
"Masku","83",42,15,27
"Masku","84",43,20,23
"Masku","85",31,17,14
"Masku","86",27,13,14
"Masku","87",18,8,10
"Masku","88",20,10,10
"Masku","89",15,4,11
"Masku","90",16,6,10
"Masku","91",16,5,11
"Masku","92",12,1,11
"Masku","93",7,2,5
"Masku","94",5,1,4
"Masku","95",5,0,5
"Masku","96",2,0,2
"Masku","97",0,0,0
"Masku","98",1,0,1
"Masku","99",0,0,0
"Masku","100 -",1,0,1
"Merijärvi","0",16,10,6
"Merijärvi","1",17,10,7
"Merijärvi","2",17,12,5
"Merijärvi","3",20,11,9
"Merijärvi","4",17,7,10
"Merijärvi","5",26,11,15
"Merijärvi","6",19,10,9
"Merijärvi","7",24,12,12
"Merijärvi","8",14,10,4
"Merijärvi","9",23,16,7
"Merijärvi","10",10,6,4
"Merijärvi","11",15,12,3
"Merijärvi","12",15,10,5
"Merijärvi","13",14,3,11
"Merijärvi","14",16,7,9
"Merijärvi","15",22,14,8
"Merijärvi","16",12,7,5
"Merijärvi","17",12,9,3
"Merijärvi","18",23,12,11
"Merijärvi","19",9,6,3
"Merijärvi","20",11,5,6
"Merijärvi","21",6,5,1
"Merijärvi","22",6,4,2
"Merijärvi","23",9,7,2
"Merijärvi","24",2,2,0
"Merijärvi","25",10,7,3
"Merijärvi","26",13,2,11
"Merijärvi","27",14,7,7
"Merijärvi","28",16,11,5
"Merijärvi","29",14,9,5
"Merijärvi","30",11,5,6
"Merijärvi","31",8,4,4
"Merijärvi","32",16,8,8
"Merijärvi","33",11,6,5
"Merijärvi","34",7,3,4
"Merijärvi","35",10,5,5
"Merijärvi","36",8,4,4
"Merijärvi","37",4,2,2
"Merijärvi","38",9,4,5
"Merijärvi","39",12,7,5
"Merijärvi","40",7,6,1
"Merijärvi","41",6,5,1
"Merijärvi","42",9,4,5
"Merijärvi","43",13,10,3
"Merijärvi","44",4,3,1
"Merijärvi","45",7,5,2
"Merijärvi","46",8,3,5
"Merijärvi","47",7,3,4
"Merijärvi","48",11,4,7
"Merijärvi","49",6,4,2
"Merijärvi","50",8,7,1
"Merijärvi","51",9,8,1
"Merijärvi","52",9,3,6
"Merijärvi","53",14,5,9
"Merijärvi","54",17,12,5
"Merijärvi","55",14,7,7
"Merijärvi","56",18,9,9
"Merijärvi","57",10,8,2
"Merijärvi","58",10,3,7
"Merijärvi","59",22,13,9
"Merijärvi","60",14,8,6
"Merijärvi","61",11,6,5
"Merijärvi","62",13,5,8
"Merijärvi","63",17,9,8
"Merijärvi","64",11,6,5
"Merijärvi","65",15,7,8
"Merijärvi","66",17,9,8
"Merijärvi","67",19,9,10
"Merijärvi","68",11,6,5
"Merijärvi","69",14,6,8
"Merijärvi","70",21,9,12
"Merijärvi","71",16,9,7
"Merijärvi","72",20,13,7
"Merijärvi","73",15,8,7
"Merijärvi","74",13,9,4
"Merijärvi","75",7,6,1
"Merijärvi","76",9,6,3
"Merijärvi","77",5,2,3
"Merijärvi","78",3,1,2
"Merijärvi","79",10,3,7
"Merijärvi","80",8,4,4
"Merijärvi","81",7,0,7
"Merijärvi","82",5,4,1
"Merijärvi","83",2,0,2
"Merijärvi","84",5,2,3
"Merijärvi","85",8,1,7
"Merijärvi","86",6,1,5
"Merijärvi","87",6,4,2
"Merijärvi","88",7,3,4
"Merijärvi","89",4,2,2
"Merijärvi","90",7,6,1
"Merijärvi","91",1,0,1
"Merijärvi","92",0,0,0
"Merijärvi","93",1,0,1
"Merijärvi","94",1,0,1
"Merijärvi","95",0,0,0
"Merijärvi","96",1,0,1
"Merijärvi","97",0,0,0
"Merijärvi","98",1,0,1
"Merijärvi","99",0,0,0
"Merijärvi","100 -",0,0,0
"Merikarvia","0",24,14,10
"Merikarvia","1",24,8,16
"Merikarvia","2",22,14,8
"Merikarvia","3",30,13,17
"Merikarvia","4",28,17,11
"Merikarvia","5",26,15,11
"Merikarvia","6",45,16,29
"Merikarvia","7",30,14,16
"Merikarvia","8",37,17,20
"Merikarvia","9",19,11,8
"Merikarvia","10",27,10,17
"Merikarvia","11",25,13,12
"Merikarvia","12",29,17,12
"Merikarvia","13",29,17,12
"Merikarvia","14",32,16,16
"Merikarvia","15",31,20,11
"Merikarvia","16",34,16,18
"Merikarvia","17",29,17,12
"Merikarvia","18",31,11,20
"Merikarvia","19",26,21,5
"Merikarvia","20",15,10,5
"Merikarvia","21",8,6,2
"Merikarvia","22",17,13,4
"Merikarvia","23",15,12,3
"Merikarvia","24",19,8,11
"Merikarvia","25",13,8,5
"Merikarvia","26",21,10,11
"Merikarvia","27",17,7,10
"Merikarvia","28",13,9,4
"Merikarvia","29",19,7,12
"Merikarvia","30",25,16,9
"Merikarvia","31",23,14,9
"Merikarvia","32",20,9,11
"Merikarvia","33",19,13,6
"Merikarvia","34",18,8,10
"Merikarvia","35",25,13,12
"Merikarvia","36",34,14,20
"Merikarvia","37",22,13,9
"Merikarvia","38",37,20,17
"Merikarvia","39",38,19,19
"Merikarvia","40",21,11,10
"Merikarvia","41",28,14,14
"Merikarvia","42",41,25,16
"Merikarvia","43",35,15,20
"Merikarvia","44",33,18,15
"Merikarvia","45",28,11,17
"Merikarvia","46",33,16,17
"Merikarvia","47",20,10,10
"Merikarvia","48",24,16,8
"Merikarvia","49",28,20,8
"Merikarvia","50",33,21,12
"Merikarvia","51",28,11,17
"Merikarvia","52",35,14,21
"Merikarvia","53",42,19,23
"Merikarvia","54",32,15,17
"Merikarvia","55",51,24,27
"Merikarvia","56",42,20,22
"Merikarvia","57",49,27,22
"Merikarvia","58",61,32,29
"Merikarvia","59",57,24,33
"Merikarvia","60",52,26,26
"Merikarvia","61",44,16,28
"Merikarvia","62",60,27,33
"Merikarvia","63",56,34,22
"Merikarvia","64",48,23,25
"Merikarvia","65",59,34,25
"Merikarvia","66",67,41,26
"Merikarvia","67",62,37,25
"Merikarvia","68",63,29,34
"Merikarvia","69",62,32,30
"Merikarvia","70",41,26,15
"Merikarvia","71",50,23,27
"Merikarvia","72",66,35,31
"Merikarvia","73",54,26,28
"Merikarvia","74",58,30,28
"Merikarvia","75",35,12,23
"Merikarvia","76",46,24,22
"Merikarvia","77",34,20,14
"Merikarvia","78",22,12,10
"Merikarvia","79",43,20,23
"Merikarvia","80",20,10,10
"Merikarvia","81",39,20,19
"Merikarvia","82",35,10,25
"Merikarvia","83",21,8,13
"Merikarvia","84",26,9,17
"Merikarvia","85",27,13,14
"Merikarvia","86",26,11,15
"Merikarvia","87",24,8,16
"Merikarvia","88",14,5,9
"Merikarvia","89",20,8,12
"Merikarvia","90",17,11,6
"Merikarvia","91",13,4,9
"Merikarvia","92",12,6,6
"Merikarvia","93",10,1,9
"Merikarvia","94",7,0,7
"Merikarvia","95",2,0,2
"Merikarvia","96",2,0,2
"Merikarvia","97",6,3,3
"Merikarvia","98",4,0,4
"Merikarvia","99",1,0,1
"Merikarvia","100 -",1,0,1
"Miehikkälä","0",4,2,2
"Miehikkälä","1",3,1,2
"Miehikkälä","2",8,7,1
"Miehikkälä","3",12,7,5
"Miehikkälä","4",11,6,5
"Miehikkälä","5",8,4,4
"Miehikkälä","6",10,4,6
"Miehikkälä","7",9,4,5
"Miehikkälä","8",17,5,12
"Miehikkälä","9",17,9,8
"Miehikkälä","10",15,9,6
"Miehikkälä","11",19,13,6
"Miehikkälä","12",16,4,12
"Miehikkälä","13",20,11,9
"Miehikkälä","14",19,10,9
"Miehikkälä","15",20,5,15
"Miehikkälä","16",21,8,13
"Miehikkälä","17",15,6,9
"Miehikkälä","18",21,13,8
"Miehikkälä","19",11,5,6
"Miehikkälä","20",10,6,4
"Miehikkälä","21",8,3,5
"Miehikkälä","22",10,6,4
"Miehikkälä","23",7,4,3
"Miehikkälä","24",10,5,5
"Miehikkälä","25",8,7,1
"Miehikkälä","26",13,6,7
"Miehikkälä","27",13,6,7
"Miehikkälä","28",9,7,2
"Miehikkälä","29",9,3,6
"Miehikkälä","30",10,5,5
"Miehikkälä","31",14,9,5
"Miehikkälä","32",14,7,7
"Miehikkälä","33",10,6,4
"Miehikkälä","34",13,8,5
"Miehikkälä","35",8,5,3
"Miehikkälä","36",8,3,5
"Miehikkälä","37",14,5,9
"Miehikkälä","38",14,5,9
"Miehikkälä","39",19,12,7
"Miehikkälä","40",15,6,9
"Miehikkälä","41",25,15,10
"Miehikkälä","42",14,10,4
"Miehikkälä","43",24,10,14
"Miehikkälä","44",22,9,13
"Miehikkälä","45",21,11,10
"Miehikkälä","46",17,5,12
"Miehikkälä","47",21,14,7
"Miehikkälä","48",22,9,13
"Miehikkälä","49",29,12,17
"Miehikkälä","50",36,21,15
"Miehikkälä","51",34,14,20
"Miehikkälä","52",32,18,14
"Miehikkälä","53",31,19,12
"Miehikkälä","54",28,16,12
"Miehikkälä","55",29,17,12
"Miehikkälä","56",41,21,20
"Miehikkälä","57",25,10,15
"Miehikkälä","58",30,20,10
"Miehikkälä","59",21,9,12
"Miehikkälä","60",29,17,12
"Miehikkälä","61",29,16,13
"Miehikkälä","62",29,9,20
"Miehikkälä","63",40,20,20
"Miehikkälä","64",24,14,10
"Miehikkälä","65",34,15,19
"Miehikkälä","66",27,17,10
"Miehikkälä","67",38,25,13
"Miehikkälä","68",50,24,26
"Miehikkälä","69",36,19,17
"Miehikkälä","70",39,28,11
"Miehikkälä","71",34,19,15
"Miehikkälä","72",40,26,14
"Miehikkälä","73",41,20,21
"Miehikkälä","74",31,16,15
"Miehikkälä","75",30,15,15
"Miehikkälä","76",24,11,13
"Miehikkälä","77",23,14,9
"Miehikkälä","78",17,11,6
"Miehikkälä","79",32,17,15
"Miehikkälä","80",21,3,18
"Miehikkälä","81",24,12,12
"Miehikkälä","82",19,6,13
"Miehikkälä","83",23,14,9
"Miehikkälä","84",17,9,8
"Miehikkälä","85",13,5,8
"Miehikkälä","86",16,7,9
"Miehikkälä","87",10,5,5
"Miehikkälä","88",11,4,7
"Miehikkälä","89",10,4,6
"Miehikkälä","90",11,5,6
"Miehikkälä","91",5,2,3
"Miehikkälä","92",9,1,8
"Miehikkälä","93",3,0,3
"Miehikkälä","94",2,0,2
"Miehikkälä","95",3,0,3
"Miehikkälä","96",4,0,4
"Miehikkälä","97",2,1,1
"Miehikkälä","98",1,0,1
"Miehikkälä","99",3,0,3
"Miehikkälä","100 -",0,0,0
"Mikkeli","0",403,202,201
"Mikkeli","1",380,190,190
"Mikkeli","2",392,201,191
"Mikkeli","3",437,224,213
"Mikkeli","4",469,236,233
"Mikkeli","5",472,228,244
"Mikkeli","6",514,248,266
"Mikkeli","7",526,274,252
"Mikkeli","8",492,244,248
"Mikkeli","9",547,265,282
"Mikkeli","10",515,266,249
"Mikkeli","11",548,274,274
"Mikkeli","12",512,260,252
"Mikkeli","13",537,297,240
"Mikkeli","14",588,302,286
"Mikkeli","15",539,292,247
"Mikkeli","16",569,300,269
"Mikkeli","17",555,299,256
"Mikkeli","18",554,305,249
"Mikkeli","19",536,268,268
"Mikkeli","20",598,347,251
"Mikkeli","21",572,319,253
"Mikkeli","22",581,314,267
"Mikkeli","23",542,296,246
"Mikkeli","24",591,317,274
"Mikkeli","25",617,337,280
"Mikkeli","26",608,306,302
"Mikkeli","27",565,304,261
"Mikkeli","28",550,306,244
"Mikkeli","29",545,281,264
"Mikkeli","30",613,317,296
"Mikkeli","31",598,308,290
"Mikkeli","32",588,302,286
"Mikkeli","33",556,293,263
"Mikkeli","34",613,341,272
"Mikkeli","35",596,310,286
"Mikkeli","36",632,343,289
"Mikkeli","37",585,310,275
"Mikkeli","38",585,309,276
"Mikkeli","39",570,290,280
"Mikkeli","40",579,297,282
"Mikkeli","41",569,296,273
"Mikkeli","42",572,288,284
"Mikkeli","43",563,239,324
"Mikkeli","44",647,326,321
"Mikkeli","45",595,291,304
"Mikkeli","46",579,283,296
"Mikkeli","47",492,242,250
"Mikkeli","48",554,270,284
"Mikkeli","49",600,298,302
"Mikkeli","50",622,312,310
"Mikkeli","51",615,318,297
"Mikkeli","52",716,357,359
"Mikkeli","53",660,341,319
"Mikkeli","54",712,340,372
"Mikkeli","55",693,329,364
"Mikkeli","56",712,379,333
"Mikkeli","57",718,347,371
"Mikkeli","58",745,358,387
"Mikkeli","59",736,376,360
"Mikkeli","60",788,378,410
"Mikkeli","61",707,323,384
"Mikkeli","62",745,368,377
"Mikkeli","63",748,356,392
"Mikkeli","64",834,396,438
"Mikkeli","65",819,395,424
"Mikkeli","66",746,357,389
"Mikkeli","67",773,378,395
"Mikkeli","68",840,394,446
"Mikkeli","69",800,390,410
"Mikkeli","70",828,386,442
"Mikkeli","71",798,349,449
"Mikkeli","72",807,389,418
"Mikkeli","73",797,350,447
"Mikkeli","74",725,329,396
"Mikkeli","75",661,310,351
"Mikkeli","76",540,253,287
"Mikkeli","77",494,218,276
"Mikkeli","78",394,164,230
"Mikkeli","79",563,236,327
"Mikkeli","80",407,179,228
"Mikkeli","81",432,180,252
"Mikkeli","82",406,164,242
"Mikkeli","83",377,124,253
"Mikkeli","84",285,106,179
"Mikkeli","85",280,96,184
"Mikkeli","86",254,98,156
"Mikkeli","87",228,69,159
"Mikkeli","88",210,57,153
"Mikkeli","89",185,63,122
"Mikkeli","90",180,60,120
"Mikkeli","91",132,29,103
"Mikkeli","92",89,28,61
"Mikkeli","93",79,16,63
"Mikkeli","94",44,15,29
"Mikkeli","95",45,8,37
"Mikkeli","96",18,5,13
"Mikkeli","97",22,4,18
"Mikkeli","98",14,2,12
"Mikkeli","99",3,0,3
"Mikkeli","100 -",17,3,14
"Muhos","0",111,47,64
"Muhos","1",81,41,40
"Muhos","2",114,63,51
"Muhos","3",125,56,69
"Muhos","4",111,55,56
"Muhos","5",152,78,74
"Muhos","6",135,68,67
"Muhos","7",153,87,66
"Muhos","8",152,85,67
"Muhos","9",164,91,73
"Muhos","10",155,80,75
"Muhos","11",162,79,83
"Muhos","12",141,79,62
"Muhos","13",162,79,83
"Muhos","14",159,95,64
"Muhos","15",156,78,78
"Muhos","16",150,71,79
"Muhos","17",160,80,80
"Muhos","18",145,80,65
"Muhos","19",92,54,38
"Muhos","20",67,42,25
"Muhos","21",51,32,19
"Muhos","22",56,36,20
"Muhos","23",51,22,29
"Muhos","24",55,28,27
"Muhos","25",67,37,30
"Muhos","26",82,46,36
"Muhos","27",84,39,45
"Muhos","28",94,42,52
"Muhos","29",76,39,37
"Muhos","30",80,33,47
"Muhos","31",99,53,46
"Muhos","32",99,46,53
"Muhos","33",100,53,47
"Muhos","34",96,53,43
"Muhos","35",103,48,55
"Muhos","36",110,53,57
"Muhos","37",127,66,61
"Muhos","38",106,52,54
"Muhos","39",108,60,48
"Muhos","40",119,49,70
"Muhos","41",119,48,71
"Muhos","42",120,66,54
"Muhos","43",119,68,51
"Muhos","44",123,67,56
"Muhos","45",132,67,65
"Muhos","46",89,49,40
"Muhos","47",95,52,43
"Muhos","48",89,53,36
"Muhos","49",80,37,43
"Muhos","50",102,49,53
"Muhos","51",91,50,41
"Muhos","52",105,48,57
"Muhos","53",120,59,61
"Muhos","54",102,57,45
"Muhos","55",119,63,56
"Muhos","56",111,57,54
"Muhos","57",108,65,43
"Muhos","58",113,55,58
"Muhos","59",139,80,59
"Muhos","60",120,58,62
"Muhos","61",125,62,63
"Muhos","62",96,50,46
"Muhos","63",123,53,70
"Muhos","64",115,56,59
"Muhos","65",114,54,60
"Muhos","66",109,54,55
"Muhos","67",108,66,42
"Muhos","68",108,51,57
"Muhos","69",103,53,50
"Muhos","70",105,62,43
"Muhos","71",72,40,32
"Muhos","72",76,37,39
"Muhos","73",84,42,42
"Muhos","74",77,37,40
"Muhos","75",69,42,27
"Muhos","76",38,18,20
"Muhos","77",46,24,22
"Muhos","78",41,15,26
"Muhos","79",60,26,34
"Muhos","80",36,15,21
"Muhos","81",50,19,31
"Muhos","82",45,22,23
"Muhos","83",49,22,27
"Muhos","84",32,15,17
"Muhos","85",27,10,17
"Muhos","86",31,14,17
"Muhos","87",27,4,23
"Muhos","88",22,5,17
"Muhos","89",20,7,13
"Muhos","90",19,9,10
"Muhos","91",23,6,17
"Muhos","92",13,6,7
"Muhos","93",7,2,5
"Muhos","94",9,4,5
"Muhos","95",4,1,3
"Muhos","96",5,2,3
"Muhos","97",5,2,3
"Muhos","98",1,0,1
"Muhos","99",2,0,2
"Muhos","100 -",1,0,1
"Multia","0",12,6,6
"Multia","1",9,6,3
"Multia","2",8,3,5
"Multia","3",12,9,3
"Multia","4",12,5,7
"Multia","5",7,3,4
"Multia","6",11,7,4
"Multia","7",25,11,14
"Multia","8",9,2,7
"Multia","9",19,11,8
"Multia","10",20,7,13
"Multia","11",16,10,6
"Multia","12",22,13,9
"Multia","13",17,6,11
"Multia","14",15,8,7
"Multia","15",18,10,8
"Multia","16",18,11,7
"Multia","17",14,10,4
"Multia","18",12,8,4
"Multia","19",11,8,3
"Multia","20",7,6,1
"Multia","21",9,6,3
"Multia","22",4,2,2
"Multia","23",9,3,6
"Multia","24",4,2,2
"Multia","25",7,3,4
"Multia","26",8,6,2
"Multia","27",11,8,3
"Multia","28",10,6,4
"Multia","29",8,3,5
"Multia","30",12,7,5
"Multia","31",13,8,5
"Multia","32",11,6,5
"Multia","33",13,8,5
"Multia","34",12,6,6
"Multia","35",9,3,6
"Multia","36",12,8,4
"Multia","37",9,4,5
"Multia","38",13,6,7
"Multia","39",8,4,4
"Multia","40",19,8,11
"Multia","41",10,6,4
"Multia","42",11,7,4
"Multia","43",22,9,13
"Multia","44",13,8,5
"Multia","45",11,6,5
"Multia","46",21,11,10
"Multia","47",15,8,7
"Multia","48",10,5,5
"Multia","49",21,12,9
"Multia","50",13,7,6
"Multia","51",18,10,8
"Multia","52",17,12,5
"Multia","53",16,8,8
"Multia","54",19,11,8
"Multia","55",27,13,14
"Multia","56",19,10,9
"Multia","57",28,15,13
"Multia","58",26,9,17
"Multia","59",27,17,10
"Multia","60",27,10,17
"Multia","61",35,18,17
"Multia","62",35,18,17
"Multia","63",35,19,16
"Multia","64",32,20,12
"Multia","65",33,19,14
"Multia","66",33,17,16
"Multia","67",31,14,17
"Multia","68",33,18,15
"Multia","69",30,18,12
"Multia","70",37,14,23
"Multia","71",32,21,11
"Multia","72",29,17,12
"Multia","73",17,9,8
"Multia","74",18,7,11
"Multia","75",20,9,11
"Multia","76",17,9,8
"Multia","77",19,14,5
"Multia","78",10,5,5
"Multia","79",20,10,10
"Multia","80",10,4,6
"Multia","81",15,4,11
"Multia","82",18,3,15
"Multia","83",13,8,5
"Multia","84",14,5,9
"Multia","85",22,11,11
"Multia","86",12,4,8
"Multia","87",15,5,10
"Multia","88",17,6,11
"Multia","89",10,4,6
"Multia","90",7,2,5
"Multia","91",3,0,3
"Multia","92",5,1,4
"Multia","93",5,3,2
"Multia","94",3,1,2
"Multia","95",1,0,1
"Multia","96",4,2,2
"Multia","97",0,0,0
"Multia","98",1,0,1
"Multia","99",0,0,0
"Multia","100 -",1,0,1
"Muonio","0",16,6,10
"Muonio","1",18,9,9
"Muonio","2",15,9,6
"Muonio","3",21,9,12
"Muonio","4",19,7,12
"Muonio","5",16,8,8
"Muonio","6",19,10,9
"Muonio","7",24,17,7
"Muonio","8",26,10,16
"Muonio","9",31,15,16
"Muonio","10",35,21,14
"Muonio","11",26,13,13
"Muonio","12",29,18,11
"Muonio","13",18,9,9
"Muonio","14",30,17,13
"Muonio","15",27,10,17
"Muonio","16",21,9,12
"Muonio","17",22,11,11
"Muonio","18",17,10,7
"Muonio","19",24,16,8
"Muonio","20",12,6,6
"Muonio","21",18,9,9
"Muonio","22",18,8,10
"Muonio","23",18,9,9
"Muonio","24",13,7,6
"Muonio","25",21,14,7
"Muonio","26",21,11,10
"Muonio","27",33,18,15
"Muonio","28",25,11,14
"Muonio","29",22,11,11
"Muonio","30",24,13,11
"Muonio","31",21,11,10
"Muonio","32",20,10,10
"Muonio","33",29,13,16
"Muonio","34",24,13,11
"Muonio","35",26,14,12
"Muonio","36",22,10,12
"Muonio","37",30,17,13
"Muonio","38",34,18,16
"Muonio","39",27,11,16
"Muonio","40",22,6,16
"Muonio","41",22,11,11
"Muonio","42",30,14,16
"Muonio","43",21,10,11
"Muonio","44",26,15,11
"Muonio","45",23,15,8
"Muonio","46",28,12,16
"Muonio","47",27,12,15
"Muonio","48",27,15,12
"Muonio","49",28,16,12
"Muonio","50",29,12,17
"Muonio","51",24,11,13
"Muonio","52",30,15,15
"Muonio","53",30,18,12
"Muonio","54",37,15,22
"Muonio","55",37,16,21
"Muonio","56",19,8,11
"Muonio","57",30,14,16
"Muonio","58",33,21,12
"Muonio","59",33,13,20
"Muonio","60",41,17,24
"Muonio","61",35,20,15
"Muonio","62",29,15,14
"Muonio","63",38,21,17
"Muonio","64",35,21,14
"Muonio","65",37,21,16
"Muonio","66",46,26,20
"Muonio","67",37,20,17
"Muonio","68",24,12,12
"Muonio","69",47,26,21
"Muonio","70",39,21,18
"Muonio","71",36,18,18
"Muonio","72",30,14,16
"Muonio","73",36,16,20
"Muonio","74",34,17,17
"Muonio","75",28,13,15
"Muonio","76",17,10,7
"Muonio","77",30,12,18
"Muonio","78",24,11,13
"Muonio","79",32,11,21
"Muonio","80",20,11,9
"Muonio","81",20,5,15
"Muonio","82",17,9,8
"Muonio","83",15,7,8
"Muonio","84",11,4,7
"Muonio","85",13,6,7
"Muonio","86",15,6,9
"Muonio","87",5,2,3
"Muonio","88",8,2,6
"Muonio","89",8,3,5
"Muonio","90",3,1,2
"Muonio","91",5,1,4
"Muonio","92",3,2,1
"Muonio","93",3,0,3
"Muonio","94",3,2,1
"Muonio","95",0,0,0
"Muonio","96",1,0,1
"Muonio","97",2,2,0
"Muonio","98",1,0,1
"Muonio","99",0,0,0
"Muonio","100 -",1,0,1
"Mustasaari","0",195,91,104
"Mustasaari","1",208,107,101
"Mustasaari","2",215,123,92
"Mustasaari","3",240,119,121
"Mustasaari","4",259,125,134
"Mustasaari","5",226,124,102
"Mustasaari","6",301,157,144
"Mustasaari","7",283,136,147
"Mustasaari","8",272,136,136
"Mustasaari","9",294,147,147
"Mustasaari","10",295,149,146
"Mustasaari","11",263,130,133
"Mustasaari","12",248,120,128
"Mustasaari","13",267,135,132
"Mustasaari","14",264,132,132
"Mustasaari","15",257,135,122
"Mustasaari","16",259,128,131
"Mustasaari","17",237,129,108
"Mustasaari","18",197,103,94
"Mustasaari","19",160,93,67
"Mustasaari","20",136,79,57
"Mustasaari","21",124,74,50
"Mustasaari","22",114,65,49
"Mustasaari","23",97,49,48
"Mustasaari","24",124,61,63
"Mustasaari","25",153,86,67
"Mustasaari","26",166,84,82
"Mustasaari","27",179,83,96
"Mustasaari","28",187,87,100
"Mustasaari","29",176,86,90
"Mustasaari","30",227,112,115
"Mustasaari","31",241,120,121
"Mustasaari","32",212,108,104
"Mustasaari","33",234,118,116
"Mustasaari","34",242,120,122
"Mustasaari","35",241,124,117
"Mustasaari","36",226,109,117
"Mustasaari","37",285,126,159
"Mustasaari","38",283,145,138
"Mustasaari","39",288,154,134
"Mustasaari","40",278,138,140
"Mustasaari","41",295,161,134
"Mustasaari","42",278,139,139
"Mustasaari","43",281,150,131
"Mustasaari","44",264,143,121
"Mustasaari","45",258,137,121
"Mustasaari","46",247,139,108
"Mustasaari","47",235,117,118
"Mustasaari","48",249,125,124
"Mustasaari","49",238,115,123
"Mustasaari","50",261,128,133
"Mustasaari","51",269,136,133
"Mustasaari","52",269,146,123
"Mustasaari","53",264,148,116
"Mustasaari","54",260,137,123
"Mustasaari","55",248,133,115
"Mustasaari","56",251,124,127
"Mustasaari","57",206,107,99
"Mustasaari","58",207,110,97
"Mustasaari","59",216,81,135
"Mustasaari","60",241,117,124
"Mustasaari","61",237,123,114
"Mustasaari","62",199,101,98
"Mustasaari","63",243,119,124
"Mustasaari","64",252,123,129
"Mustasaari","65",228,110,118
"Mustasaari","66",259,138,121
"Mustasaari","67",227,113,114
"Mustasaari","68",240,121,119
"Mustasaari","69",232,110,122
"Mustasaari","70",209,116,93
"Mustasaari","71",238,120,118
"Mustasaari","72",225,119,106
"Mustasaari","73",232,113,119
"Mustasaari","74",259,138,121
"Mustasaari","75",203,92,111
"Mustasaari","76",144,60,84
"Mustasaari","77",157,76,81
"Mustasaari","78",131,64,67
"Mustasaari","79",149,73,76
"Mustasaari","80",106,51,55
"Mustasaari","81",130,59,71
"Mustasaari","82",115,54,61
"Mustasaari","83",108,52,56
"Mustasaari","84",90,41,49
"Mustasaari","85",82,32,50
"Mustasaari","86",85,33,52
"Mustasaari","87",74,31,43
"Mustasaari","88",67,25,42
"Mustasaari","89",62,26,36
"Mustasaari","90",60,21,39
"Mustasaari","91",40,10,30
"Mustasaari","92",50,20,30
"Mustasaari","93",36,16,20
"Mustasaari","94",28,6,22
"Mustasaari","95",22,9,13
"Mustasaari","96",15,2,13
"Mustasaari","97",14,3,11
"Mustasaari","98",3,0,3
"Mustasaari","99",6,3,3
"Mustasaari","100 -",6,2,4
"Muurame","0",97,50,47
"Muurame","1",101,51,50
"Muurame","2",98,55,43
"Muurame","3",123,60,63
"Muurame","4",124,61,63
"Muurame","5",159,85,74
"Muurame","6",170,80,90
"Muurame","7",174,86,88
"Muurame","8",161,90,71
"Muurame","9",183,97,86
"Muurame","10",166,85,81
"Muurame","11",159,96,63
"Muurame","12",163,86,77
"Muurame","13",165,91,74
"Muurame","14",167,84,83
"Muurame","15",152,84,68
"Muurame","16",153,87,66
"Muurame","17",143,69,74
"Muurame","18",137,73,64
"Muurame","19",84,50,34
"Muurame","20",57,35,22
"Muurame","21",38,25,13
"Muurame","22",53,32,21
"Muurame","23",43,21,22
"Muurame","24",57,36,21
"Muurame","25",59,27,32
"Muurame","26",71,39,32
"Muurame","27",91,39,52
"Muurame","28",77,41,36
"Muurame","29",71,35,36
"Muurame","30",90,42,48
"Muurame","31",127,58,69
"Muurame","32",116,59,57
"Muurame","33",127,56,71
"Muurame","34",173,83,90
"Muurame","35",140,76,64
"Muurame","36",155,76,79
"Muurame","37",147,67,80
"Muurame","38",155,71,84
"Muurame","39",145,75,70
"Muurame","40",152,68,84
"Muurame","41",151,84,67
"Muurame","42",150,71,79
"Muurame","43",179,81,98
"Muurame","44",191,102,89
"Muurame","45",158,87,71
"Muurame","46",141,68,73
"Muurame","47",136,74,62
"Muurame","48",145,82,63
"Muurame","49",139,79,60
"Muurame","50",134,61,73
"Muurame","51",122,59,63
"Muurame","52",149,73,76
"Muurame","53",135,68,67
"Muurame","54",134,65,69
"Muurame","55",123,64,59
"Muurame","56",142,72,70
"Muurame","57",131,59,72
"Muurame","58",126,68,58
"Muurame","59",140,75,65
"Muurame","60",119,57,62
"Muurame","61",130,63,67
"Muurame","62",100,49,51
"Muurame","63",122,62,60
"Muurame","64",117,60,57
"Muurame","65",122,58,64
"Muurame","66",120,69,51
"Muurame","67",133,61,72
"Muurame","68",119,60,59
"Muurame","69",125,65,60
"Muurame","70",111,55,56
"Muurame","71",132,60,72
"Muurame","72",104,47,57
"Muurame","73",124,58,66
"Muurame","74",94,47,47
"Muurame","75",99,52,47
"Muurame","76",60,29,31
"Muurame","77",60,34,26
"Muurame","78",46,21,25
"Muurame","79",90,46,44
"Muurame","80",47,15,32
"Muurame","81",52,20,32
"Muurame","82",53,29,24
"Muurame","83",40,14,26
"Muurame","84",30,12,18
"Muurame","85",19,8,11
"Muurame","86",27,10,17
"Muurame","87",26,3,23
"Muurame","88",16,9,7
"Muurame","89",29,7,22
"Muurame","90",13,7,6
"Muurame","91",13,3,10
"Muurame","92",7,3,4
"Muurame","93",3,2,1
"Muurame","94",6,1,5
"Muurame","95",2,0,2
"Muurame","96",1,0,1
"Muurame","97",3,0,3
"Muurame","98",1,0,1
"Muurame","99",1,0,1
"Muurame","100 -",2,0,2
"Mynämäki","0",56,30,26
"Mynämäki","1",53,29,24
"Mynämäki","2",70,32,38
"Mynämäki","3",75,33,42
"Mynämäki","4",74,31,43
"Mynämäki","5",76,40,36
"Mynämäki","6",77,37,40
"Mynämäki","7",73,31,42
"Mynämäki","8",77,43,34
"Mynämäki","9",82,42,40
"Mynämäki","10",78,39,39
"Mynämäki","11",95,44,51
"Mynämäki","12",93,54,39
"Mynämäki","13",79,35,44
"Mynämäki","14",86,36,50
"Mynämäki","15",95,50,45
"Mynämäki","16",81,41,40
"Mynämäki","17",87,47,40
"Mynämäki","18",74,47,27
"Mynämäki","19",68,41,27
"Mynämäki","20",48,34,14
"Mynämäki","21",54,33,21
"Mynämäki","22",47,30,17
"Mynämäki","23",46,25,21
"Mynämäki","24",56,36,20
"Mynämäki","25",51,28,23
"Mynämäki","26",73,42,31
"Mynämäki","27",71,44,27
"Mynämäki","28",67,37,30
"Mynämäki","29",75,35,40
"Mynämäki","30",73,31,42
"Mynämäki","31",74,31,43
"Mynämäki","32",72,36,36
"Mynämäki","33",71,42,29
"Mynämäki","34",68,30,38
"Mynämäki","35",101,51,50
"Mynämäki","36",104,54,50
"Mynämäki","37",104,53,51
"Mynämäki","38",103,55,48
"Mynämäki","39",75,39,36
"Mynämäki","40",95,49,46
"Mynämäki","41",82,44,38
"Mynämäki","42",92,49,43
"Mynämäki","43",91,41,50
"Mynämäki","44",82,37,45
"Mynämäki","45",98,46,52
"Mynämäki","46",81,42,39
"Mynämäki","47",77,45,32
"Mynämäki","48",96,50,46
"Mynämäki","49",81,33,48
"Mynämäki","50",104,53,51
"Mynämäki","51",106,56,50
"Mynämäki","52",101,48,53
"Mynämäki","53",111,55,56
"Mynämäki","54",105,54,51
"Mynämäki","55",125,61,64
"Mynämäki","56",121,55,66
"Mynämäki","57",117,63,54
"Mynämäki","58",149,78,71
"Mynämäki","59",111,57,54
"Mynämäki","60",109,59,50
"Mynämäki","61",131,72,59
"Mynämäki","62",107,48,59
"Mynämäki","63",107,45,62
"Mynämäki","64",106,56,50
"Mynämäki","65",104,57,47
"Mynämäki","66",135,58,77
"Mynämäki","67",137,65,72
"Mynämäki","68",119,68,51
"Mynämäki","69",97,44,53
"Mynämäki","70",109,44,65
"Mynämäki","71",100,55,45
"Mynämäki","72",112,62,50
"Mynämäki","73",118,65,53
"Mynämäki","74",120,58,62
"Mynämäki","75",94,52,42
"Mynämäki","76",94,45,49
"Mynämäki","77",61,31,30
"Mynämäki","78",64,33,31
"Mynämäki","79",75,34,41
"Mynämäki","80",50,20,30
"Mynämäki","81",51,22,29
"Mynämäki","82",49,24,25
"Mynämäki","83",52,27,25
"Mynämäki","84",54,23,31
"Mynämäki","85",42,18,24
"Mynämäki","86",38,10,28
"Mynämäki","87",36,10,26
"Mynämäki","88",23,8,15
"Mynämäki","89",31,13,18
"Mynämäki","90",26,7,19
"Mynämäki","91",27,7,20
"Mynämäki","92",16,3,13
"Mynämäki","93",15,4,11
"Mynämäki","94",12,3,9
"Mynämäki","95",2,0,2
"Mynämäki","96",5,0,5
"Mynämäki","97",4,1,3
"Mynämäki","98",1,1,0
"Mynämäki","99",4,0,4
"Mynämäki","100 -",1,0,1
"Myrskylä","0",17,7,10
"Myrskylä","1",14,6,8
"Myrskylä","2",14,4,10
"Myrskylä","3",11,6,5
"Myrskylä","4",12,5,7
"Myrskylä","5",19,8,11
"Myrskylä","6",27,10,17
"Myrskylä","7",19,11,8
"Myrskylä","8",27,10,17
"Myrskylä","9",15,8,7
"Myrskylä","10",19,9,10
"Myrskylä","11",28,18,10
"Myrskylä","12",21,10,11
"Myrskylä","13",22,6,16
"Myrskylä","14",26,8,18
"Myrskylä","15",20,11,9
"Myrskylä","16",22,14,8
"Myrskylä","17",12,8,4
"Myrskylä","18",13,7,6
"Myrskylä","19",9,3,6
"Myrskylä","20",10,7,3
"Myrskylä","21",11,7,4
"Myrskylä","22",10,7,3
"Myrskylä","23",12,7,5
"Myrskylä","24",19,12,7
"Myrskylä","25",12,7,5
"Myrskylä","26",16,9,7
"Myrskylä","27",16,8,8
"Myrskylä","28",13,7,6
"Myrskylä","29",18,11,7
"Myrskylä","30",15,5,10
"Myrskylä","31",13,6,7
"Myrskylä","32",29,16,13
"Myrskylä","33",22,14,8
"Myrskylä","34",16,7,9
"Myrskylä","35",21,7,14
"Myrskylä","36",21,10,11
"Myrskylä","37",20,8,12
"Myrskylä","38",34,18,16
"Myrskylä","39",21,15,6
"Myrskylä","40",19,7,12
"Myrskylä","41",20,10,10
"Myrskylä","42",22,10,12
"Myrskylä","43",17,11,6
"Myrskylä","44",22,11,11
"Myrskylä","45",22,9,13
"Myrskylä","46",10,5,5
"Myrskylä","47",19,11,8
"Myrskylä","48",25,14,11
"Myrskylä","49",19,10,9
"Myrskylä","50",23,13,10
"Myrskylä","51",31,15,16
"Myrskylä","52",25,12,13
"Myrskylä","53",37,16,21
"Myrskylä","54",21,12,9
"Myrskylä","55",20,9,11
"Myrskylä","56",22,15,7
"Myrskylä","57",30,16,14
"Myrskylä","58",30,12,18
"Myrskylä","59",34,19,15
"Myrskylä","60",33,17,16
"Myrskylä","61",25,13,12
"Myrskylä","62",29,14,15
"Myrskylä","63",23,11,12
"Myrskylä","64",26,14,12
"Myrskylä","65",30,13,17
"Myrskylä","66",34,15,19
"Myrskylä","67",32,15,17
"Myrskylä","68",23,10,13
"Myrskylä","69",33,18,15
"Myrskylä","70",29,13,16
"Myrskylä","71",35,15,20
"Myrskylä","72",34,15,19
"Myrskylä","73",27,15,12
"Myrskylä","74",24,13,11
"Myrskylä","75",34,15,19
"Myrskylä","76",26,10,16
"Myrskylä","77",23,9,14
"Myrskylä","78",11,6,5
"Myrskylä","79",18,8,10
"Myrskylä","80",9,6,3
"Myrskylä","81",17,6,11
"Myrskylä","82",22,10,12
"Myrskylä","83",12,6,6
"Myrskylä","84",12,5,7
"Myrskylä","85",5,2,3
"Myrskylä","86",7,3,4
"Myrskylä","87",10,2,8
"Myrskylä","88",10,2,8
"Myrskylä","89",6,4,2
"Myrskylä","90",7,3,4
"Myrskylä","91",5,1,4
"Myrskylä","92",7,3,4
"Myrskylä","93",4,0,4
"Myrskylä","94",2,0,2
"Myrskylä","95",2,0,2
"Myrskylä","96",1,0,1
"Myrskylä","97",0,0,0
"Myrskylä","98",0,0,0
"Myrskylä","99",0,0,0
"Myrskylä","100 -",0,0,0
"Mäntsälä","0",190,109,81
"Mäntsälä","1",184,93,91
"Mäntsälä","2",188,94,94
"Mäntsälä","3",212,115,97
"Mäntsälä","4",274,146,128
"Mäntsälä","5",253,128,125
"Mäntsälä","6",290,153,137
"Mäntsälä","7",257,122,135
"Mäntsälä","8",303,148,155
"Mäntsälä","9",305,155,150
"Mäntsälä","10",301,159,142
"Mäntsälä","11",336,186,150
"Mäntsälä","12",322,168,154
"Mäntsälä","13",299,142,157
"Mäntsälä","14",312,153,159
"Mäntsälä","15",297,143,154
"Mäntsälä","16",307,157,150
"Mäntsälä","17",275,135,140
"Mäntsälä","18",263,132,131
"Mäntsälä","19",217,111,106
"Mäntsälä","20",196,126,70
"Mäntsälä","21",169,99,70
"Mäntsälä","22",131,72,59
"Mäntsälä","23",143,72,71
"Mäntsälä","24",168,90,78
"Mäntsälä","25",161,87,74
"Mäntsälä","26",155,78,77
"Mäntsälä","27",176,83,93
"Mäntsälä","28",194,98,96
"Mäntsälä","29",198,92,106
"Mäntsälä","30",192,96,96
"Mäntsälä","31",209,104,105
"Mäntsälä","32",219,100,119
"Mäntsälä","33",181,99,82
"Mäntsälä","34",259,142,117
"Mäntsälä","35",259,133,126
"Mäntsälä","36",244,117,127
"Mäntsälä","37",284,157,127
"Mäntsälä","38",289,134,155
"Mäntsälä","39",259,126,133
"Mäntsälä","40",282,125,157
"Mäntsälä","41",288,137,151
"Mäntsälä","42",261,119,142
"Mäntsälä","43",286,149,137
"Mäntsälä","44",312,159,153
"Mäntsälä","45",311,144,167
"Mäntsälä","46",302,153,149
"Mäntsälä","47",293,154,139
"Mäntsälä","48",269,130,139
"Mäntsälä","49",297,154,143
"Mäntsälä","50",309,162,147
"Mäntsälä","51",279,150,129
"Mäntsälä","52",304,153,151
"Mäntsälä","53",308,178,130
"Mäntsälä","54",298,151,147
"Mäntsälä","55",292,143,149
"Mäntsälä","56",309,149,160
"Mäntsälä","57",308,157,151
"Mäntsälä","58",305,153,152
"Mäntsälä","59",298,165,133
"Mäntsälä","60",274,145,129
"Mäntsälä","61",276,126,150
"Mäntsälä","62",265,143,122
"Mäntsälä","63",248,132,116
"Mäntsälä","64",262,129,133
"Mäntsälä","65",240,110,130
"Mäntsälä","66",272,128,144
"Mäntsälä","67",260,135,125
"Mäntsälä","68",242,126,116
"Mäntsälä","69",252,119,133
"Mäntsälä","70",246,106,140
"Mäntsälä","71",244,119,125
"Mäntsälä","72",245,110,135
"Mäntsälä","73",220,111,109
"Mäntsälä","74",218,111,107
"Mäntsälä","75",192,95,97
"Mäntsälä","76",160,71,89
"Mäntsälä","77",132,60,72
"Mäntsälä","78",116,61,55
"Mäntsälä","79",149,68,81
"Mäntsälä","80",89,36,53
"Mäntsälä","81",105,50,55
"Mäntsälä","82",100,42,58
"Mäntsälä","83",83,24,59
"Mäntsälä","84",75,32,43
"Mäntsälä","85",77,39,38
"Mäntsälä","86",63,23,40
"Mäntsälä","87",59,20,39
"Mäntsälä","88",57,21,36
"Mäntsälä","89",37,20,17
"Mäntsälä","90",40,10,30
"Mäntsälä","91",26,5,21
"Mäntsälä","92",20,4,16
"Mäntsälä","93",10,3,7
"Mäntsälä","94",18,6,12
"Mäntsälä","95",11,3,8
"Mäntsälä","96",10,2,8
"Mäntsälä","97",2,0,2
"Mäntsälä","98",1,1,0
"Mäntsälä","99",2,0,2
"Mäntsälä","100 -",3,0,3
"Mänttä-Vilppula","0",67,38,29
"Mänttä-Vilppula","1",47,25,22
"Mänttä-Vilppula","2",61,30,31
"Mänttä-Vilppula","3",61,28,33
"Mänttä-Vilppula","4",58,29,29
"Mänttä-Vilppula","5",73,42,31
"Mänttä-Vilppula","6",65,34,31
"Mänttä-Vilppula","7",84,45,39
"Mänttä-Vilppula","8",83,34,49
"Mänttä-Vilppula","9",87,52,35
"Mänttä-Vilppula","10",80,44,36
"Mänttä-Vilppula","11",81,42,39
"Mänttä-Vilppula","12",102,42,60
"Mänttä-Vilppula","13",80,44,36
"Mänttä-Vilppula","14",86,38,48
"Mänttä-Vilppula","15",87,42,45
"Mänttä-Vilppula","16",88,47,41
"Mänttä-Vilppula","17",81,40,41
"Mänttä-Vilppula","18",100,53,47
"Mänttä-Vilppula","19",97,61,36
"Mänttä-Vilppula","20",70,45,25
"Mänttä-Vilppula","21",66,37,29
"Mänttä-Vilppula","22",66,38,28
"Mänttä-Vilppula","23",64,39,25
"Mänttä-Vilppula","24",64,32,32
"Mänttä-Vilppula","25",58,29,29
"Mänttä-Vilppula","26",57,28,29
"Mänttä-Vilppula","27",63,34,29
"Mänttä-Vilppula","28",98,52,46
"Mänttä-Vilppula","29",78,37,41
"Mänttä-Vilppula","30",73,41,32
"Mänttä-Vilppula","31",70,35,35
"Mänttä-Vilppula","32",73,44,29
"Mänttä-Vilppula","33",60,33,27
"Mänttä-Vilppula","34",84,38,46
"Mänttä-Vilppula","35",87,39,48
"Mänttä-Vilppula","36",80,46,34
"Mänttä-Vilppula","37",95,63,32
"Mänttä-Vilppula","38",78,38,40
"Mänttä-Vilppula","39",92,56,36
"Mänttä-Vilppula","40",84,45,39
"Mänttä-Vilppula","41",110,61,49
"Mänttä-Vilppula","42",117,61,56
"Mänttä-Vilppula","43",115,68,47
"Mänttä-Vilppula","44",103,53,50
"Mänttä-Vilppula","45",90,41,49
"Mänttä-Vilppula","46",119,62,57
"Mänttä-Vilppula","47",114,64,50
"Mänttä-Vilppula","48",104,54,50
"Mänttä-Vilppula","49",105,54,51
"Mänttä-Vilppula","50",112,63,49
"Mänttä-Vilppula","51",113,63,50
"Mänttä-Vilppula","52",132,74,58
"Mänttä-Vilppula","53",117,67,50
"Mänttä-Vilppula","54",130,66,64
"Mänttä-Vilppula","55",135,65,70
"Mänttä-Vilppula","56",123,55,68
"Mänttä-Vilppula","57",117,66,51
"Mänttä-Vilppula","58",142,63,79
"Mänttä-Vilppula","59",147,69,78
"Mänttä-Vilppula","60",169,79,90
"Mänttä-Vilppula","61",150,80,70
"Mänttä-Vilppula","62",165,88,77
"Mänttä-Vilppula","63",172,86,86
"Mänttä-Vilppula","64",192,89,103
"Mänttä-Vilppula","65",207,119,88
"Mänttä-Vilppula","66",172,74,98
"Mänttä-Vilppula","67",199,105,94
"Mänttä-Vilppula","68",200,94,106
"Mänttä-Vilppula","69",171,83,88
"Mänttä-Vilppula","70",197,108,89
"Mänttä-Vilppula","71",200,102,98
"Mänttä-Vilppula","72",181,87,94
"Mänttä-Vilppula","73",203,104,99
"Mänttä-Vilppula","74",192,88,104
"Mänttä-Vilppula","75",145,59,86
"Mänttä-Vilppula","76",124,58,66
"Mänttä-Vilppula","77",113,51,62
"Mänttä-Vilppula","78",75,30,45
"Mänttä-Vilppula","79",117,55,62
"Mänttä-Vilppula","80",109,46,63
"Mänttä-Vilppula","81",95,37,58
"Mänttä-Vilppula","82",103,39,64
"Mänttä-Vilppula","83",99,45,54
"Mänttä-Vilppula","84",82,24,58
"Mänttä-Vilppula","85",81,25,56
"Mänttä-Vilppula","86",56,25,31
"Mänttä-Vilppula","87",48,20,28
"Mänttä-Vilppula","88",47,17,30
"Mänttä-Vilppula","89",43,13,30
"Mänttä-Vilppula","90",47,16,31
"Mänttä-Vilppula","91",32,7,25
"Mänttä-Vilppula","92",40,8,32
"Mänttä-Vilppula","93",16,3,13
"Mänttä-Vilppula","94",21,5,16
"Mänttä-Vilppula","95",8,1,7
"Mänttä-Vilppula","96",8,2,6
"Mänttä-Vilppula","97",5,1,4
"Mänttä-Vilppula","98",7,1,6
"Mänttä-Vilppula","99",1,0,1
"Mänttä-Vilppula","100 -",8,0,8
"Mäntyharju","0",15,8,7
"Mäntyharju","1",31,15,16
"Mäntyharju","2",35,14,21
"Mäntyharju","3",38,19,19
"Mäntyharju","4",32,12,20
"Mäntyharju","5",46,25,21
"Mäntyharju","6",44,26,18
"Mäntyharju","7",59,29,30
"Mäntyharju","8",40,26,14
"Mäntyharju","9",44,21,23
"Mäntyharju","10",54,24,30
"Mäntyharju","11",46,22,24
"Mäntyharju","12",62,31,31
"Mäntyharju","13",49,22,27
"Mäntyharju","14",41,22,19
"Mäntyharju","15",65,34,31
"Mäntyharju","16",42,17,25
"Mäntyharju","17",58,26,32
"Mäntyharju","18",39,22,17
"Mäntyharju","19",51,33,18
"Mäntyharju","20",32,18,14
"Mäntyharju","21",32,21,11
"Mäntyharju","22",32,23,9
"Mäntyharju","23",30,17,13
"Mäntyharju","24",36,16,20
"Mäntyharju","25",33,19,14
"Mäntyharju","26",37,24,13
"Mäntyharju","27",30,18,12
"Mäntyharju","28",27,15,12
"Mäntyharju","29",35,16,19
"Mäntyharju","30",43,22,21
"Mäntyharju","31",39,21,18
"Mäntyharju","32",36,16,20
"Mäntyharju","33",39,22,17
"Mäntyharju","34",47,25,22
"Mäntyharju","35",46,34,12
"Mäntyharju","36",39,19,20
"Mäntyharju","37",62,25,37
"Mäntyharju","38",45,25,20
"Mäntyharju","39",46,29,17
"Mäntyharju","40",51,23,28
"Mäntyharju","41",41,23,18
"Mäntyharju","42",52,23,29
"Mäntyharju","43",52,23,29
"Mäntyharju","44",50,23,27
"Mäntyharju","45",54,28,26
"Mäntyharju","46",52,24,28
"Mäntyharju","47",52,26,26
"Mäntyharju","48",56,30,26
"Mäntyharju","49",64,35,29
"Mäntyharju","50",62,31,31
"Mäntyharju","51",62,36,26
"Mäntyharju","52",60,36,24
"Mäntyharju","53",74,35,39
"Mäntyharju","54",85,46,39
"Mäntyharju","55",89,34,55
"Mäntyharju","56",97,44,53
"Mäntyharju","57",102,55,47
"Mäntyharju","58",94,50,44
"Mäntyharju","59",88,49,39
"Mäntyharju","60",114,61,53
"Mäntyharju","61",104,66,38
"Mäntyharju","62",93,52,41
"Mäntyharju","63",121,62,59
"Mäntyharju","64",124,78,46
"Mäntyharju","65",121,63,58
"Mäntyharju","66",103,48,55
"Mäntyharju","67",118,66,52
"Mäntyharju","68",135,63,72
"Mäntyharju","69",113,60,53
"Mäntyharju","70",126,56,70
"Mäntyharju","71",132,66,66
"Mäntyharju","72",112,51,61
"Mäntyharju","73",125,57,68
"Mäntyharju","74",102,50,52
"Mäntyharju","75",96,47,49
"Mäntyharju","76",63,26,37
"Mäntyharju","77",77,34,43
"Mäntyharju","78",65,34,31
"Mäntyharju","79",79,38,41
"Mäntyharju","80",55,27,28
"Mäntyharju","81",55,23,32
"Mäntyharju","82",66,30,36
"Mäntyharju","83",59,24,35
"Mäntyharju","84",58,19,39
"Mäntyharju","85",46,14,32
"Mäntyharju","86",40,16,24
"Mäntyharju","87",27,13,14
"Mäntyharju","88",25,9,16
"Mäntyharju","89",33,11,22
"Mäntyharju","90",18,9,9
"Mäntyharju","91",21,4,17
"Mäntyharju","92",19,5,14
"Mäntyharju","93",10,1,9
"Mäntyharju","94",11,1,10
"Mäntyharju","95",3,1,2
"Mäntyharju","96",5,0,5
"Mäntyharju","97",3,1,2
"Mäntyharju","98",4,1,3
"Mäntyharju","99",0,0,0
"Mäntyharju","100 -",1,0,1
"Naantali","0",129,66,63
"Naantali","1",131,69,62
"Naantali","2",131,60,71
"Naantali","3",149,89,60
"Naantali","4",190,91,99
"Naantali","5",190,107,83
"Naantali","6",199,93,106
"Naantali","7",196,105,91
"Naantali","8",181,105,76
"Naantali","9",217,110,107
"Naantali","10",213,96,117
"Naantali","11",222,119,103
"Naantali","12",253,119,134
"Naantali","13",232,122,110
"Naantali","14",247,130,117
"Naantali","15",237,116,121
"Naantali","16",216,113,103
"Naantali","17",250,133,117
"Naantali","18",200,106,94
"Naantali","19",183,104,79
"Naantali","20",138,85,53
"Naantali","21",117,66,51
"Naantali","22",98,54,44
"Naantali","23",113,59,54
"Naantali","24",123,63,60
"Naantali","25",145,76,69
"Naantali","26",171,85,86
"Naantali","27",153,73,80
"Naantali","28",157,90,67
"Naantali","29",139,71,68
"Naantali","30",150,72,78
"Naantali","31",178,87,91
"Naantali","32",183,104,79
"Naantali","33",196,101,95
"Naantali","34",191,104,87
"Naantali","35",203,98,105
"Naantali","36",185,89,96
"Naantali","37",214,97,117
"Naantali","38",228,106,122
"Naantali","39",203,88,115
"Naantali","40",229,105,124
"Naantali","41",242,117,125
"Naantali","42",232,112,120
"Naantali","43",275,137,138
"Naantali","44",260,124,136
"Naantali","45",296,133,163
"Naantali","46",224,119,105
"Naantali","47",240,122,118
"Naantali","48",253,117,136
"Naantali","49",245,129,116
"Naantali","50",282,127,155
"Naantali","51",298,130,168
"Naantali","52",316,164,152
"Naantali","53",328,167,161
"Naantali","54",286,128,158
"Naantali","55",299,139,160
"Naantali","56",323,157,166
"Naantali","57",326,153,173
"Naantali","58",292,133,159
"Naantali","59",293,151,142
"Naantali","60",317,154,163
"Naantali","61",284,143,141
"Naantali","62",313,158,155
"Naantali","63",277,126,151
"Naantali","64",328,160,168
"Naantali","65",297,136,161
"Naantali","66",294,142,152
"Naantali","67",323,150,173
"Naantali","68",300,142,158
"Naantali","69",309,167,142
"Naantali","70",291,137,154
"Naantali","71",294,128,166
"Naantali","72",311,154,157
"Naantali","73",322,146,176
"Naantali","74",292,140,152
"Naantali","75",237,104,133
"Naantali","76",199,84,115
"Naantali","77",211,97,114
"Naantali","78",148,67,81
"Naantali","79",170,68,102
"Naantali","80",125,58,67
"Naantali","81",147,58,89
"Naantali","82",119,54,65
"Naantali","83",113,49,64
"Naantali","84",93,32,61
"Naantali","85",84,36,48
"Naantali","86",75,30,45
"Naantali","87",64,24,40
"Naantali","88",56,17,39
"Naantali","89",43,16,27
"Naantali","90",57,20,37
"Naantali","91",37,8,29
"Naantali","92",30,8,22
"Naantali","93",24,10,14
"Naantali","94",15,5,10
"Naantali","95",12,2,10
"Naantali","96",7,2,5
"Naantali","97",6,0,6
"Naantali","98",4,1,3
"Naantali","99",4,1,3
"Naantali","100 -",5,1,4
"Nakkila","0",36,13,23
"Nakkila","1",40,23,17
"Nakkila","2",31,13,18
"Nakkila","3",26,15,11
"Nakkila","4",44,18,26
"Nakkila","5",52,29,23
"Nakkila","6",60,26,34
"Nakkila","7",58,31,27
"Nakkila","8",57,25,32
"Nakkila","9",63,34,29
"Nakkila","10",54,25,29
"Nakkila","11",64,26,38
"Nakkila","12",63,35,28
"Nakkila","13",55,25,30
"Nakkila","14",75,39,36
"Nakkila","15",63,36,27
"Nakkila","16",63,27,36
"Nakkila","17",66,26,40
"Nakkila","18",61,36,25
"Nakkila","19",46,27,19
"Nakkila","20",34,21,13
"Nakkila","21",45,26,19
"Nakkila","22",29,16,13
"Nakkila","23",37,21,16
"Nakkila","24",48,27,21
"Nakkila","25",37,18,19
"Nakkila","26",38,22,16
"Nakkila","27",47,28,19
"Nakkila","28",52,26,26
"Nakkila","29",48,21,27
"Nakkila","30",35,16,19
"Nakkila","31",50,29,21
"Nakkila","32",56,28,28
"Nakkila","33",47,26,21
"Nakkila","34",37,17,20
"Nakkila","35",65,41,24
"Nakkila","36",50,28,22
"Nakkila","37",71,32,39
"Nakkila","38",58,30,28
"Nakkila","39",43,21,22
"Nakkila","40",65,32,33
"Nakkila","41",60,24,36
"Nakkila","42",79,47,32
"Nakkila","43",73,40,33
"Nakkila","44",53,25,28
"Nakkila","45",60,34,26
"Nakkila","46",50,31,19
"Nakkila","47",56,31,25
"Nakkila","48",61,24,37
"Nakkila","49",59,28,31
"Nakkila","50",75,37,38
"Nakkila","51",89,53,36
"Nakkila","52",60,37,23
"Nakkila","53",76,40,36
"Nakkila","54",87,43,44
"Nakkila","55",75,35,40
"Nakkila","56",84,48,36
"Nakkila","57",72,40,32
"Nakkila","58",80,36,44
"Nakkila","59",72,40,32
"Nakkila","60",64,36,28
"Nakkila","61",69,28,41
"Nakkila","62",60,31,29
"Nakkila","63",74,35,39
"Nakkila","64",91,41,50
"Nakkila","65",69,33,36
"Nakkila","66",75,33,42
"Nakkila","67",65,32,33
"Nakkila","68",78,42,36
"Nakkila","69",80,45,35
"Nakkila","70",68,32,36
"Nakkila","71",106,57,49
"Nakkila","72",89,42,47
"Nakkila","73",81,46,35
"Nakkila","74",98,49,49
"Nakkila","75",77,34,43
"Nakkila","76",56,23,33
"Nakkila","77",58,21,37
"Nakkila","78",47,21,26
"Nakkila","79",60,30,30
"Nakkila","80",49,21,28
"Nakkila","81",48,25,23
"Nakkila","82",39,8,31
"Nakkila","83",36,17,19
"Nakkila","84",45,17,28
"Nakkila","85",23,10,13
"Nakkila","86",27,5,22
"Nakkila","87",29,9,20
"Nakkila","88",21,11,10
"Nakkila","89",14,6,8
"Nakkila","90",12,4,8
"Nakkila","91",20,7,13
"Nakkila","92",16,6,10
"Nakkila","93",5,1,4
"Nakkila","94",4,2,2
"Nakkila","95",5,1,4
"Nakkila","96",2,1,1
"Nakkila","97",2,2,0
"Nakkila","98",3,0,3
"Nakkila","99",1,1,0
"Nakkila","100 -",0,0,0
"Nivala","0",118,64,54
"Nivala","1",112,58,54
"Nivala","2",132,61,71
"Nivala","3",135,68,67
"Nivala","4",132,70,62
"Nivala","5",155,91,64
"Nivala","6",157,74,83
"Nivala","7",177,90,87
"Nivala","8",180,90,90
"Nivala","9",181,84,97
"Nivala","10",186,99,87
"Nivala","11",183,93,90
"Nivala","12",174,85,89
"Nivala","13",169,83,86
"Nivala","14",170,92,78
"Nivala","15",165,81,84
"Nivala","16",155,79,76
"Nivala","17",165,84,81
"Nivala","18",156,79,77
"Nivala","19",122,81,41
"Nivala","20",102,66,36
"Nivala","21",90,54,36
"Nivala","22",77,46,31
"Nivala","23",96,60,36
"Nivala","24",93,56,37
"Nivala","25",104,54,50
"Nivala","26",99,51,48
"Nivala","27",107,52,55
"Nivala","28",119,69,50
"Nivala","29",82,51,31
"Nivala","30",100,62,38
"Nivala","31",113,58,55
"Nivala","32",92,50,42
"Nivala","33",117,52,65
"Nivala","34",128,62,66
"Nivala","35",121,61,60
"Nivala","36",136,73,63
"Nivala","37",141,80,61
"Nivala","38",126,73,53
"Nivala","39",134,72,62
"Nivala","40",133,70,63
"Nivala","41",117,66,51
"Nivala","42",119,63,56
"Nivala","43",96,49,47
"Nivala","44",105,51,54
"Nivala","45",106,55,51
"Nivala","46",96,53,43
"Nivala","47",84,46,38
"Nivala","48",113,69,44
"Nivala","49",102,54,48
"Nivala","50",93,59,34
"Nivala","51",97,52,45
"Nivala","52",96,47,49
"Nivala","53",112,58,54
"Nivala","54",118,60,58
"Nivala","55",113,52,61
"Nivala","56",97,51,46
"Nivala","57",93,54,39
"Nivala","58",108,54,54
"Nivala","59",134,58,76
"Nivala","60",121,61,60
"Nivala","61",127,56,71
"Nivala","62",118,47,71
"Nivala","63",117,61,56
"Nivala","64",135,73,62
"Nivala","65",153,75,78
"Nivala","66",146,80,66
"Nivala","67",141,71,70
"Nivala","68",156,82,74
"Nivala","69",125,52,73
"Nivala","70",159,90,69
"Nivala","71",140,68,72
"Nivala","72",123,54,69
"Nivala","73",114,52,62
"Nivala","74",112,67,45
"Nivala","75",121,56,65
"Nivala","76",64,26,38
"Nivala","77",89,44,45
"Nivala","78",49,23,26
"Nivala","79",86,34,52
"Nivala","80",62,25,37
"Nivala","81",80,38,42
"Nivala","82",71,31,40
"Nivala","83",66,32,34
"Nivala","84",56,20,36
"Nivala","85",54,25,29
"Nivala","86",39,16,23
"Nivala","87",38,18,20
"Nivala","88",40,14,26
"Nivala","89",39,14,25
"Nivala","90",26,6,20
"Nivala","91",27,10,17
"Nivala","92",22,6,16
"Nivala","93",7,2,5
"Nivala","94",5,1,4
"Nivala","95",14,2,12
"Nivala","96",9,0,9
"Nivala","97",7,1,6
"Nivala","98",6,0,6
"Nivala","99",0,0,0
"Nivala","100 -",3,1,2
"Nokia","0",301,148,153
"Nokia","1",316,164,152
"Nokia","2",333,185,148
"Nokia","3",361,171,190
"Nokia","4",362,191,171
"Nokia","5",410,208,202
"Nokia","6",425,225,200
"Nokia","7",469,244,225
"Nokia","8",483,236,247
"Nokia","9",463,240,223
"Nokia","10",452,230,222
"Nokia","11",516,269,247
"Nokia","12",498,234,264
"Nokia","13",501,274,227
"Nokia","14",469,226,243
"Nokia","15",448,224,224
"Nokia","16",449,233,216
"Nokia","17",407,205,202
"Nokia","18",362,180,182
"Nokia","19",345,203,142
"Nokia","20",297,169,128
"Nokia","21",285,161,124
"Nokia","22",245,139,106
"Nokia","23",265,148,117
"Nokia","24",280,154,126
"Nokia","25",253,146,107
"Nokia","26",286,167,119
"Nokia","27",327,170,157
"Nokia","28",350,165,185
"Nokia","29",350,184,166
"Nokia","30",388,196,192
"Nokia","31",395,172,223
"Nokia","32",400,214,186
"Nokia","33",393,197,196
"Nokia","34",415,204,211
"Nokia","35",450,218,232
"Nokia","36",526,256,270
"Nokia","37",499,244,255
"Nokia","38",531,248,283
"Nokia","39",488,237,251
"Nokia","40",514,257,257
"Nokia","41",511,259,252
"Nokia","42",489,262,227
"Nokia","43",523,255,268
"Nokia","44",553,296,257
"Nokia","45",551,280,271
"Nokia","46",472,252,220
"Nokia","47",466,246,220
"Nokia","48",465,253,212
"Nokia","49",456,216,240
"Nokia","50",472,243,229
"Nokia","51",422,246,176
"Nokia","52",461,232,229
"Nokia","53",470,235,235
"Nokia","54",467,236,231
"Nokia","55",451,246,205
"Nokia","56",440,231,209
"Nokia","57",432,219,213
"Nokia","58",414,198,216
"Nokia","59",420,210,210
"Nokia","60",418,204,214
"Nokia","61",418,223,195
"Nokia","62",388,189,199
"Nokia","63",397,195,202
"Nokia","64",449,214,235
"Nokia","65",421,196,225
"Nokia","66",430,195,235
"Nokia","67",377,182,195
"Nokia","68",397,203,194
"Nokia","69",397,191,206
"Nokia","70",445,216,229
"Nokia","71",477,212,265
"Nokia","72",443,192,251
"Nokia","73",399,166,233
"Nokia","74",388,176,212
"Nokia","75",360,173,187
"Nokia","76",251,112,139
"Nokia","77",242,111,131
"Nokia","78",197,95,102
"Nokia","79",258,120,138
"Nokia","80",159,75,84
"Nokia","81",188,82,106
"Nokia","82",164,68,96
"Nokia","83",155,62,93
"Nokia","84",156,56,100
"Nokia","85",147,49,98
"Nokia","86",132,41,91
"Nokia","87",100,30,70
"Nokia","88",96,29,67
"Nokia","89",96,37,59
"Nokia","90",83,18,65
"Nokia","91",59,11,48
"Nokia","92",41,8,33
"Nokia","93",29,6,23
"Nokia","94",24,3,21
"Nokia","95",17,1,16
"Nokia","96",15,2,13
"Nokia","97",7,1,6
"Nokia","98",10,1,9
"Nokia","99",3,1,2
"Nokia","100 -",1,0,1
"Nousiainen","0",41,18,23
"Nousiainen","1",38,25,13
"Nousiainen","2",38,20,18
"Nousiainen","3",48,30,18
"Nousiainen","4",49,22,27
"Nousiainen","5",65,28,37
"Nousiainen","6",52,24,28
"Nousiainen","7",78,46,32
"Nousiainen","8",57,22,35
"Nousiainen","9",75,38,37
"Nousiainen","10",72,40,32
"Nousiainen","11",65,39,26
"Nousiainen","12",70,40,30
"Nousiainen","13",75,37,38
"Nousiainen","14",70,33,37
"Nousiainen","15",74,41,33
"Nousiainen","16",59,33,26
"Nousiainen","17",68,43,25
"Nousiainen","18",47,24,23
"Nousiainen","19",56,31,25
"Nousiainen","20",26,15,11
"Nousiainen","21",25,15,10
"Nousiainen","22",24,14,10
"Nousiainen","23",30,14,16
"Nousiainen","24",26,19,7
"Nousiainen","25",26,15,11
"Nousiainen","26",36,19,17
"Nousiainen","27",39,19,20
"Nousiainen","28",53,29,24
"Nousiainen","29",55,28,27
"Nousiainen","30",36,20,16
"Nousiainen","31",44,22,22
"Nousiainen","32",46,18,28
"Nousiainen","33",55,33,22
"Nousiainen","34",41,21,20
"Nousiainen","35",62,20,42
"Nousiainen","36",60,30,30
"Nousiainen","37",66,32,34
"Nousiainen","38",81,40,41
"Nousiainen","39",61,33,28
"Nousiainen","40",74,36,38
"Nousiainen","41",69,35,34
"Nousiainen","42",97,53,44
"Nousiainen","43",78,42,36
"Nousiainen","44",76,36,40
"Nousiainen","45",70,31,39
"Nousiainen","46",64,31,33
"Nousiainen","47",57,25,32
"Nousiainen","48",52,27,25
"Nousiainen","49",57,37,20
"Nousiainen","50",59,24,35
"Nousiainen","51",52,27,25
"Nousiainen","52",77,46,31
"Nousiainen","53",58,34,24
"Nousiainen","54",71,34,37
"Nousiainen","55",59,31,28
"Nousiainen","56",70,36,34
"Nousiainen","57",60,33,27
"Nousiainen","58",65,33,32
"Nousiainen","59",63,35,28
"Nousiainen","60",57,33,24
"Nousiainen","61",63,29,34
"Nousiainen","62",63,35,28
"Nousiainen","63",58,26,32
"Nousiainen","64",66,36,30
"Nousiainen","65",64,27,37
"Nousiainen","66",68,35,33
"Nousiainen","67",59,31,28
"Nousiainen","68",75,39,36
"Nousiainen","69",59,34,25
"Nousiainen","70",51,26,25
"Nousiainen","71",50,21,29
"Nousiainen","72",55,24,31
"Nousiainen","73",50,23,27
"Nousiainen","74",52,30,22
"Nousiainen","75",35,18,17
"Nousiainen","76",35,17,18
"Nousiainen","77",34,17,17
"Nousiainen","78",25,10,15
"Nousiainen","79",34,18,16
"Nousiainen","80",18,10,8
"Nousiainen","81",23,10,13
"Nousiainen","82",20,12,8
"Nousiainen","83",15,6,9
"Nousiainen","84",20,12,8
"Nousiainen","85",21,7,14
"Nousiainen","86",12,3,9
"Nousiainen","87",7,0,7
"Nousiainen","88",12,6,6
"Nousiainen","89",18,7,11
"Nousiainen","90",14,8,6
"Nousiainen","91",10,5,5
"Nousiainen","92",9,2,7
"Nousiainen","93",6,3,3
"Nousiainen","94",6,2,4
"Nousiainen","95",3,0,3
"Nousiainen","96",4,1,3
"Nousiainen","97",2,2,0
"Nousiainen","98",2,1,1
"Nousiainen","99",0,0,0
"Nousiainen","100 -",1,0,1
"Nurmes","0",46,31,15
"Nurmes","1",44,21,23
"Nurmes","2",69,34,35
"Nurmes","3",59,26,33
"Nurmes","4",63,26,37
"Nurmes","5",68,30,38
"Nurmes","6",82,38,44
"Nurmes","7",77,39,38
"Nurmes","8",79,47,32
"Nurmes","9",84,40,44
"Nurmes","10",75,37,38
"Nurmes","11",87,40,47
"Nurmes","12",70,36,34
"Nurmes","13",91,53,38
"Nurmes","14",93,51,42
"Nurmes","15",104,60,44
"Nurmes","16",91,41,50
"Nurmes","17",90,42,48
"Nurmes","18",93,51,42
"Nurmes","19",77,55,22
"Nurmes","20",60,35,25
"Nurmes","21",58,33,25
"Nurmes","22",51,34,17
"Nurmes","23",53,32,21
"Nurmes","24",52,33,19
"Nurmes","25",62,34,28
"Nurmes","26",71,37,34
"Nurmes","27",76,37,39
"Nurmes","28",79,43,36
"Nurmes","29",81,43,38
"Nurmes","30",87,46,41
"Nurmes","31",72,38,34
"Nurmes","32",75,43,32
"Nurmes","33",82,47,35
"Nurmes","34",105,61,44
"Nurmes","35",82,47,35
"Nurmes","36",83,38,45
"Nurmes","37",87,49,38
"Nurmes","38",102,48,54
"Nurmes","39",78,35,43
"Nurmes","40",89,42,47
"Nurmes","41",87,46,41
"Nurmes","42",96,52,44
"Nurmes","43",78,49,29
"Nurmes","44",83,48,35
"Nurmes","45",87,54,33
"Nurmes","46",93,48,45
"Nurmes","47",61,29,32
"Nurmes","48",77,46,31
"Nurmes","49",108,55,53
"Nurmes","50",88,42,46
"Nurmes","51",101,55,46
"Nurmes","52",103,55,48
"Nurmes","53",112,54,58
"Nurmes","54",119,60,59
"Nurmes","55",135,68,67
"Nurmes","56",136,79,57
"Nurmes","57",148,73,75
"Nurmes","58",185,96,89
"Nurmes","59",159,68,91
"Nurmes","60",192,90,102
"Nurmes","61",167,90,77
"Nurmes","62",180,96,84
"Nurmes","63",164,77,87
"Nurmes","64",211,103,108
"Nurmes","65",217,106,111
"Nurmes","66",191,97,94
"Nurmes","67",193,107,86
"Nurmes","68",188,105,83
"Nurmes","69",190,105,85
"Nurmes","70",186,98,88
"Nurmes","71",199,102,97
"Nurmes","72",176,85,91
"Nurmes","73",199,101,98
"Nurmes","74",140,63,77
"Nurmes","75",166,85,81
"Nurmes","76",116,49,67
"Nurmes","77",92,45,47
"Nurmes","78",94,46,48
"Nurmes","79",131,55,76
"Nurmes","80",102,33,69
"Nurmes","81",87,39,48
"Nurmes","82",97,39,58
"Nurmes","83",89,49,40
"Nurmes","84",83,34,49
"Nurmes","85",71,30,41
"Nurmes","86",72,27,45
"Nurmes","87",62,18,44
"Nurmes","88",53,20,33
"Nurmes","89",37,13,24
"Nurmes","90",42,21,21
"Nurmes","91",35,10,25
"Nurmes","92",34,12,22
"Nurmes","93",18,4,14
"Nurmes","94",12,4,8
"Nurmes","95",11,1,10
"Nurmes","96",9,2,7
"Nurmes","97",2,0,2
"Nurmes","98",3,0,3
"Nurmes","99",3,0,3
"Nurmes","100 -",4,2,2
"Nurmijärvi","0",405,205,200
"Nurmijärvi","1",439,223,216
"Nurmijärvi","2",432,225,207
"Nurmijärvi","3",464,236,228
"Nurmijärvi","4",524,252,272
"Nurmijärvi","5",585,286,299
"Nurmijärvi","6",621,296,325
"Nurmijärvi","7",603,328,275
"Nurmijärvi","8",611,310,301
"Nurmijärvi","9",634,332,302
"Nurmijärvi","10",624,334,290
"Nurmijärvi","11",685,341,344
"Nurmijärvi","12",676,365,311
"Nurmijärvi","13",653,334,319
"Nurmijärvi","14",677,325,352
"Nurmijärvi","15",638,317,321
"Nurmijärvi","16",663,365,298
"Nurmijärvi","17",620,311,309
"Nurmijärvi","18",606,325,281
"Nurmijärvi","19",531,313,218
"Nurmijärvi","20",456,262,194
"Nurmijärvi","21",383,224,159
"Nurmijärvi","22",336,198,138
"Nurmijärvi","23",337,178,159
"Nurmijärvi","24",346,195,151
"Nurmijärvi","25",357,202,155
"Nurmijärvi","26",432,233,199
"Nurmijärvi","27",406,203,203
"Nurmijärvi","28",468,236,232
"Nurmijärvi","29",437,238,199
"Nurmijärvi","30",449,237,212
"Nurmijärvi","31",509,254,255
"Nurmijärvi","32",464,225,239
"Nurmijärvi","33",481,237,244
"Nurmijärvi","34",484,271,213
"Nurmijärvi","35",493,245,248
"Nurmijärvi","36",540,250,290
"Nurmijärvi","37",556,276,280
"Nurmijärvi","38",609,305,304
"Nurmijärvi","39",600,305,295
"Nurmijärvi","40",585,288,297
"Nurmijärvi","41",606,301,305
"Nurmijärvi","42",608,307,301
"Nurmijärvi","43",668,317,351
"Nurmijärvi","44",633,322,311
"Nurmijärvi","45",698,335,363
"Nurmijärvi","46",683,328,355
"Nurmijärvi","47",552,290,262
"Nurmijärvi","48",667,343,324
"Nurmijärvi","49",639,321,318
"Nurmijärvi","50",668,340,328
"Nurmijärvi","51",634,324,310
"Nurmijärvi","52",731,389,342
"Nurmijärvi","53",717,375,342
"Nurmijärvi","54",686,353,333
"Nurmijärvi","55",646,365,281
"Nurmijärvi","56",663,341,322
"Nurmijärvi","57",675,330,345
"Nurmijärvi","58",576,286,290
"Nurmijärvi","59",575,295,280
"Nurmijärvi","60",524,257,267
"Nurmijärvi","61",524,268,256
"Nurmijärvi","62",481,244,237
"Nurmijärvi","63",485,228,257
"Nurmijärvi","64",465,237,228
"Nurmijärvi","65",433,214,219
"Nurmijärvi","66",469,203,266
"Nurmijärvi","67",451,227,224
"Nurmijärvi","68",424,214,210
"Nurmijärvi","69",450,192,258
"Nurmijärvi","70",413,209,204
"Nurmijärvi","71",454,200,254
"Nurmijärvi","72",438,204,234
"Nurmijärvi","73",413,193,220
"Nurmijärvi","74",438,206,232
"Nurmijärvi","75",397,177,220
"Nurmijärvi","76",277,133,144
"Nurmijärvi","77",285,120,165
"Nurmijärvi","78",210,99,111
"Nurmijärvi","79",290,132,158
"Nurmijärvi","80",203,102,101
"Nurmijärvi","81",215,92,123
"Nurmijärvi","82",185,78,107
"Nurmijärvi","83",168,62,106
"Nurmijärvi","84",155,55,100
"Nurmijärvi","85",112,41,71
"Nurmijärvi","86",111,49,62
"Nurmijärvi","87",88,30,58
"Nurmijärvi","88",82,30,52
"Nurmijärvi","89",69,22,47
"Nurmijärvi","90",57,14,43
"Nurmijärvi","91",48,15,33
"Nurmijärvi","92",29,6,23
"Nurmijärvi","93",22,6,16
"Nurmijärvi","94",15,2,13
"Nurmijärvi","95",12,1,11
"Nurmijärvi","96",9,0,9
"Nurmijärvi","97",7,0,7
"Nurmijärvi","98",4,2,2
"Nurmijärvi","99",6,0,6
"Nurmijärvi","100 -",1,0,1
"Närpiö","0",94,43,51
"Närpiö","1",87,42,45
"Närpiö","2",108,52,56
"Närpiö","3",98,59,39
"Närpiö","4",112,50,62
"Närpiö","5",104,50,54
"Närpiö","6",111,56,55
"Närpiö","7",93,54,39
"Närpiö","8",100,45,55
"Närpiö","9",106,56,50
"Närpiö","10",109,54,55
"Närpiö","11",87,42,45
"Närpiö","12",102,53,49
"Närpiö","13",98,61,37
"Närpiö","14",98,50,48
"Närpiö","15",86,48,38
"Närpiö","16",81,41,40
"Närpiö","17",85,45,40
"Närpiö","18",94,49,45
"Närpiö","19",74,38,36
"Närpiö","20",62,38,24
"Närpiö","21",61,37,24
"Närpiö","22",71,35,36
"Närpiö","23",75,42,33
"Närpiö","24",75,50,25
"Närpiö","25",100,51,49
"Närpiö","26",115,62,53
"Närpiö","27",107,53,54
"Närpiö","28",97,53,44
"Närpiö","29",96,55,41
"Närpiö","30",124,66,58
"Närpiö","31",136,83,53
"Närpiö","32",120,62,58
"Närpiö","33",112,57,55
"Närpiö","34",101,47,54
"Närpiö","35",104,50,54
"Närpiö","36",118,61,57
"Närpiö","37",130,75,55
"Närpiö","38",102,58,44
"Närpiö","39",106,59,47
"Närpiö","40",108,63,45
"Närpiö","41",108,55,53
"Närpiö","42",96,47,49
"Närpiö","43",102,46,56
"Närpiö","44",98,46,52
"Närpiö","45",113,65,48
"Närpiö","46",119,63,56
"Närpiö","47",119,61,58
"Närpiö","48",103,53,50
"Närpiö","49",107,52,55
"Närpiö","50",109,52,57
"Närpiö","51",118,69,49
"Närpiö","52",119,61,58
"Närpiö","53",115,63,52
"Närpiö","54",128,61,67
"Närpiö","55",129,59,70
"Närpiö","56",109,66,43
"Närpiö","57",129,80,49
"Närpiö","58",131,76,55
"Närpiö","59",134,58,76
"Närpiö","60",121,61,60
"Närpiö","61",120,53,67
"Närpiö","62",99,50,49
"Närpiö","63",111,62,49
"Närpiö","64",130,67,63
"Närpiö","65",123,64,59
"Närpiö","66",121,54,67
"Närpiö","67",136,71,65
"Närpiö","68",144,84,60
"Närpiö","69",120,63,57
"Närpiö","70",122,62,60
"Närpiö","71",132,75,57
"Närpiö","72",148,65,83
"Närpiö","73",136,70,66
"Närpiö","74",157,70,87
"Närpiö","75",131,71,60
"Närpiö","76",107,48,59
"Närpiö","77",104,50,54
"Närpiö","78",89,47,42
"Närpiö","79",122,62,60
"Närpiö","80",57,28,29
"Närpiö","81",71,35,36
"Närpiö","82",80,32,48
"Närpiö","83",65,23,42
"Närpiö","84",68,31,37
"Närpiö","85",80,35,45
"Närpiö","86",46,15,31
"Närpiö","87",64,31,33
"Närpiö","88",52,21,31
"Närpiö","89",42,13,29
"Närpiö","90",41,13,28
"Närpiö","91",42,14,28
"Närpiö","92",40,15,25
"Närpiö","93",30,13,17
"Närpiö","94",16,5,11
"Närpiö","95",16,6,10
"Närpiö","96",11,0,11
"Närpiö","97",15,5,10
"Närpiö","98",5,0,5
"Närpiö","99",6,4,2
"Närpiö","100 -",5,1,4
"Orimattila","0",133,70,63
"Orimattila","1",133,73,60
"Orimattila","2",126,69,57
"Orimattila","3",138,78,60
"Orimattila","4",173,93,80
"Orimattila","5",180,83,97
"Orimattila","6",174,98,76
"Orimattila","7",187,101,86
"Orimattila","8",196,105,91
"Orimattila","9",185,94,91
"Orimattila","10",200,95,105
"Orimattila","11",180,88,92
"Orimattila","12",220,130,90
"Orimattila","13",188,91,97
"Orimattila","14",199,93,106
"Orimattila","15",214,105,109
"Orimattila","16",216,114,102
"Orimattila","17",189,105,84
"Orimattila","18",139,76,63
"Orimattila","19",144,66,78
"Orimattila","20",105,66,39
"Orimattila","21",106,59,47
"Orimattila","22",100,65,35
"Orimattila","23",96,47,49
"Orimattila","24",119,60,59
"Orimattila","25",120,59,61
"Orimattila","26",125,64,61
"Orimattila","27",137,74,63
"Orimattila","28",131,62,69
"Orimattila","29",142,70,72
"Orimattila","30",159,78,81
"Orimattila","31",144,86,58
"Orimattila","32",144,69,75
"Orimattila","33",144,66,78
"Orimattila","34",139,71,68
"Orimattila","35",174,85,89
"Orimattila","36",187,101,86
"Orimattila","37",196,93,103
"Orimattila","38",193,105,88
"Orimattila","39",188,87,101
"Orimattila","40",173,84,89
"Orimattila","41",197,108,89
"Orimattila","42",221,105,116
"Orimattila","43",230,123,107
"Orimattila","44",207,99,108
"Orimattila","45",214,121,93
"Orimattila","46",210,110,100
"Orimattila","47",185,109,76
"Orimattila","48",195,92,103
"Orimattila","49",217,115,102
"Orimattila","50",221,99,122
"Orimattila","51",191,110,81
"Orimattila","52",220,101,119
"Orimattila","53",201,112,89
"Orimattila","54",260,119,141
"Orimattila","55",241,141,100
"Orimattila","56",246,120,126
"Orimattila","57",249,125,124
"Orimattila","58",224,134,90
"Orimattila","59",227,118,109
"Orimattila","60",251,118,133
"Orimattila","61",235,114,121
"Orimattila","62",219,115,104
"Orimattila","63",204,96,108
"Orimattila","64",219,95,124
"Orimattila","65",216,112,104
"Orimattila","66",204,117,87
"Orimattila","67",216,113,103
"Orimattila","68",251,113,138
"Orimattila","69",261,129,132
"Orimattila","70",227,112,115
"Orimattila","71",242,124,118
"Orimattila","72",272,141,131
"Orimattila","73",228,110,118
"Orimattila","74",212,97,115
"Orimattila","75",200,91,109
"Orimattila","76",153,69,84
"Orimattila","77",129,60,69
"Orimattila","78",107,49,58
"Orimattila","79",123,59,64
"Orimattila","80",115,48,67
"Orimattila","81",112,51,61
"Orimattila","82",123,49,74
"Orimattila","83",108,40,68
"Orimattila","84",78,32,46
"Orimattila","85",69,32,37
"Orimattila","86",66,17,49
"Orimattila","87",48,15,33
"Orimattila","88",54,16,38
"Orimattila","89",38,4,34
"Orimattila","90",48,17,31
"Orimattila","91",41,9,32
"Orimattila","92",36,10,26
"Orimattila","93",22,2,20
"Orimattila","94",17,4,13
"Orimattila","95",19,4,15
"Orimattila","96",8,1,7
"Orimattila","97",12,3,9
"Orimattila","98",2,0,2
"Orimattila","99",1,0,1
"Orimattila","100 -",4,0,4
"Oripää","0",15,7,8
"Oripää","1",7,4,3
"Oripää","2",8,5,3
"Oripää","3",17,11,6
"Oripää","4",7,1,6
"Oripää","5",12,6,6
"Oripää","6",21,14,7
"Oripää","7",11,7,4
"Oripää","8",19,9,10
"Oripää","9",12,8,4
"Oripää","10",22,13,9
"Oripää","11",12,7,5
"Oripää","12",28,19,9
"Oripää","13",11,6,5
"Oripää","14",15,7,8
"Oripää","15",19,10,9
"Oripää","16",21,12,9
"Oripää","17",21,11,10
"Oripää","18",18,10,8
"Oripää","19",7,3,4
"Oripää","20",14,8,6
"Oripää","21",14,11,3
"Oripää","22",10,5,5
"Oripää","23",7,6,1
"Oripää","24",10,6,4
"Oripää","25",4,2,2
"Oripää","26",7,4,3
"Oripää","27",17,12,5
"Oripää","28",15,6,9
"Oripää","29",17,10,7
"Oripää","30",11,5,6
"Oripää","31",8,5,3
"Oripää","32",17,9,8
"Oripää","33",10,5,5
"Oripää","34",13,8,5
"Oripää","35",12,7,5
"Oripää","36",20,11,9
"Oripää","37",23,11,12
"Oripää","38",9,2,7
"Oripää","39",16,10,6
"Oripää","40",17,11,6
"Oripää","41",15,9,6
"Oripää","42",11,7,4
"Oripää","43",16,8,8
"Oripää","44",18,10,8
"Oripää","45",17,8,9
"Oripää","46",9,4,5
"Oripää","47",21,10,11
"Oripää","48",16,8,8
"Oripää","49",18,10,8
"Oripää","50",18,10,8
"Oripää","51",17,12,5
"Oripää","52",16,7,9
"Oripää","53",16,9,7
"Oripää","54",13,5,8
"Oripää","55",13,6,7
"Oripää","56",13,9,4
"Oripää","57",19,9,10
"Oripää","58",15,8,7
"Oripää","59",17,10,7
"Oripää","60",17,9,8
"Oripää","61",25,15,10
"Oripää","62",18,9,9
"Oripää","63",14,10,4
"Oripää","64",17,8,9
"Oripää","65",19,6,13
"Oripää","66",34,16,18
"Oripää","67",17,8,9
"Oripää","68",16,8,8
"Oripää","69",19,9,10
"Oripää","70",11,7,4
"Oripää","71",19,10,9
"Oripää","72",23,10,13
"Oripää","73",15,7,8
"Oripää","74",21,13,8
"Oripää","75",18,10,8
"Oripää","76",16,5,11
"Oripää","77",14,8,6
"Oripää","78",5,4,1
"Oripää","79",8,5,3
"Oripää","80",5,3,2
"Oripää","81",13,5,8
"Oripää","82",11,2,9
"Oripää","83",10,6,4
"Oripää","84",6,1,5
"Oripää","85",10,5,5
"Oripää","86",7,4,3
"Oripää","87",11,3,8
"Oripää","88",4,1,3
"Oripää","89",7,3,4
"Oripää","90",9,4,5
"Oripää","91",2,1,1
"Oripää","92",6,0,6
"Oripää","93",4,0,4
"Oripää","94",7,0,7
"Oripää","95",1,0,1
"Oripää","96",1,0,1
"Oripää","97",0,0,0
"Oripää","98",2,0,2
"Oripää","99",0,0,0
"Oripää","100 -",0,0,0
"Orivesi","0",48,30,18
"Orivesi","1",64,35,29
"Orivesi","2",69,38,31
"Orivesi","3",76,41,35
"Orivesi","4",74,39,35
"Orivesi","5",84,37,47
"Orivesi","6",93,47,46
"Orivesi","7",107,51,56
"Orivesi","8",93,54,39
"Orivesi","9",94,43,51
"Orivesi","10",97,56,41
"Orivesi","11",106,47,59
"Orivesi","12",95,49,46
"Orivesi","13",102,55,47
"Orivesi","14",110,61,49
"Orivesi","15",112,63,49
"Orivesi","16",94,41,53
"Orivesi","17",92,59,33
"Orivesi","18",93,44,49
"Orivesi","19",66,43,23
"Orivesi","20",50,28,22
"Orivesi","21",51,28,23
"Orivesi","22",53,30,23
"Orivesi","23",61,32,29
"Orivesi","24",43,19,24
"Orivesi","25",47,26,21
"Orivesi","26",60,34,26
"Orivesi","27",74,42,32
"Orivesi","28",67,40,27
"Orivesi","29",67,32,35
"Orivesi","30",81,37,44
"Orivesi","31",83,39,44
"Orivesi","32",84,45,39
"Orivesi","33",89,44,45
"Orivesi","34",89,48,41
"Orivesi","35",86,44,42
"Orivesi","36",89,43,46
"Orivesi","37",99,43,56
"Orivesi","38",115,56,59
"Orivesi","39",104,53,51
"Orivesi","40",107,61,46
"Orivesi","41",98,55,43
"Orivesi","42",95,42,53
"Orivesi","43",99,50,49
"Orivesi","44",118,54,64
"Orivesi","45",97,50,47
"Orivesi","46",99,48,51
"Orivesi","47",97,50,47
"Orivesi","48",79,43,36
"Orivesi","49",108,51,57
"Orivesi","50",97,52,45
"Orivesi","51",119,55,64
"Orivesi","52",132,73,59
"Orivesi","53",144,75,69
"Orivesi","54",132,64,68
"Orivesi","55",135,71,64
"Orivesi","56",129,57,72
"Orivesi","57",132,67,65
"Orivesi","58",141,76,65
"Orivesi","59",136,75,61
"Orivesi","60",130,64,66
"Orivesi","61",145,71,74
"Orivesi","62",142,66,76
"Orivesi","63",156,72,84
"Orivesi","64",169,87,82
"Orivesi","65",131,60,71
"Orivesi","66",152,77,75
"Orivesi","67",139,69,70
"Orivesi","68",127,72,55
"Orivesi","69",127,66,61
"Orivesi","70",155,78,77
"Orivesi","71",153,67,86
"Orivesi","72",144,66,78
"Orivesi","73",187,76,111
"Orivesi","74",168,86,82
"Orivesi","75",108,50,58
"Orivesi","76",101,50,51
"Orivesi","77",82,38,44
"Orivesi","78",83,34,49
"Orivesi","79",110,51,59
"Orivesi","80",79,34,45
"Orivesi","81",88,33,55
"Orivesi","82",73,32,41
"Orivesi","83",57,25,32
"Orivesi","84",60,21,39
"Orivesi","85",63,30,33
"Orivesi","86",50,18,32
"Orivesi","87",44,17,27
"Orivesi","88",43,20,23
"Orivesi","89",40,15,25
"Orivesi","90",29,8,21
"Orivesi","91",24,4,20
"Orivesi","92",27,9,18
"Orivesi","93",23,5,18
"Orivesi","94",13,8,5
"Orivesi","95",12,5,7
"Orivesi","96",8,0,8
"Orivesi","97",5,1,4
"Orivesi","98",3,0,3
"Orivesi","99",0,0,0
"Orivesi","100 -",3,1,2
"Oulainen","0",56,26,30
"Oulainen","1",56,30,26
"Oulainen","2",52,25,27
"Oulainen","3",58,34,24
"Oulainen","4",97,56,41
"Oulainen","5",65,36,29
"Oulainen","6",90,40,50
"Oulainen","7",90,42,48
"Oulainen","8",100,51,49
"Oulainen","9",92,45,47
"Oulainen","10",92,45,47
"Oulainen","11",93,43,50
"Oulainen","12",101,48,53
"Oulainen","13",108,59,49
"Oulainen","14",101,51,50
"Oulainen","15",101,58,43
"Oulainen","16",98,55,43
"Oulainen","17",95,51,44
"Oulainen","18",103,52,51
"Oulainen","19",88,47,41
"Oulainen","20",67,36,31
"Oulainen","21",60,40,20
"Oulainen","22",46,23,23
"Oulainen","23",52,29,23
"Oulainen","24",46,26,20
"Oulainen","25",61,39,22
"Oulainen","26",68,35,33
"Oulainen","27",63,33,30
"Oulainen","28",58,27,31
"Oulainen","29",65,36,29
"Oulainen","30",67,34,33
"Oulainen","31",72,38,34
"Oulainen","32",59,33,26
"Oulainen","33",68,36,32
"Oulainen","34",59,32,27
"Oulainen","35",78,35,43
"Oulainen","36",72,38,34
"Oulainen","37",79,33,46
"Oulainen","38",71,39,32
"Oulainen","39",90,50,40
"Oulainen","40",85,49,36
"Oulainen","41",69,33,36
"Oulainen","42",76,42,34
"Oulainen","43",74,43,31
"Oulainen","44",76,43,33
"Oulainen","45",80,40,40
"Oulainen","46",72,34,38
"Oulainen","47",66,32,34
"Oulainen","48",68,28,40
"Oulainen","49",78,42,36
"Oulainen","50",62,27,35
"Oulainen","51",75,38,37
"Oulainen","52",80,43,37
"Oulainen","53",81,42,39
"Oulainen","54",81,42,39
"Oulainen","55",84,43,41
"Oulainen","56",97,44,53
"Oulainen","57",78,30,48
"Oulainen","58",107,58,49
"Oulainen","59",98,39,59
"Oulainen","60",92,52,40
"Oulainen","61",112,56,56
"Oulainen","62",114,64,50
"Oulainen","63",125,59,66
"Oulainen","64",113,52,61
"Oulainen","65",115,53,62
"Oulainen","66",116,62,54
"Oulainen","67",93,42,51
"Oulainen","68",116,57,59
"Oulainen","69",94,52,42
"Oulainen","70",93,50,43
"Oulainen","71",101,45,56
"Oulainen","72",102,47,55
"Oulainen","73",123,51,72
"Oulainen","74",96,41,55
"Oulainen","75",103,47,56
"Oulainen","76",59,25,34
"Oulainen","77",68,32,36
"Oulainen","78",49,23,26
"Oulainen","79",64,29,35
"Oulainen","80",43,22,21
"Oulainen","81",58,29,29
"Oulainen","82",62,27,35
"Oulainen","83",54,23,31
"Oulainen","84",40,13,27
"Oulainen","85",47,16,31
"Oulainen","86",40,18,22
"Oulainen","87",43,14,29
"Oulainen","88",42,15,27
"Oulainen","89",33,8,25
"Oulainen","90",24,6,18
"Oulainen","91",24,12,12
"Oulainen","92",22,8,14
"Oulainen","93",20,7,13
"Oulainen","94",11,1,10
"Oulainen","95",8,1,7
"Oulainen","96",3,1,2
"Oulainen","97",6,2,4
"Oulainen","98",3,1,2
"Oulainen","99",0,0,0
"Oulainen","100 -",0,0,0
"Oulu","0",2101,1065,1036
"Oulu","1",1972,992,980
"Oulu","2",2021,1031,990
"Oulu","3",2070,1079,991
"Oulu","4",2245,1089,1156
"Oulu","5",2335,1193,1142
"Oulu","6",2425,1249,1176
"Oulu","7",2523,1337,1186
"Oulu","8",2657,1333,1324
"Oulu","9",2625,1339,1286
"Oulu","10",2606,1343,1263
"Oulu","11",2673,1355,1318
"Oulu","12",2693,1390,1303
"Oulu","13",2582,1312,1270
"Oulu","14",2644,1327,1317
"Oulu","15",2553,1304,1249
"Oulu","16",2522,1278,1244
"Oulu","17",2583,1288,1295
"Oulu","18",2634,1273,1361
"Oulu","19",2951,1315,1636
"Oulu","20",3299,1629,1670
"Oulu","21",3675,1913,1762
"Oulu","22",3494,1748,1746
"Oulu","23",3592,1886,1706
"Oulu","24",3477,1847,1630
"Oulu","25",3633,1918,1715
"Oulu","26",3483,1848,1635
"Oulu","27",3435,1840,1595
"Oulu","28",3335,1750,1585
"Oulu","29",3318,1828,1490
"Oulu","30",3126,1661,1465
"Oulu","31",2955,1592,1363
"Oulu","32",2774,1488,1286
"Oulu","33",2840,1495,1345
"Oulu","34",2788,1452,1336
"Oulu","35",2813,1487,1326
"Oulu","36",2982,1599,1383
"Oulu","37",2914,1483,1431
"Oulu","38",2907,1550,1357
"Oulu","39",2687,1388,1299
"Oulu","40",2788,1401,1387
"Oulu","41",2799,1454,1345
"Oulu","42",2827,1452,1375
"Oulu","43",2727,1415,1312
"Oulu","44",2827,1449,1378
"Oulu","45",2722,1372,1350
"Oulu","46",2508,1372,1136
"Oulu","47",2193,1157,1036
"Oulu","48",2225,1136,1089
"Oulu","49",2249,1151,1098
"Oulu","50",2281,1191,1090
"Oulu","51",2192,1155,1037
"Oulu","52",2323,1166,1157
"Oulu","53",2394,1235,1159
"Oulu","54",2372,1181,1191
"Oulu","55",2313,1166,1147
"Oulu","56",2322,1146,1176
"Oulu","57",2302,1121,1181
"Oulu","58",2368,1138,1230
"Oulu","59",2316,1119,1197
"Oulu","60",2211,1024,1187
"Oulu","61",2204,1057,1147
"Oulu","62",2129,1050,1079
"Oulu","63",2193,1051,1142
"Oulu","64",2245,1073,1172
"Oulu","65",2187,1022,1165
"Oulu","66",2116,995,1121
"Oulu","67",2103,1005,1098
"Oulu","68",2110,942,1168
"Oulu","69",1982,928,1054
"Oulu","70",1976,933,1043
"Oulu","71",1991,918,1073
"Oulu","72",1990,897,1093
"Oulu","73",1865,832,1033
"Oulu","74",1807,803,1004
"Oulu","75",1581,686,895
"Oulu","76",1138,522,616
"Oulu","77",1205,515,690
"Oulu","78",905,394,511
"Oulu","79",1320,555,765
"Oulu","80",797,321,476
"Oulu","81",936,376,560
"Oulu","82",896,392,504
"Oulu","83",808,305,503
"Oulu","84",683,265,418
"Oulu","85",685,256,429
"Oulu","86",609,219,390
"Oulu","87",491,178,313
"Oulu","88",402,142,260
"Oulu","89",385,126,259
"Oulu","90",330,85,245
"Oulu","91",264,74,190
"Oulu","92",227,56,171
"Oulu","93",158,34,124
"Oulu","94",146,35,111
"Oulu","95",97,27,70
"Oulu","96",63,19,44
"Oulu","97",44,10,34
"Oulu","98",23,4,19
"Oulu","99",18,2,16
"Oulu","100 -",17,3,14
"Outokumpu","0",39,20,19
"Outokumpu","1",33,19,14
"Outokumpu","2",39,21,18
"Outokumpu","3",50,26,24
"Outokumpu","4",57,30,27
"Outokumpu","5",60,34,26
"Outokumpu","6",59,24,35
"Outokumpu","7",56,25,31
"Outokumpu","8",78,32,46
"Outokumpu","9",80,39,41
"Outokumpu","10",65,39,26
"Outokumpu","11",78,36,42
"Outokumpu","12",61,30,31
"Outokumpu","13",85,48,37
"Outokumpu","14",64,24,40
"Outokumpu","15",69,36,33
"Outokumpu","16",59,35,24
"Outokumpu","17",51,23,28
"Outokumpu","18",65,34,31
"Outokumpu","19",59,33,26
"Outokumpu","20",68,33,35
"Outokumpu","21",58,33,25
"Outokumpu","22",42,25,17
"Outokumpu","23",59,35,24
"Outokumpu","24",48,23,25
"Outokumpu","25",36,20,16
"Outokumpu","26",43,23,20
"Outokumpu","27",52,26,26
"Outokumpu","28",55,30,25
"Outokumpu","29",62,42,20
"Outokumpu","30",76,50,26
"Outokumpu","31",53,21,32
"Outokumpu","32",63,36,27
"Outokumpu","33",54,27,27
"Outokumpu","34",66,36,30
"Outokumpu","35",75,36,39
"Outokumpu","36",81,39,42
"Outokumpu","37",77,38,39
"Outokumpu","38",62,32,30
"Outokumpu","39",61,40,21
"Outokumpu","40",78,35,43
"Outokumpu","41",69,35,34
"Outokumpu","42",62,31,31
"Outokumpu","43",62,33,29
"Outokumpu","44",62,36,26
"Outokumpu","45",62,38,24
"Outokumpu","46",66,38,28
"Outokumpu","47",63,31,32
"Outokumpu","48",57,28,29
"Outokumpu","49",48,19,29
"Outokumpu","50",62,37,25
"Outokumpu","51",65,27,38
"Outokumpu","52",68,34,34
"Outokumpu","53",85,43,42
"Outokumpu","54",86,44,42
"Outokumpu","55",82,49,33
"Outokumpu","56",79,39,40
"Outokumpu","57",72,36,36
"Outokumpu","58",86,41,45
"Outokumpu","59",91,44,47
"Outokumpu","60",119,61,58
"Outokumpu","61",106,59,47
"Outokumpu","62",103,58,45
"Outokumpu","63",125,60,65
"Outokumpu","64",132,67,65
"Outokumpu","65",141,70,71
"Outokumpu","66",122,71,51
"Outokumpu","67",145,80,65
"Outokumpu","68",129,61,68
"Outokumpu","69",122,60,62
"Outokumpu","70",127,68,59
"Outokumpu","71",124,68,56
"Outokumpu","72",131,59,72
"Outokumpu","73",118,53,65
"Outokumpu","74",100,46,54
"Outokumpu","75",109,52,57
"Outokumpu","76",64,30,34
"Outokumpu","77",76,40,36
"Outokumpu","78",58,28,30
"Outokumpu","79",73,36,37
"Outokumpu","80",55,23,32
"Outokumpu","81",67,26,41
"Outokumpu","82",63,24,39
"Outokumpu","83",44,15,29
"Outokumpu","84",45,14,31
"Outokumpu","85",44,20,24
"Outokumpu","86",32,13,19
"Outokumpu","87",25,6,19
"Outokumpu","88",33,10,23
"Outokumpu","89",31,8,23
"Outokumpu","90",18,5,13
"Outokumpu","91",24,7,17
"Outokumpu","92",9,0,9
"Outokumpu","93",11,5,6
"Outokumpu","94",9,2,7
"Outokumpu","95",2,0,2
"Outokumpu","96",3,0,3
"Outokumpu","97",4,1,3
"Outokumpu","98",2,0,2
"Outokumpu","99",2,0,2
"Outokumpu","100 -",2,0,2
"Padasjoki","0",18,9,9
"Padasjoki","1",11,7,4
"Padasjoki","2",14,6,8
"Padasjoki","3",16,10,6
"Padasjoki","4",16,9,7
"Padasjoki","5",12,5,7
"Padasjoki","6",15,9,6
"Padasjoki","7",14,4,10
"Padasjoki","8",21,9,12
"Padasjoki","9",23,12,11
"Padasjoki","10",21,10,11
"Padasjoki","11",24,11,13
"Padasjoki","12",25,13,12
"Padasjoki","13",30,15,15
"Padasjoki","14",25,12,13
"Padasjoki","15",23,13,10
"Padasjoki","16",31,15,16
"Padasjoki","17",33,17,16
"Padasjoki","18",15,8,7
"Padasjoki","19",23,16,7
"Padasjoki","20",9,6,3
"Padasjoki","21",12,4,8
"Padasjoki","22",12,7,5
"Padasjoki","23",13,8,5
"Padasjoki","24",14,10,4
"Padasjoki","25",20,12,8
"Padasjoki","26",17,12,5
"Padasjoki","27",13,5,8
"Padasjoki","28",17,11,6
"Padasjoki","29",17,9,8
"Padasjoki","30",11,6,5
"Padasjoki","31",13,4,9
"Padasjoki","32",22,13,9
"Padasjoki","33",17,8,9
"Padasjoki","34",15,9,6
"Padasjoki","35",24,9,15
"Padasjoki","36",25,13,12
"Padasjoki","37",24,12,12
"Padasjoki","38",17,6,11
"Padasjoki","39",29,15,14
"Padasjoki","40",22,10,12
"Padasjoki","41",17,10,7
"Padasjoki","42",26,12,14
"Padasjoki","43",27,17,10
"Padasjoki","44",29,14,15
"Padasjoki","45",21,9,12
"Padasjoki","46",27,14,13
"Padasjoki","47",22,9,13
"Padasjoki","48",26,15,11
"Padasjoki","49",34,17,17
"Padasjoki","50",30,13,17
"Padasjoki","51",30,18,12
"Padasjoki","52",35,21,14
"Padasjoki","53",33,20,13
"Padasjoki","54",44,28,16
"Padasjoki","55",48,28,20
"Padasjoki","56",38,21,17
"Padasjoki","57",38,17,21
"Padasjoki","58",50,22,28
"Padasjoki","59",63,33,30
"Padasjoki","60",54,29,25
"Padasjoki","61",52,31,21
"Padasjoki","62",58,32,26
"Padasjoki","63",58,22,36
"Padasjoki","64",46,25,21
"Padasjoki","65",66,35,31
"Padasjoki","66",61,27,34
"Padasjoki","67",56,27,29
"Padasjoki","68",69,37,32
"Padasjoki","69",55,28,27
"Padasjoki","70",59,27,32
"Padasjoki","71",75,35,40
"Padasjoki","72",70,35,35
"Padasjoki","73",65,37,28
"Padasjoki","74",57,26,31
"Padasjoki","75",55,38,17
"Padasjoki","76",39,18,21
"Padasjoki","77",48,22,26
"Padasjoki","78",37,14,23
"Padasjoki","79",49,26,23
"Padasjoki","80",28,10,18
"Padasjoki","81",33,14,19
"Padasjoki","82",35,15,20
"Padasjoki","83",38,21,17
"Padasjoki","84",29,12,17
"Padasjoki","85",27,11,16
"Padasjoki","86",13,7,6
"Padasjoki","87",23,5,18
"Padasjoki","88",20,6,14
"Padasjoki","89",17,5,12
"Padasjoki","90",17,7,10
"Padasjoki","91",11,3,8
"Padasjoki","92",5,3,2
"Padasjoki","93",9,4,5
"Padasjoki","94",1,0,1
"Padasjoki","95",7,1,6
"Padasjoki","96",5,1,4
"Padasjoki","97",0,0,0
"Padasjoki","98",0,0,0
"Padasjoki","99",1,0,1
"Padasjoki","100 -",2,0,2
"Paimio","0",99,53,46
"Paimio","1",107,56,51
"Paimio","2",109,69,40
"Paimio","3",138,66,72
"Paimio","4",158,73,85
"Paimio","5",140,72,68
"Paimio","6",149,81,68
"Paimio","7",161,99,62
"Paimio","8",157,79,78
"Paimio","9",143,67,76
"Paimio","10",164,83,81
"Paimio","11",153,77,76
"Paimio","12",141,77,64
"Paimio","13",147,76,71
"Paimio","14",120,53,67
"Paimio","15",141,74,67
"Paimio","16",112,57,55
"Paimio","17",144,72,72
"Paimio","18",115,67,48
"Paimio","19",102,61,41
"Paimio","20",75,48,27
"Paimio","21",73,49,24
"Paimio","22",66,41,25
"Paimio","23",71,44,27
"Paimio","24",67,40,27
"Paimio","25",80,39,41
"Paimio","26",102,56,46
"Paimio","27",89,43,46
"Paimio","28",129,68,61
"Paimio","29",102,43,59
"Paimio","30",119,65,54
"Paimio","31",103,49,54
"Paimio","32",133,58,75
"Paimio","33",125,59,66
"Paimio","34",155,71,84
"Paimio","35",142,69,73
"Paimio","36",164,80,84
"Paimio","37",170,91,79
"Paimio","38",165,80,85
"Paimio","39",172,83,89
"Paimio","40",162,95,67
"Paimio","41",142,70,72
"Paimio","42",148,69,79
"Paimio","43",178,92,86
"Paimio","44",147,79,68
"Paimio","45",158,78,80
"Paimio","46",144,71,73
"Paimio","47",120,62,58
"Paimio","48",134,71,63
"Paimio","49",126,69,57
"Paimio","50",152,84,68
"Paimio","51",136,67,69
"Paimio","52",129,57,72
"Paimio","53",130,73,57
"Paimio","54",137,76,61
"Paimio","55",134,60,74
"Paimio","56",131,56,75
"Paimio","57",130,66,64
"Paimio","58",151,72,79
"Paimio","59",130,69,61
"Paimio","60",140,68,72
"Paimio","61",129,59,70
"Paimio","62",118,52,66
"Paimio","63",135,69,66
"Paimio","64",144,68,76
"Paimio","65",133,68,65
"Paimio","66",151,72,79
"Paimio","67",132,61,71
"Paimio","68",136,73,63
"Paimio","69",137,55,82
"Paimio","70",142,77,65
"Paimio","71",155,78,77
"Paimio","72",160,73,87
"Paimio","73",136,68,68
"Paimio","74",149,69,80
"Paimio","75",109,48,61
"Paimio","76",107,51,56
"Paimio","77",91,34,57
"Paimio","78",66,35,31
"Paimio","79",78,36,42
"Paimio","80",56,24,32
"Paimio","81",66,30,36
"Paimio","82",56,19,37
"Paimio","83",54,19,35
"Paimio","84",36,15,21
"Paimio","85",38,16,22
"Paimio","86",44,22,22
"Paimio","87",38,20,18
"Paimio","88",29,9,20
"Paimio","89",27,8,19
"Paimio","90",23,10,13
"Paimio","91",19,5,14
"Paimio","92",21,7,14
"Paimio","93",14,3,11
"Paimio","94",8,2,6
"Paimio","95",9,1,8
"Paimio","96",6,0,6
"Paimio","97",4,0,4
"Paimio","98",4,1,3
"Paimio","99",0,0,0
"Paimio","100 -",1,0,1
"Paltamo","0",18,6,12
"Paltamo","1",23,16,7
"Paltamo","2",14,1,13
"Paltamo","3",23,10,13
"Paltamo","4",20,7,13
"Paltamo","5",16,11,5
"Paltamo","6",38,14,24
"Paltamo","7",21,13,8
"Paltamo","8",28,16,12
"Paltamo","9",31,14,17
"Paltamo","10",42,16,26
"Paltamo","11",27,11,16
"Paltamo","12",33,13,20
"Paltamo","13",31,17,14
"Paltamo","14",33,22,11
"Paltamo","15",36,21,15
"Paltamo","16",34,13,21
"Paltamo","17",31,16,15
"Paltamo","18",29,17,12
"Paltamo","19",25,14,11
"Paltamo","20",19,9,10
"Paltamo","21",17,13,4
"Paltamo","22",19,14,5
"Paltamo","23",14,9,5
"Paltamo","24",22,11,11
"Paltamo","25",23,10,13
"Paltamo","26",25,12,13
"Paltamo","27",19,13,6
"Paltamo","28",28,19,9
"Paltamo","29",19,7,12
"Paltamo","30",23,15,8
"Paltamo","31",21,9,12
"Paltamo","32",23,13,10
"Paltamo","33",23,14,9
"Paltamo","34",26,11,15
"Paltamo","35",26,8,18
"Paltamo","36",33,17,16
"Paltamo","37",34,18,16
"Paltamo","38",33,16,17
"Paltamo","39",27,17,10
"Paltamo","40",28,16,12
"Paltamo","41",28,17,11
"Paltamo","42",23,13,10
"Paltamo","43",43,31,12
"Paltamo","44",27,12,15
"Paltamo","45",32,13,19
"Paltamo","46",24,14,10
"Paltamo","47",23,12,11
"Paltamo","48",26,14,12
"Paltamo","49",30,13,17
"Paltamo","50",35,18,17
"Paltamo","51",42,16,26
"Paltamo","52",39,18,21
"Paltamo","53",40,23,17
"Paltamo","54",52,33,19
"Paltamo","55",51,26,25
"Paltamo","56",50,26,24
"Paltamo","57",61,32,29
"Paltamo","58",72,40,32
"Paltamo","59",56,38,18
"Paltamo","60",57,31,26
"Paltamo","61",73,36,37
"Paltamo","62",62,38,24
"Paltamo","63",76,41,35
"Paltamo","64",56,29,27
"Paltamo","65",76,36,40
"Paltamo","66",65,33,32
"Paltamo","67",81,52,29
"Paltamo","68",57,32,25
"Paltamo","69",57,31,26
"Paltamo","70",57,33,24
"Paltamo","71",56,25,31
"Paltamo","72",52,24,28
"Paltamo","73",69,37,32
"Paltamo","74",54,26,28
"Paltamo","75",56,31,25
"Paltamo","76",41,22,19
"Paltamo","77",34,21,13
"Paltamo","78",33,19,14
"Paltamo","79",39,22,17
"Paltamo","80",33,9,24
"Paltamo","81",33,12,21
"Paltamo","82",26,11,15
"Paltamo","83",27,7,20
"Paltamo","84",23,9,14
"Paltamo","85",19,8,11
"Paltamo","86",24,5,19
"Paltamo","87",20,10,10
"Paltamo","88",12,3,9
"Paltamo","89",11,4,7
"Paltamo","90",18,6,12
"Paltamo","91",7,3,4
"Paltamo","92",7,1,6
"Paltamo","93",4,0,4
"Paltamo","94",6,0,6
"Paltamo","95",3,0,3
"Paltamo","96",2,2,0
"Paltamo","97",0,0,0
"Paltamo","98",0,0,0
"Paltamo","99",0,0,0
"Paltamo","100 -",0,0,0
"Parainen","0",92,48,44
"Parainen","1",102,55,47
"Parainen","2",100,55,45
"Parainen","3",128,72,56
"Parainen","4",137,73,64
"Parainen","5",131,60,71
"Parainen","6",154,82,72
"Parainen","7",179,100,79
"Parainen","8",178,82,96
"Parainen","9",175,95,80
"Parainen","10",191,99,92
"Parainen","11",194,103,91
"Parainen","12",154,76,78
"Parainen","13",187,87,100
"Parainen","14",183,88,95
"Parainen","15",189,102,87
"Parainen","16",156,84,72
"Parainen","17",203,105,98
"Parainen","18",166,80,86
"Parainen","19",122,72,50
"Parainen","20",121,68,53
"Parainen","21",102,53,49
"Parainen","22",103,63,40
"Parainen","23",84,51,33
"Parainen","24",104,52,52
"Parainen","25",97,55,42
"Parainen","26",117,65,52
"Parainen","27",108,55,53
"Parainen","28",99,49,50
"Parainen","29",123,56,67
"Parainen","30",116,48,68
"Parainen","31",119,62,57
"Parainen","32",123,68,55
"Parainen","33",126,67,59
"Parainen","34",156,86,70
"Parainen","35",127,65,62
"Parainen","36",149,74,75
"Parainen","37",159,82,77
"Parainen","38",183,91,92
"Parainen","39",191,97,94
"Parainen","40",168,82,86
"Parainen","41",175,78,97
"Parainen","42",208,87,121
"Parainen","43",195,97,98
"Parainen","44",210,108,102
"Parainen","45",188,105,83
"Parainen","46",189,96,93
"Parainen","47",190,99,91
"Parainen","48",200,98,102
"Parainen","49",208,105,103
"Parainen","50",230,119,111
"Parainen","51",207,105,102
"Parainen","52",206,90,116
"Parainen","53",232,123,109
"Parainen","54",215,112,103
"Parainen","55",201,114,87
"Parainen","56",231,108,123
"Parainen","57",221,106,115
"Parainen","58",243,116,127
"Parainen","59",211,101,110
"Parainen","60",209,90,119
"Parainen","61",216,119,97
"Parainen","62",205,103,102
"Parainen","63",230,129,101
"Parainen","64",241,124,117
"Parainen","65",213,107,106
"Parainen","66",224,108,116
"Parainen","67",222,121,101
"Parainen","68",254,122,132
"Parainen","69",258,117,141
"Parainen","70",252,136,116
"Parainen","71",228,105,123
"Parainen","72",261,143,118
"Parainen","73",248,131,117
"Parainen","74",262,131,131
"Parainen","75",195,101,94
"Parainen","76",166,83,83
"Parainen","77",139,74,65
"Parainen","78",119,52,67
"Parainen","79",153,72,81
"Parainen","80",121,50,71
"Parainen","81",104,41,63
"Parainen","82",126,49,77
"Parainen","83",104,46,58
"Parainen","84",98,49,49
"Parainen","85",58,23,35
"Parainen","86",67,25,42
"Parainen","87",64,27,37
"Parainen","88",61,27,34
"Parainen","89",55,17,38
"Parainen","90",42,8,34
"Parainen","91",35,8,27
"Parainen","92",31,8,23
"Parainen","93",24,6,18
"Parainen","94",17,2,15
"Parainen","95",15,3,12
"Parainen","96",15,3,12
"Parainen","97",7,1,6
"Parainen","98",4,1,3
"Parainen","99",4,0,4
"Parainen","100 -",2,0,2
"Parikkala","0",25,11,14
"Parikkala","1",23,11,12
"Parikkala","2",30,18,12
"Parikkala","3",24,14,10
"Parikkala","4",34,15,19
"Parikkala","5",27,15,12
"Parikkala","6",33,22,11
"Parikkala","7",36,10,26
"Parikkala","8",37,21,16
"Parikkala","9",35,22,13
"Parikkala","10",37,21,16
"Parikkala","11",31,15,16
"Parikkala","12",30,15,15
"Parikkala","13",32,20,12
"Parikkala","14",40,24,16
"Parikkala","15",32,15,17
"Parikkala","16",34,17,17
"Parikkala","17",26,10,16
"Parikkala","18",25,12,13
"Parikkala","19",28,17,11
"Parikkala","20",21,12,9
"Parikkala","21",17,14,3
"Parikkala","22",13,10,3
"Parikkala","23",23,12,11
"Parikkala","24",18,10,8
"Parikkala","25",20,11,9
"Parikkala","26",19,12,7
"Parikkala","27",28,16,12
"Parikkala","28",26,16,10
"Parikkala","29",38,24,14
"Parikkala","30",28,15,13
"Parikkala","31",36,19,17
"Parikkala","32",33,17,16
"Parikkala","33",26,11,15
"Parikkala","34",30,19,11
"Parikkala","35",39,23,16
"Parikkala","36",41,20,21
"Parikkala","37",33,18,15
"Parikkala","38",33,21,12
"Parikkala","39",37,18,19
"Parikkala","40",45,26,19
"Parikkala","41",30,16,14
"Parikkala","42",41,22,19
"Parikkala","43",32,15,17
"Parikkala","44",34,23,11
"Parikkala","45",35,16,19
"Parikkala","46",49,25,24
"Parikkala","47",46,25,21
"Parikkala","48",41,19,22
"Parikkala","49",44,22,22
"Parikkala","50",65,32,33
"Parikkala","51",46,25,21
"Parikkala","52",69,35,34
"Parikkala","53",62,30,32
"Parikkala","54",80,46,34
"Parikkala","55",74,34,40
"Parikkala","56",84,48,36
"Parikkala","57",93,54,39
"Parikkala","58",97,49,48
"Parikkala","59",73,34,39
"Parikkala","60",97,57,40
"Parikkala","61",84,47,37
"Parikkala","62",87,46,41
"Parikkala","63",83,38,45
"Parikkala","64",89,44,45
"Parikkala","65",90,50,40
"Parikkala","66",115,63,52
"Parikkala","67",80,48,32
"Parikkala","68",98,52,46
"Parikkala","69",115,65,50
"Parikkala","70",107,49,58
"Parikkala","71",116,63,53
"Parikkala","72",112,51,61
"Parikkala","73",112,57,55
"Parikkala","74",96,44,52
"Parikkala","75",76,37,39
"Parikkala","76",79,33,46
"Parikkala","77",62,34,28
"Parikkala","78",47,19,28
"Parikkala","79",76,39,37
"Parikkala","80",61,26,35
"Parikkala","81",63,15,48
"Parikkala","82",51,17,34
"Parikkala","83",52,22,30
"Parikkala","84",56,24,32
"Parikkala","85",37,14,23
"Parikkala","86",33,9,24
"Parikkala","87",28,8,20
"Parikkala","88",25,6,19
"Parikkala","89",20,6,14
"Parikkala","90",21,7,14
"Parikkala","91",19,2,17
"Parikkala","92",9,1,8
"Parikkala","93",9,4,5
"Parikkala","94",10,3,7
"Parikkala","95",10,4,6
"Parikkala","96",3,1,2
"Parikkala","97",4,1,3
"Parikkala","98",3,0,3
"Parikkala","99",0,0,0
"Parikkala","100 -",2,0,2
"Parkano","0",47,23,24
"Parkano","1",44,21,23
"Parkano","2",42,21,21
"Parkano","3",46,28,18
"Parkano","4",63,30,33
"Parkano","5",65,36,29
"Parkano","6",60,25,35
"Parkano","7",57,27,30
"Parkano","8",46,24,22
"Parkano","9",63,37,26
"Parkano","10",60,28,32
"Parkano","11",67,34,33
"Parkano","12",76,40,36
"Parkano","13",72,40,32
"Parkano","14",60,33,27
"Parkano","15",68,36,32
"Parkano","16",80,41,39
"Parkano","17",52,30,22
"Parkano","18",48,33,15
"Parkano","19",71,42,29
"Parkano","20",40,22,18
"Parkano","21",55,43,12
"Parkano","22",50,26,24
"Parkano","23",40,19,21
"Parkano","24",41,23,18
"Parkano","25",48,29,19
"Parkano","26",57,29,28
"Parkano","27",55,27,28
"Parkano","28",60,36,24
"Parkano","29",53,31,22
"Parkano","30",46,26,20
"Parkano","31",42,18,24
"Parkano","32",65,37,28
"Parkano","33",53,32,21
"Parkano","34",53,24,29
"Parkano","35",66,30,36
"Parkano","36",67,34,33
"Parkano","37",69,34,35
"Parkano","38",71,38,33
"Parkano","39",50,26,24
"Parkano","40",60,32,28
"Parkano","41",57,35,22
"Parkano","42",53,25,28
"Parkano","43",58,30,28
"Parkano","44",72,34,38
"Parkano","45",60,39,21
"Parkano","46",50,27,23
"Parkano","47",46,20,26
"Parkano","48",65,30,35
"Parkano","49",67,34,33
"Parkano","50",74,48,26
"Parkano","51",73,39,34
"Parkano","52",78,36,42
"Parkano","53",89,49,40
"Parkano","54",81,37,44
"Parkano","55",91,43,48
"Parkano","56",118,62,56
"Parkano","57",78,42,36
"Parkano","58",84,42,42
"Parkano","59",89,48,41
"Parkano","60",99,50,49
"Parkano","61",97,54,43
"Parkano","62",117,71,46
"Parkano","63",99,51,48
"Parkano","64",112,54,58
"Parkano","65",108,58,50
"Parkano","66",124,57,67
"Parkano","67",124,65,59
"Parkano","68",109,53,56
"Parkano","69",123,65,58
"Parkano","70",123,64,59
"Parkano","71",114,52,62
"Parkano","72",127,71,56
"Parkano","73",115,56,59
"Parkano","74",112,43,69
"Parkano","75",107,50,57
"Parkano","76",66,34,32
"Parkano","77",82,43,39
"Parkano","78",69,26,43
"Parkano","79",87,43,44
"Parkano","80",44,20,24
"Parkano","81",72,34,38
"Parkano","82",59,30,29
"Parkano","83",45,23,22
"Parkano","84",47,23,24
"Parkano","85",45,19,26
"Parkano","86",33,10,23
"Parkano","87",34,11,23
"Parkano","88",30,11,19
"Parkano","89",20,7,13
"Parkano","90",30,11,19
"Parkano","91",16,4,12
"Parkano","92",16,2,14
"Parkano","93",4,1,3
"Parkano","94",11,3,8
"Parkano","95",5,2,3
"Parkano","96",7,1,6
"Parkano","97",3,0,3
"Parkano","98",4,2,2
"Parkano","99",1,1,0
"Parkano","100 -",1,1,0
"Pedersören kunta","0",188,95,93
"Pedersören kunta","1",157,85,72
"Pedersören kunta","2",159,81,78
"Pedersören kunta","3",173,88,85
"Pedersören kunta","4",152,76,76
"Pedersören kunta","5",163,92,71
"Pedersören kunta","6",173,104,69
"Pedersören kunta","7",167,79,88
"Pedersören kunta","8",187,94,93
"Pedersören kunta","9",168,98,70
"Pedersören kunta","10",191,97,94
"Pedersören kunta","11",193,104,89
"Pedersören kunta","12",201,96,105
"Pedersören kunta","13",186,104,82
"Pedersören kunta","14",174,90,84
"Pedersören kunta","15",169,86,83
"Pedersören kunta","16",176,99,77
"Pedersören kunta","17",172,91,81
"Pedersören kunta","18",157,83,74
"Pedersören kunta","19",143,75,68
"Pedersören kunta","20",142,72,70
"Pedersören kunta","21",121,68,53
"Pedersören kunta","22",141,70,71
"Pedersören kunta","23",110,57,53
"Pedersören kunta","24",135,67,68
"Pedersören kunta","25",136,75,61
"Pedersören kunta","26",126,65,61
"Pedersören kunta","27",136,65,71
"Pedersören kunta","28",139,78,61
"Pedersören kunta","29",125,74,51
"Pedersören kunta","30",168,81,87
"Pedersören kunta","31",123,67,56
"Pedersören kunta","32",125,55,70
"Pedersören kunta","33",129,68,61
"Pedersören kunta","34",107,48,59
"Pedersören kunta","35",138,65,73
"Pedersören kunta","36",122,56,66
"Pedersören kunta","37",134,69,65
"Pedersören kunta","38",140,69,71
"Pedersören kunta","39",148,85,63
"Pedersören kunta","40",141,70,71
"Pedersören kunta","41",130,74,56
"Pedersören kunta","42",134,74,60
"Pedersören kunta","43",129,67,62
"Pedersören kunta","44",110,59,51
"Pedersören kunta","45",116,63,53
"Pedersören kunta","46",116,63,53
"Pedersören kunta","47",125,66,59
"Pedersören kunta","48",125,65,60
"Pedersören kunta","49",128,67,61
"Pedersören kunta","50",119,75,44
"Pedersören kunta","51",110,55,55
"Pedersören kunta","52",116,60,56
"Pedersören kunta","53",114,61,53
"Pedersören kunta","54",122,65,57
"Pedersören kunta","55",104,57,47
"Pedersören kunta","56",129,65,64
"Pedersören kunta","57",121,63,58
"Pedersören kunta","58",122,65,57
"Pedersören kunta","59",107,54,53
"Pedersören kunta","60",127,65,62
"Pedersören kunta","61",129,69,60
"Pedersören kunta","62",113,58,55
"Pedersören kunta","63",122,59,63
"Pedersören kunta","64",116,59,57
"Pedersören kunta","65",111,47,64
"Pedersören kunta","66",119,71,48
"Pedersören kunta","67",103,57,46
"Pedersören kunta","68",104,54,50
"Pedersören kunta","69",96,51,45
"Pedersören kunta","70",122,52,70
"Pedersören kunta","71",140,70,70
"Pedersören kunta","72",106,48,58
"Pedersören kunta","73",126,65,61
"Pedersören kunta","74",129,62,67
"Pedersören kunta","75",101,55,46
"Pedersören kunta","76",76,43,33
"Pedersören kunta","77",71,35,36
"Pedersören kunta","78",63,34,29
"Pedersören kunta","79",80,38,42
"Pedersören kunta","80",53,27,26
"Pedersören kunta","81",64,34,30
"Pedersören kunta","82",46,22,24
"Pedersören kunta","83",48,21,27
"Pedersören kunta","84",40,19,21
"Pedersören kunta","85",26,12,14
"Pedersören kunta","86",41,20,21
"Pedersören kunta","87",28,10,18
"Pedersören kunta","88",21,6,15
"Pedersören kunta","89",24,6,18
"Pedersören kunta","90",28,11,17
"Pedersören kunta","91",23,8,15
"Pedersören kunta","92",19,4,15
"Pedersören kunta","93",12,3,9
"Pedersören kunta","94",10,3,7
"Pedersören kunta","95",8,5,3
"Pedersören kunta","96",7,1,6
"Pedersören kunta","97",4,1,3
"Pedersören kunta","98",3,1,2
"Pedersören kunta","99",0,0,0
"Pedersören kunta","100 -",3,1,2
"Pelkosenniemi","0",1,1,0
"Pelkosenniemi","1",5,3,2
"Pelkosenniemi","2",8,4,4
"Pelkosenniemi","3",3,1,2
"Pelkosenniemi","4",12,8,4
"Pelkosenniemi","5",8,2,6
"Pelkosenniemi","6",8,2,6
"Pelkosenniemi","7",5,5,0
"Pelkosenniemi","8",6,5,1
"Pelkosenniemi","9",5,3,2
"Pelkosenniemi","10",2,2,0
"Pelkosenniemi","11",6,4,2
"Pelkosenniemi","12",5,3,2
"Pelkosenniemi","13",6,5,1
"Pelkosenniemi","14",8,4,4
"Pelkosenniemi","15",6,3,3
"Pelkosenniemi","16",2,0,2
"Pelkosenniemi","17",4,1,3
"Pelkosenniemi","18",3,2,1
"Pelkosenniemi","19",3,2,1
"Pelkosenniemi","20",1,1,0
"Pelkosenniemi","21",3,3,0
"Pelkosenniemi","22",1,0,1
"Pelkosenniemi","23",3,3,0
"Pelkosenniemi","24",2,1,1
"Pelkosenniemi","25",5,3,2
"Pelkosenniemi","26",6,3,3
"Pelkosenniemi","27",6,2,4
"Pelkosenniemi","28",8,6,2
"Pelkosenniemi","29",5,3,2
"Pelkosenniemi","30",8,6,2
"Pelkosenniemi","31",11,6,5
"Pelkosenniemi","32",9,5,4
"Pelkosenniemi","33",6,3,3
"Pelkosenniemi","34",3,2,1
"Pelkosenniemi","35",9,8,1
"Pelkosenniemi","36",14,3,11
"Pelkosenniemi","37",8,5,3
"Pelkosenniemi","38",10,5,5
"Pelkosenniemi","39",6,3,3
"Pelkosenniemi","40",6,2,4
"Pelkosenniemi","41",16,5,11
"Pelkosenniemi","42",17,8,9
"Pelkosenniemi","43",12,6,6
"Pelkosenniemi","44",7,2,5
"Pelkosenniemi","45",14,9,5
"Pelkosenniemi","46",3,1,2
"Pelkosenniemi","47",9,6,3
"Pelkosenniemi","48",6,2,4
"Pelkosenniemi","49",10,4,6
"Pelkosenniemi","50",11,7,4
"Pelkosenniemi","51",7,4,3
"Pelkosenniemi","52",12,7,5
"Pelkosenniemi","53",11,9,2
"Pelkosenniemi","54",21,15,6
"Pelkosenniemi","55",15,7,8
"Pelkosenniemi","56",13,9,4
"Pelkosenniemi","57",15,7,8
"Pelkosenniemi","58",13,9,4
"Pelkosenniemi","59",18,8,10
"Pelkosenniemi","60",20,7,13
"Pelkosenniemi","61",26,13,13
"Pelkosenniemi","62",26,16,10
"Pelkosenniemi","63",23,14,9
"Pelkosenniemi","64",25,17,8
"Pelkosenniemi","65",25,14,11
"Pelkosenniemi","66",22,9,13
"Pelkosenniemi","67",16,9,7
"Pelkosenniemi","68",20,12,8
"Pelkosenniemi","69",24,14,10
"Pelkosenniemi","70",20,15,5
"Pelkosenniemi","71",20,8,12
"Pelkosenniemi","72",20,13,7
"Pelkosenniemi","73",16,7,9
"Pelkosenniemi","74",24,12,12
"Pelkosenniemi","75",13,6,7
"Pelkosenniemi","76",12,7,5
"Pelkosenniemi","77",13,6,7
"Pelkosenniemi","78",5,2,3
"Pelkosenniemi","79",13,7,6
"Pelkosenniemi","80",9,4,5
"Pelkosenniemi","81",11,2,9
"Pelkosenniemi","82",4,2,2
"Pelkosenniemi","83",12,6,6
"Pelkosenniemi","84",2,2,0
"Pelkosenniemi","85",12,3,9
"Pelkosenniemi","86",6,2,4
"Pelkosenniemi","87",5,3,2
"Pelkosenniemi","88",5,2,3
"Pelkosenniemi","89",4,1,3
"Pelkosenniemi","90",2,2,0
"Pelkosenniemi","91",3,2,1
"Pelkosenniemi","92",0,0,0
"Pelkosenniemi","93",2,0,2
"Pelkosenniemi","94",2,1,1
"Pelkosenniemi","95",2,0,2
"Pelkosenniemi","96",1,1,0
"Pelkosenniemi","97",0,0,0
"Pelkosenniemi","98",0,0,0
"Pelkosenniemi","99",0,0,0
"Pelkosenniemi","100 -",0,0,0
"Pello","0",18,8,10
"Pello","1",21,12,9
"Pello","2",9,6,3
"Pello","3",17,6,11
"Pello","4",23,12,11
"Pello","5",27,11,16
"Pello","6",17,9,8
"Pello","7",27,13,14
"Pello","8",23,14,9
"Pello","9",25,10,15
"Pello","10",21,8,13
"Pello","11",23,13,10
"Pello","12",16,10,6
"Pello","13",22,10,12
"Pello","14",19,8,11
"Pello","15",31,16,15
"Pello","16",31,17,14
"Pello","17",24,13,11
"Pello","18",21,9,12
"Pello","19",22,11,11
"Pello","20",13,7,6
"Pello","21",18,11,7
"Pello","22",15,7,8
"Pello","23",17,11,6
"Pello","24",11,8,3
"Pello","25",17,9,8
"Pello","26",19,9,10
"Pello","27",21,13,8
"Pello","28",20,9,11
"Pello","29",30,17,13
"Pello","30",28,18,10
"Pello","31",19,10,9
"Pello","32",21,12,9
"Pello","33",21,12,9
"Pello","34",22,11,11
"Pello","35",20,14,6
"Pello","36",26,13,13
"Pello","37",33,18,15
"Pello","38",31,17,14
"Pello","39",25,12,13
"Pello","40",24,12,12
"Pello","41",20,12,8
"Pello","42",21,15,6
"Pello","43",22,12,10
"Pello","44",20,11,9
"Pello","45",22,12,10
"Pello","46",27,16,11
"Pello","47",26,19,7
"Pello","48",20,13,7
"Pello","49",25,11,14
"Pello","50",33,14,19
"Pello","51",34,14,20
"Pello","52",35,17,18
"Pello","53",36,22,14
"Pello","54",46,27,19
"Pello","55",52,21,31
"Pello","56",65,25,40
"Pello","57",61,28,33
"Pello","58",64,38,26
"Pello","59",64,35,29
"Pello","60",68,35,33
"Pello","61",68,36,32
"Pello","62",76,38,38
"Pello","63",65,38,27
"Pello","64",93,47,46
"Pello","65",77,41,36
"Pello","66",76,43,33
"Pello","67",75,40,35
"Pello","68",83,43,40
"Pello","69",80,40,40
"Pello","70",75,44,31
"Pello","71",83,48,35
"Pello","72",76,45,31
"Pello","73",66,36,30
"Pello","74",66,32,34
"Pello","75",39,14,25
"Pello","76",34,12,22
"Pello","77",42,19,23
"Pello","78",49,28,21
"Pello","79",53,24,29
"Pello","80",35,17,18
"Pello","81",44,23,21
"Pello","82",33,17,16
"Pello","83",36,14,22
"Pello","84",28,10,18
"Pello","85",33,15,18
"Pello","86",36,12,24
"Pello","87",29,11,18
"Pello","88",20,8,12
"Pello","89",25,11,14
"Pello","90",15,8,7
"Pello","91",16,2,14
"Pello","92",8,3,5
"Pello","93",10,2,8
"Pello","94",3,2,1
"Pello","95",3,1,2
"Pello","96",1,0,1
"Pello","97",1,0,1
"Pello","98",2,0,2
"Pello","99",0,0,0
"Pello","100 -",1,0,1
"Perho","0",30,11,19
"Perho","1",36,18,18
"Perho","2",37,19,18
"Perho","3",42,20,22
"Perho","4",47,26,21
"Perho","5",43,22,21
"Perho","6",50,33,17
"Perho","7",45,21,24
"Perho","8",47,27,20
"Perho","9",55,24,31
"Perho","10",47,26,21
"Perho","11",55,27,28
"Perho","12",46,22,24
"Perho","13",56,24,32
"Perho","14",53,28,25
"Perho","15",52,26,26
"Perho","16",46,24,22
"Perho","17",39,22,17
"Perho","18",33,20,13
"Perho","19",32,12,20
"Perho","20",25,17,8
"Perho","21",25,17,8
"Perho","22",13,8,5
"Perho","23",18,10,8
"Perho","24",25,14,11
"Perho","25",19,11,8
"Perho","26",25,10,15
"Perho","27",24,10,14
"Perho","28",19,10,9
"Perho","29",19,10,9
"Perho","30",17,9,8
"Perho","31",25,12,13
"Perho","32",24,12,12
"Perho","33",24,11,13
"Perho","34",30,15,15
"Perho","35",34,23,11
"Perho","36",32,15,17
"Perho","37",42,26,16
"Perho","38",23,14,9
"Perho","39",25,12,13
"Perho","40",30,15,15
"Perho","41",32,20,12
"Perho","42",26,16,10
"Perho","43",23,15,8
"Perho","44",26,16,10
"Perho","45",18,6,12
"Perho","46",21,7,14
"Perho","47",15,9,6
"Perho","48",25,11,14
"Perho","49",14,6,8
"Perho","50",21,17,4
"Perho","51",19,10,9
"Perho","52",23,12,11
"Perho","53",20,13,7
"Perho","54",26,11,15
"Perho","55",33,19,14
"Perho","56",29,15,14
"Perho","57",35,16,19
"Perho","58",25,13,12
"Perho","59",27,12,15
"Perho","60",28,13,15
"Perho","61",38,15,23
"Perho","62",37,14,23
"Perho","63",33,19,14
"Perho","64",38,18,20
"Perho","65",36,22,14
"Perho","66",37,16,21
"Perho","67",39,21,18
"Perho","68",43,23,20
"Perho","69",34,12,22
"Perho","70",46,27,19
"Perho","71",48,30,18
"Perho","72",42,20,22
"Perho","73",30,11,19
"Perho","74",35,22,13
"Perho","75",21,13,8
"Perho","76",27,11,16
"Perho","77",22,10,12
"Perho","78",17,8,9
"Perho","79",29,13,16
"Perho","80",13,4,9
"Perho","81",17,10,7
"Perho","82",18,5,13
"Perho","83",15,9,6
"Perho","84",8,2,6
"Perho","85",13,4,9
"Perho","86",18,10,8
"Perho","87",6,3,3
"Perho","88",11,3,8
"Perho","89",8,2,6
"Perho","90",6,1,5
"Perho","91",4,2,2
"Perho","92",4,2,2
"Perho","93",3,0,3
"Perho","94",6,1,5
"Perho","95",2,1,1
"Perho","96",2,0,2
"Perho","97",2,1,1
"Perho","98",1,0,1
"Perho","99",1,0,1
"Perho","100 -",1,0,1
"Pertunmaa","0",9,5,4
"Pertunmaa","1",9,6,3
"Pertunmaa","2",6,4,2
"Pertunmaa","3",5,1,4
"Pertunmaa","4",11,6,5
"Pertunmaa","5",12,7,5
"Pertunmaa","6",8,4,4
"Pertunmaa","7",8,3,5
"Pertunmaa","8",11,5,6
"Pertunmaa","9",13,8,5
"Pertunmaa","10",12,9,3
"Pertunmaa","11",10,5,5
"Pertunmaa","12",19,10,9
"Pertunmaa","13",19,8,11
"Pertunmaa","14",15,8,7
"Pertunmaa","15",20,13,7
"Pertunmaa","16",16,11,5
"Pertunmaa","17",15,6,9
"Pertunmaa","18",10,3,7
"Pertunmaa","19",10,5,5
"Pertunmaa","20",9,6,3
"Pertunmaa","21",8,7,1
"Pertunmaa","22",4,3,1
"Pertunmaa","23",11,6,5
"Pertunmaa","24",9,5,4
"Pertunmaa","25",9,6,3
"Pertunmaa","26",7,2,5
"Pertunmaa","27",6,3,3
"Pertunmaa","28",5,3,2
"Pertunmaa","29",9,7,2
"Pertunmaa","30",5,3,2
"Pertunmaa","31",8,3,5
"Pertunmaa","32",9,7,2
"Pertunmaa","33",5,4,1
"Pertunmaa","34",17,7,10
"Pertunmaa","35",8,4,4
"Pertunmaa","36",13,7,6
"Pertunmaa","37",9,5,4
"Pertunmaa","38",18,9,9
"Pertunmaa","39",10,4,6
"Pertunmaa","40",11,5,6
"Pertunmaa","41",21,11,10
"Pertunmaa","42",23,15,8
"Pertunmaa","43",17,5,12
"Pertunmaa","44",16,8,8
"Pertunmaa","45",12,5,7
"Pertunmaa","46",19,7,12
"Pertunmaa","47",24,14,10
"Pertunmaa","48",24,13,11
"Pertunmaa","49",14,5,9
"Pertunmaa","50",22,15,7
"Pertunmaa","51",20,11,9
"Pertunmaa","52",20,12,8
"Pertunmaa","53",23,10,13
"Pertunmaa","54",16,9,7
"Pertunmaa","55",32,20,12
"Pertunmaa","56",35,18,17
"Pertunmaa","57",22,8,14
"Pertunmaa","58",33,15,18
"Pertunmaa","59",26,17,9
"Pertunmaa","60",31,18,13
"Pertunmaa","61",43,22,21
"Pertunmaa","62",30,13,17
"Pertunmaa","63",24,15,9
"Pertunmaa","64",39,19,20
"Pertunmaa","65",38,22,16
"Pertunmaa","66",33,16,17
"Pertunmaa","67",34,15,19
"Pertunmaa","68",33,19,14
"Pertunmaa","69",32,17,15
"Pertunmaa","70",33,15,18
"Pertunmaa","71",43,20,23
"Pertunmaa","72",32,16,16
"Pertunmaa","73",29,16,13
"Pertunmaa","74",33,15,18
"Pertunmaa","75",28,18,10
"Pertunmaa","76",23,14,9
"Pertunmaa","77",20,9,11
"Pertunmaa","78",21,12,9
"Pertunmaa","79",27,12,15
"Pertunmaa","80",16,7,9
"Pertunmaa","81",26,12,14
"Pertunmaa","82",23,11,12
"Pertunmaa","83",18,8,10
"Pertunmaa","84",5,0,5
"Pertunmaa","85",15,11,4
"Pertunmaa","86",13,1,12
"Pertunmaa","87",7,3,4
"Pertunmaa","88",12,4,8
"Pertunmaa","89",7,4,3
"Pertunmaa","90",6,1,5
"Pertunmaa","91",6,1,5
"Pertunmaa","92",8,5,3
"Pertunmaa","93",8,3,5
"Pertunmaa","94",1,0,1
"Pertunmaa","95",5,2,3
"Pertunmaa","96",5,1,4
"Pertunmaa","97",0,0,0
"Pertunmaa","98",0,0,0
"Pertunmaa","99",0,0,0
"Pertunmaa","100 -",0,0,0
"Petäjävesi","0",25,9,16
"Petäjävesi","1",36,19,17
"Petäjävesi","2",31,10,21
"Petäjävesi","3",39,20,19
"Petäjävesi","4",37,20,17
"Petäjävesi","5",39,20,19
"Petäjävesi","6",56,33,23
"Petäjävesi","7",57,26,31
"Petäjävesi","8",45,15,30
"Petäjävesi","9",54,26,28
"Petäjävesi","10",56,27,29
"Petäjävesi","11",68,33,35
"Petäjävesi","12",59,30,29
"Petäjävesi","13",59,36,23
"Petäjävesi","14",51,28,23
"Petäjävesi","15",54,20,34
"Petäjävesi","16",48,24,24
"Petäjävesi","17",43,21,22
"Petäjävesi","18",38,17,21
"Petäjävesi","19",28,18,10
"Petäjävesi","20",31,23,8
"Petäjävesi","21",17,11,6
"Petäjävesi","22",15,13,2
"Petäjävesi","23",26,13,13
"Petäjävesi","24",20,13,7
"Petäjävesi","25",29,13,16
"Petäjävesi","26",18,9,9
"Petäjävesi","27",24,13,11
"Petäjävesi","28",35,20,15
"Petäjävesi","29",24,16,8
"Petäjävesi","30",20,7,13
"Petäjävesi","31",32,14,18
"Petäjävesi","32",46,25,21
"Petäjävesi","33",23,10,13
"Petäjävesi","34",45,22,23
"Petäjävesi","35",39,20,19
"Petäjävesi","36",50,30,20
"Petäjävesi","37",48,26,22
"Petäjävesi","38",55,23,32
"Petäjävesi","39",54,22,32
"Petäjävesi","40",50,28,22
"Petäjävesi","41",48,30,18
"Petäjävesi","42",49,24,25
"Petäjävesi","43",58,22,36
"Petäjävesi","44",50,24,26
"Petäjävesi","45",44,25,19
"Petäjävesi","46",36,17,19
"Petäjävesi","47",31,14,17
"Petäjävesi","48",39,22,17
"Petäjävesi","49",42,27,15
"Petäjävesi","50",52,24,28
"Petäjävesi","51",57,28,29
"Petäjävesi","52",54,30,24
"Petäjävesi","53",49,24,25
"Petäjävesi","54",66,35,31
"Petäjävesi","55",54,30,24
"Petäjävesi","56",58,39,19
"Petäjävesi","57",53,33,20
"Petäjävesi","58",56,26,30
"Petäjävesi","59",61,29,32
"Petäjävesi","60",51,27,24
"Petäjävesi","61",51,26,25
"Petäjävesi","62",48,29,19
"Petäjävesi","63",56,33,23
"Petäjävesi","64",49,26,23
"Petäjävesi","65",47,34,13
"Petäjävesi","66",61,30,31
"Petäjävesi","67",46,19,27
"Petäjävesi","68",49,31,18
"Petäjävesi","69",58,37,21
"Petäjävesi","70",50,33,17
"Petäjävesi","71",55,22,33
"Petäjävesi","72",55,27,28
"Petäjävesi","73",67,25,42
"Petäjävesi","74",51,20,31
"Petäjävesi","75",40,18,22
"Petäjävesi","76",32,16,16
"Petäjävesi","77",35,13,22
"Petäjävesi","78",34,20,14
"Petäjävesi","79",34,17,17
"Petäjävesi","80",20,14,6
"Petäjävesi","81",24,12,12
"Petäjävesi","82",24,13,11
"Petäjävesi","83",32,13,19
"Petäjävesi","84",18,8,10
"Petäjävesi","85",19,10,9
"Petäjävesi","86",9,2,7
"Petäjävesi","87",21,10,11
"Petäjävesi","88",8,2,6
"Petäjävesi","89",9,5,4
"Petäjävesi","90",8,2,6
"Petäjävesi","91",7,1,6
"Petäjävesi","92",7,2,5
"Petäjävesi","93",4,2,2
"Petäjävesi","94",4,1,3
"Petäjävesi","95",3,2,1
"Petäjävesi","96",2,1,1
"Petäjävesi","97",1,0,1
"Petäjävesi","98",1,0,1
"Petäjävesi","99",0,0,0
"Petäjävesi","100 -",1,0,1
"Pieksämäki","0",81,46,35
"Pieksämäki","1",120,59,61
"Pieksämäki","2",108,54,54
"Pieksämäki","3",115,52,63
"Pieksämäki","4",119,50,69
"Pieksämäki","5",139,75,64
"Pieksämäki","6",134,67,67
"Pieksämäki","7",138,73,65
"Pieksämäki","8",131,75,56
"Pieksämäki","9",182,104,78
"Pieksämäki","10",130,74,56
"Pieksämäki","11",148,80,68
"Pieksämäki","12",167,94,73
"Pieksämäki","13",154,78,76
"Pieksämäki","14",168,88,80
"Pieksämäki","15",159,77,82
"Pieksämäki","16",168,90,78
"Pieksämäki","17",150,79,71
"Pieksämäki","18",169,91,78
"Pieksämäki","19",157,86,71
"Pieksämäki","20",145,89,56
"Pieksämäki","21",126,78,48
"Pieksämäki","22",124,71,53
"Pieksämäki","23",111,66,45
"Pieksämäki","24",107,64,43
"Pieksämäki","25",114,61,53
"Pieksämäki","26",133,56,77
"Pieksämäki","27",126,71,55
"Pieksämäki","28",136,70,66
"Pieksämäki","29",164,89,75
"Pieksämäki","30",170,85,85
"Pieksämäki","31",162,78,84
"Pieksämäki","32",159,81,78
"Pieksämäki","33",170,83,87
"Pieksämäki","34",153,84,69
"Pieksämäki","35",184,100,84
"Pieksämäki","36",200,105,95
"Pieksämäki","37",190,85,105
"Pieksämäki","38",152,80,72
"Pieksämäki","39",145,76,69
"Pieksämäki","40",158,95,63
"Pieksämäki","41",151,77,74
"Pieksämäki","42",158,87,71
"Pieksämäki","43",160,83,77
"Pieksämäki","44",175,82,93
"Pieksämäki","45",178,97,81
"Pieksämäki","46",169,89,80
"Pieksämäki","47",144,67,77
"Pieksämäki","48",164,80,84
"Pieksämäki","49",167,77,90
"Pieksämäki","50",194,106,88
"Pieksämäki","51",198,106,92
"Pieksämäki","52",224,111,113
"Pieksämäki","53",225,108,117
"Pieksämäki","54",240,116,124
"Pieksämäki","55",292,136,156
"Pieksämäki","56",307,160,147
"Pieksämäki","57",276,131,145
"Pieksämäki","58",290,147,143
"Pieksämäki","59",311,172,139
"Pieksämäki","60",323,161,162
"Pieksämäki","61",293,153,140
"Pieksämäki","62",318,162,156
"Pieksämäki","63",344,153,191
"Pieksämäki","64",345,168,177
"Pieksämäki","65",359,176,183
"Pieksämäki","66",360,185,175
"Pieksämäki","67",342,173,169
"Pieksämäki","68",311,171,140
"Pieksämäki","69",323,174,149
"Pieksämäki","70",305,139,166
"Pieksämäki","71",298,149,149
"Pieksämäki","72",299,150,149
"Pieksämäki","73",332,155,177
"Pieksämäki","74",277,126,151
"Pieksämäki","75",246,116,130
"Pieksämäki","76",194,93,101
"Pieksämäki","77",212,101,111
"Pieksämäki","78",152,56,96
"Pieksämäki","79",220,88,132
"Pieksämäki","80",146,57,89
"Pieksämäki","81",173,55,118
"Pieksämäki","82",187,79,108
"Pieksämäki","83",132,50,82
"Pieksämäki","84",122,48,74
"Pieksämäki","85",126,32,94
"Pieksämäki","86",130,53,77
"Pieksämäki","87",83,30,53
"Pieksämäki","88",100,33,67
"Pieksämäki","89",82,19,63
"Pieksämäki","90",69,17,52
"Pieksämäki","91",59,21,38
"Pieksämäki","92",43,9,34
"Pieksämäki","93",22,5,17
"Pieksämäki","94",15,2,13
"Pieksämäki","95",13,3,10
"Pieksämäki","96",13,7,6
"Pieksämäki","97",7,1,6
"Pieksämäki","98",4,1,3
"Pieksämäki","99",2,0,2
"Pieksämäki","100 -",5,2,3
"Pielavesi","0",24,11,13
"Pielavesi","1",29,12,17
"Pielavesi","2",36,18,18
"Pielavesi","3",32,13,19
"Pielavesi","4",27,10,17
"Pielavesi","5",35,19,16
"Pielavesi","6",35,19,16
"Pielavesi","7",31,18,13
"Pielavesi","8",35,20,15
"Pielavesi","9",46,19,27
"Pielavesi","10",43,23,20
"Pielavesi","11",50,30,20
"Pielavesi","12",47,25,22
"Pielavesi","13",59,33,26
"Pielavesi","14",55,27,28
"Pielavesi","15",52,31,21
"Pielavesi","16",39,20,19
"Pielavesi","17",49,27,22
"Pielavesi","18",37,24,13
"Pielavesi","19",33,24,9
"Pielavesi","20",11,6,5
"Pielavesi","21",16,10,6
"Pielavesi","22",30,17,13
"Pielavesi","23",20,12,8
"Pielavesi","24",31,21,10
"Pielavesi","25",21,12,9
"Pielavesi","26",29,16,13
"Pielavesi","27",28,15,13
"Pielavesi","28",23,16,7
"Pielavesi","29",24,16,8
"Pielavesi","30",23,16,7
"Pielavesi","31",24,13,11
"Pielavesi","32",37,16,21
"Pielavesi","33",31,14,17
"Pielavesi","34",22,12,10
"Pielavesi","35",46,23,23
"Pielavesi","36",39,17,22
"Pielavesi","37",39,24,15
"Pielavesi","38",22,13,9
"Pielavesi","39",38,16,22
"Pielavesi","40",42,21,21
"Pielavesi","41",43,28,15
"Pielavesi","42",33,20,13
"Pielavesi","43",35,18,17
"Pielavesi","44",27,13,14
"Pielavesi","45",35,22,13
"Pielavesi","46",36,21,15
"Pielavesi","47",24,11,13
"Pielavesi","48",35,17,18
"Pielavesi","49",37,17,20
"Pielavesi","50",62,28,34
"Pielavesi","51",44,18,26
"Pielavesi","52",44,19,25
"Pielavesi","53",60,30,30
"Pielavesi","54",62,36,26
"Pielavesi","55",70,46,24
"Pielavesi","56",55,26,29
"Pielavesi","57",60,33,27
"Pielavesi","58",68,36,32
"Pielavesi","59",75,38,37
"Pielavesi","60",80,39,41
"Pielavesi","61",72,37,35
"Pielavesi","62",76,35,41
"Pielavesi","63",85,40,45
"Pielavesi","64",89,53,36
"Pielavesi","65",99,56,43
"Pielavesi","66",90,57,33
"Pielavesi","67",88,48,40
"Pielavesi","68",89,52,37
"Pielavesi","69",77,39,38
"Pielavesi","70",96,56,40
"Pielavesi","71",111,44,67
"Pielavesi","72",89,48,41
"Pielavesi","73",81,45,36
"Pielavesi","74",65,37,28
"Pielavesi","75",78,42,36
"Pielavesi","76",41,18,23
"Pielavesi","77",52,39,13
"Pielavesi","78",50,22,28
"Pielavesi","79",64,26,38
"Pielavesi","80",55,25,30
"Pielavesi","81",39,16,23
"Pielavesi","82",44,19,25
"Pielavesi","83",39,19,20
"Pielavesi","84",37,16,21
"Pielavesi","85",39,16,23
"Pielavesi","86",35,11,24
"Pielavesi","87",29,11,18
"Pielavesi","88",35,12,23
"Pielavesi","89",18,5,13
"Pielavesi","90",16,7,9
"Pielavesi","91",14,4,10
"Pielavesi","92",20,8,12
"Pielavesi","93",12,4,8
"Pielavesi","94",8,2,6
"Pielavesi","95",9,3,6
"Pielavesi","96",2,1,1
"Pielavesi","97",1,0,1
"Pielavesi","98",0,0,0
"Pielavesi","99",1,0,1
"Pielavesi","100 -",1,0,1
"Pietarsaari","0",152,72,80
"Pietarsaari","1",164,85,79
"Pietarsaari","2",177,95,82
"Pietarsaari","3",187,109,78
"Pietarsaari","4",187,93,94
"Pietarsaari","5",187,107,80
"Pietarsaari","6",182,102,80
"Pietarsaari","7",202,102,100
"Pietarsaari","8",185,82,103
"Pietarsaari","9",195,103,92
"Pietarsaari","10",232,120,112
"Pietarsaari","11",221,115,106
"Pietarsaari","12",210,119,91
"Pietarsaari","13",227,110,117
"Pietarsaari","14",240,125,115
"Pietarsaari","15",208,106,102
"Pietarsaari","16",213,111,102
"Pietarsaari","17",234,124,110
"Pietarsaari","18",252,125,127
"Pietarsaari","19",204,121,83
"Pietarsaari","20",161,78,83
"Pietarsaari","21",178,96,82
"Pietarsaari","22",175,99,76
"Pietarsaari","23",192,102,90
"Pietarsaari","24",220,110,110
"Pietarsaari","25",209,127,82
"Pietarsaari","26",226,123,103
"Pietarsaari","27",220,122,98
"Pietarsaari","28",190,89,101
"Pietarsaari","29",240,138,102
"Pietarsaari","30",230,119,111
"Pietarsaari","31",215,114,101
"Pietarsaari","32",219,121,98
"Pietarsaari","33",210,116,94
"Pietarsaari","34",198,112,86
"Pietarsaari","35",226,114,112
"Pietarsaari","36",202,109,93
"Pietarsaari","37",207,116,91
"Pietarsaari","38",203,99,104
"Pietarsaari","39",220,128,92
"Pietarsaari","40",225,118,107
"Pietarsaari","41",218,103,115
"Pietarsaari","42",227,115,112
"Pietarsaari","43",228,131,97
"Pietarsaari","44",218,116,102
"Pietarsaari","45",213,102,111
"Pietarsaari","46",217,96,121
"Pietarsaari","47",191,89,102
"Pietarsaari","48",222,119,103
"Pietarsaari","49",251,116,135
"Pietarsaari","50",235,124,111
"Pietarsaari","51",282,151,131
"Pietarsaari","52",259,132,127
"Pietarsaari","53",232,119,113
"Pietarsaari","54",257,141,116
"Pietarsaari","55",264,120,144
"Pietarsaari","56",234,117,117
"Pietarsaari","57",265,135,130
"Pietarsaari","58",220,101,119
"Pietarsaari","59",237,120,117
"Pietarsaari","60",241,111,130
"Pietarsaari","61",215,104,111
"Pietarsaari","62",221,116,105
"Pietarsaari","63",228,118,110
"Pietarsaari","64",249,118,131
"Pietarsaari","65",245,123,122
"Pietarsaari","66",228,111,117
"Pietarsaari","67",230,112,118
"Pietarsaari","68",240,114,126
"Pietarsaari","69",250,121,129
"Pietarsaari","70",250,124,126
"Pietarsaari","71",286,127,159
"Pietarsaari","72",301,151,150
"Pietarsaari","73",254,122,132
"Pietarsaari","74",267,122,145
"Pietarsaari","75",240,112,128
"Pietarsaari","76",198,93,105
"Pietarsaari","77",180,86,94
"Pietarsaari","78",172,73,99
"Pietarsaari","79",212,88,124
"Pietarsaari","80",147,74,73
"Pietarsaari","81",183,82,101
"Pietarsaari","82",173,61,112
"Pietarsaari","83",131,53,78
"Pietarsaari","84",128,47,81
"Pietarsaari","85",121,45,76
"Pietarsaari","86",89,34,55
"Pietarsaari","87",90,39,51
"Pietarsaari","88",74,29,45
"Pietarsaari","89",60,20,40
"Pietarsaari","90",59,17,42
"Pietarsaari","91",53,18,35
"Pietarsaari","92",33,7,26
"Pietarsaari","93",31,11,20
"Pietarsaari","94",31,6,25
"Pietarsaari","95",26,7,19
"Pietarsaari","96",14,3,11
"Pietarsaari","97",7,2,5
"Pietarsaari","98",8,2,6
"Pietarsaari","99",3,1,2
"Pietarsaari","100 -",3,0,3
"Pihtipudas","0",14,9,5
"Pihtipudas","1",30,15,15
"Pihtipudas","2",27,11,16
"Pihtipudas","3",33,16,17
"Pihtipudas","4",26,11,15
"Pihtipudas","5",26,10,16
"Pihtipudas","6",45,26,19
"Pihtipudas","7",32,16,16
"Pihtipudas","8",44,22,22
"Pihtipudas","9",33,18,15
"Pihtipudas","10",48,27,21
"Pihtipudas","11",50,28,22
"Pihtipudas","12",48,27,21
"Pihtipudas","13",51,23,28
"Pihtipudas","14",54,30,24
"Pihtipudas","15",44,17,27
"Pihtipudas","16",50,22,28
"Pihtipudas","17",53,27,26
"Pihtipudas","18",42,20,22
"Pihtipudas","19",32,21,11
"Pihtipudas","20",35,25,10
"Pihtipudas","21",24,12,12
"Pihtipudas","22",18,11,7
"Pihtipudas","23",15,10,5
"Pihtipudas","24",22,10,12
"Pihtipudas","25",26,13,13
"Pihtipudas","26",26,14,12
"Pihtipudas","27",27,18,9
"Pihtipudas","28",22,11,11
"Pihtipudas","29",37,20,17
"Pihtipudas","30",27,15,12
"Pihtipudas","31",24,10,14
"Pihtipudas","32",33,13,20
"Pihtipudas","33",31,17,14
"Pihtipudas","34",29,12,17
"Pihtipudas","35",31,15,16
"Pihtipudas","36",39,19,20
"Pihtipudas","37",36,18,18
"Pihtipudas","38",38,26,12
"Pihtipudas","39",39,18,21
"Pihtipudas","40",41,19,22
"Pihtipudas","41",30,9,21
"Pihtipudas","42",45,20,25
"Pihtipudas","43",36,18,18
"Pihtipudas","44",44,23,21
"Pihtipudas","45",31,15,16
"Pihtipudas","46",43,22,21
"Pihtipudas","47",47,28,19
"Pihtipudas","48",41,28,13
"Pihtipudas","49",29,12,17
"Pihtipudas","50",51,22,29
"Pihtipudas","51",43,21,22
"Pihtipudas","52",61,33,28
"Pihtipudas","53",53,38,15
"Pihtipudas","54",61,33,28
"Pihtipudas","55",55,33,22
"Pihtipudas","56",59,31,28
"Pihtipudas","57",49,22,27
"Pihtipudas","58",56,28,28
"Pihtipudas","59",72,33,39
"Pihtipudas","60",68,31,37
"Pihtipudas","61",60,25,35
"Pihtipudas","62",78,40,38
"Pihtipudas","63",71,32,39
"Pihtipudas","64",64,35,29
"Pihtipudas","65",87,41,46
"Pihtipudas","66",71,40,31
"Pihtipudas","67",61,35,26
"Pihtipudas","68",62,32,30
"Pihtipudas","69",58,33,25
"Pihtipudas","70",73,35,38
"Pihtipudas","71",69,37,32
"Pihtipudas","72",75,39,36
"Pihtipudas","73",57,27,30
"Pihtipudas","74",46,24,22
"Pihtipudas","75",58,31,27
"Pihtipudas","76",49,20,29
"Pihtipudas","77",46,18,28
"Pihtipudas","78",26,14,12
"Pihtipudas","79",54,15,39
"Pihtipudas","80",42,14,28
"Pihtipudas","81",42,17,25
"Pihtipudas","82",35,16,19
"Pihtipudas","83",42,15,27
"Pihtipudas","84",38,15,23
"Pihtipudas","85",37,18,19
"Pihtipudas","86",23,8,15
"Pihtipudas","87",26,11,15
"Pihtipudas","88",23,11,12
"Pihtipudas","89",20,8,12
"Pihtipudas","90",20,7,13
"Pihtipudas","91",13,4,9
"Pihtipudas","92",11,3,8
"Pihtipudas","93",5,2,3
"Pihtipudas","94",7,1,6
"Pihtipudas","95",1,0,1
"Pihtipudas","96",3,0,3
"Pihtipudas","97",1,0,1
"Pihtipudas","98",0,0,0
"Pihtipudas","99",0,0,0
"Pihtipudas","100 -",1,0,1
"Pirkkala","0",183,95,88
"Pirkkala","1",203,116,87
"Pirkkala","2",186,96,90
"Pirkkala","3",238,119,119
"Pirkkala","4",258,122,136
"Pirkkala","5",270,137,133
"Pirkkala","6",296,158,138
"Pirkkala","7",283,139,144
"Pirkkala","8",304,177,127
"Pirkkala","9",306,149,157
"Pirkkala","10",281,143,138
"Pirkkala","11",309,163,146
"Pirkkala","12",281,152,129
"Pirkkala","13",280,152,128
"Pirkkala","14",265,137,128
"Pirkkala","15",284,153,131
"Pirkkala","16",298,161,137
"Pirkkala","17",244,117,127
"Pirkkala","18",231,119,112
"Pirkkala","19",202,101,101
"Pirkkala","20",175,96,79
"Pirkkala","21",142,74,68
"Pirkkala","22",136,83,53
"Pirkkala","23",155,89,66
"Pirkkala","24",151,66,85
"Pirkkala","25",164,83,81
"Pirkkala","26",176,88,88
"Pirkkala","27",190,100,90
"Pirkkala","28",203,88,115
"Pirkkala","29",242,127,115
"Pirkkala","30",216,102,114
"Pirkkala","31",247,121,126
"Pirkkala","32",286,150,136
"Pirkkala","33",247,120,127
"Pirkkala","34",251,142,109
"Pirkkala","35",282,145,137
"Pirkkala","36",294,136,158
"Pirkkala","37",283,148,135
"Pirkkala","38",322,158,164
"Pirkkala","39",313,165,148
"Pirkkala","40",279,140,139
"Pirkkala","41",307,151,156
"Pirkkala","42",329,162,167
"Pirkkala","43",322,156,166
"Pirkkala","44",267,144,123
"Pirkkala","45",286,133,153
"Pirkkala","46",325,162,163
"Pirkkala","47",265,135,130
"Pirkkala","48",250,123,127
"Pirkkala","49",264,142,122
"Pirkkala","50",277,148,129
"Pirkkala","51",251,130,121
"Pirkkala","52",268,142,126
"Pirkkala","53",261,131,130
"Pirkkala","54",257,135,122
"Pirkkala","55",235,110,125
"Pirkkala","56",277,132,145
"Pirkkala","57",235,122,113
"Pirkkala","58",256,125,131
"Pirkkala","59",245,136,109
"Pirkkala","60",227,101,126
"Pirkkala","61",206,94,112
"Pirkkala","62",202,106,96
"Pirkkala","63",198,93,105
"Pirkkala","64",218,104,114
"Pirkkala","65",202,97,105
"Pirkkala","66",200,94,106
"Pirkkala","67",186,73,113
"Pirkkala","68",188,94,94
"Pirkkala","69",191,82,109
"Pirkkala","70",211,100,111
"Pirkkala","71",218,94,124
"Pirkkala","72",242,109,133
"Pirkkala","73",198,96,102
"Pirkkala","74",208,97,111
"Pirkkala","75",210,90,120
"Pirkkala","76",179,82,97
"Pirkkala","77",127,57,70
"Pirkkala","78",102,46,56
"Pirkkala","79",157,74,83
"Pirkkala","80",111,52,59
"Pirkkala","81",92,34,58
"Pirkkala","82",91,41,50
"Pirkkala","83",86,40,46
"Pirkkala","84",68,34,34
"Pirkkala","85",65,22,43
"Pirkkala","86",52,23,29
"Pirkkala","87",47,15,32
"Pirkkala","88",46,16,30
"Pirkkala","89",33,11,22
"Pirkkala","90",25,8,17
"Pirkkala","91",23,8,15
"Pirkkala","92",17,5,12
"Pirkkala","93",14,7,7
"Pirkkala","94",6,1,5
"Pirkkala","95",10,2,8
"Pirkkala","96",4,1,3
"Pirkkala","97",1,0,1
"Pirkkala","98",5,2,3
"Pirkkala","99",1,0,1
"Pirkkala","100 -",3,0,3
"Polvijärvi","0",32,18,14
"Polvijärvi","1",29,14,15
"Polvijärvi","2",33,19,14
"Polvijärvi","3",33,16,17
"Polvijärvi","4",48,21,27
"Polvijärvi","5",35,22,13
"Polvijärvi","6",37,15,22
"Polvijärvi","7",33,18,15
"Polvijärvi","8",35,14,21
"Polvijärvi","9",43,26,17
"Polvijärvi","10",43,21,22
"Polvijärvi","11",42,19,23
"Polvijärvi","12",37,23,14
"Polvijärvi","13",39,24,15
"Polvijärvi","14",38,16,22
"Polvijärvi","15",38,16,22
"Polvijärvi","16",38,19,19
"Polvijärvi","17",32,15,17
"Polvijärvi","18",24,16,8
"Polvijärvi","19",36,21,15
"Polvijärvi","20",13,7,6
"Polvijärvi","21",23,17,6
"Polvijärvi","22",15,9,6
"Polvijärvi","23",18,9,9
"Polvijärvi","24",26,13,13
"Polvijärvi","25",17,10,7
"Polvijärvi","26",28,9,19
"Polvijärvi","27",23,13,10
"Polvijärvi","28",29,15,14
"Polvijärvi","29",43,19,24
"Polvijärvi","30",50,31,19
"Polvijärvi","31",38,25,13
"Polvijärvi","32",41,20,21
"Polvijärvi","33",49,34,15
"Polvijärvi","34",27,11,16
"Polvijärvi","35",42,22,20
"Polvijärvi","36",39,24,15
"Polvijärvi","37",42,21,21
"Polvijärvi","38",36,19,17
"Polvijärvi","39",40,26,14
"Polvijärvi","40",50,25,25
"Polvijärvi","41",44,14,30
"Polvijärvi","42",32,16,16
"Polvijärvi","43",38,23,15
"Polvijärvi","44",38,23,15
"Polvijärvi","45",41,19,22
"Polvijärvi","46",37,23,14
"Polvijärvi","47",44,26,18
"Polvijärvi","48",46,30,16
"Polvijärvi","49",47,23,24
"Polvijärvi","50",48,29,19
"Polvijärvi","51",41,16,25
"Polvijärvi","52",50,24,26
"Polvijärvi","53",56,32,24
"Polvijärvi","54",52,24,28
"Polvijärvi","55",61,30,31
"Polvijärvi","56",55,27,28
"Polvijärvi","57",71,39,32
"Polvijärvi","58",77,37,40
"Polvijärvi","59",84,43,41
"Polvijärvi","60",65,38,27
"Polvijärvi","61",90,45,45
"Polvijärvi","62",76,47,29
"Polvijärvi","63",87,49,38
"Polvijärvi","64",83,45,38
"Polvijärvi","65",82,39,43
"Polvijärvi","66",103,54,49
"Polvijärvi","67",76,37,39
"Polvijärvi","68",98,54,44
"Polvijärvi","69",95,56,39
"Polvijärvi","70",75,44,31
"Polvijärvi","71",97,47,50
"Polvijärvi","72",77,42,35
"Polvijärvi","73",73,30,43
"Polvijärvi","74",68,35,33
"Polvijärvi","75",52,24,28
"Polvijärvi","76",37,19,18
"Polvijärvi","77",49,21,28
"Polvijärvi","78",33,20,13
"Polvijärvi","79",55,20,35
"Polvijärvi","80",33,10,23
"Polvijärvi","81",43,17,26
"Polvijärvi","82",46,22,24
"Polvijärvi","83",26,9,17
"Polvijärvi","84",40,19,21
"Polvijärvi","85",28,11,17
"Polvijärvi","86",25,13,12
"Polvijärvi","87",14,4,10
"Polvijärvi","88",22,6,16
"Polvijärvi","89",16,7,9
"Polvijärvi","90",18,4,14
"Polvijärvi","91",16,1,15
"Polvijärvi","92",7,1,6
"Polvijärvi","93",6,1,5
"Polvijärvi","94",3,2,1
"Polvijärvi","95",5,0,5
"Polvijärvi","96",1,0,1
"Polvijärvi","97",1,0,1
"Polvijärvi","98",0,0,0
"Polvijärvi","99",3,0,3
"Polvijärvi","100 -",1,0,1
"Pomarkku","0",9,7,2
"Pomarkku","1",13,5,8
"Pomarkku","2",17,8,9
"Pomarkku","3",11,6,5
"Pomarkku","4",19,11,8
"Pomarkku","5",24,10,14
"Pomarkku","6",23,14,9
"Pomarkku","7",25,11,14
"Pomarkku","8",21,14,7
"Pomarkku","9",22,10,12
"Pomarkku","10",16,4,12
"Pomarkku","11",24,16,8
"Pomarkku","12",25,12,13
"Pomarkku","13",28,17,11
"Pomarkku","14",24,15,9
"Pomarkku","15",29,13,16
"Pomarkku","16",17,6,11
"Pomarkku","17",18,10,8
"Pomarkku","18",27,15,12
"Pomarkku","19",26,18,8
"Pomarkku","20",10,6,4
"Pomarkku","21",12,9,3
"Pomarkku","22",10,4,6
"Pomarkku","23",9,7,2
"Pomarkku","24",10,5,5
"Pomarkku","25",11,7,4
"Pomarkku","26",13,8,5
"Pomarkku","27",12,6,6
"Pomarkku","28",12,4,8
"Pomarkku","29",5,0,5
"Pomarkku","30",20,9,11
"Pomarkku","31",20,11,9
"Pomarkku","32",17,10,7
"Pomarkku","33",14,7,7
"Pomarkku","34",19,11,8
"Pomarkku","35",15,9,6
"Pomarkku","36",27,9,18
"Pomarkku","37",21,9,12
"Pomarkku","38",25,13,12
"Pomarkku","39",23,14,9
"Pomarkku","40",15,9,6
"Pomarkku","41",27,12,15
"Pomarkku","42",25,16,9
"Pomarkku","43",26,12,14
"Pomarkku","44",17,5,12
"Pomarkku","45",22,16,6
"Pomarkku","46",20,13,7
"Pomarkku","47",25,12,13
"Pomarkku","48",17,12,5
"Pomarkku","49",25,10,15
"Pomarkku","50",30,14,16
"Pomarkku","51",26,10,16
"Pomarkku","52",21,13,8
"Pomarkku","53",27,16,11
"Pomarkku","54",35,19,16
"Pomarkku","55",25,9,16
"Pomarkku","56",26,17,9
"Pomarkku","57",31,14,17
"Pomarkku","58",27,14,13
"Pomarkku","59",32,19,13
"Pomarkku","60",43,21,22
"Pomarkku","61",32,18,14
"Pomarkku","62",31,19,12
"Pomarkku","63",40,24,16
"Pomarkku","64",38,19,19
"Pomarkku","65",33,16,17
"Pomarkku","66",39,18,21
"Pomarkku","67",39,19,20
"Pomarkku","68",29,17,12
"Pomarkku","69",36,19,17
"Pomarkku","70",35,20,15
"Pomarkku","71",35,21,14
"Pomarkku","72",35,23,12
"Pomarkku","73",35,17,18
"Pomarkku","74",24,9,15
"Pomarkku","75",33,11,22
"Pomarkku","76",30,15,15
"Pomarkku","77",25,11,14
"Pomarkku","78",14,6,8
"Pomarkku","79",18,9,9
"Pomarkku","80",16,7,9
"Pomarkku","81",23,9,14
"Pomarkku","82",24,8,16
"Pomarkku","83",21,7,14
"Pomarkku","84",17,7,10
"Pomarkku","85",16,8,8
"Pomarkku","86",13,7,6
"Pomarkku","87",9,3,6
"Pomarkku","88",8,2,6
"Pomarkku","89",18,9,9
"Pomarkku","90",10,1,9
"Pomarkku","91",3,2,1
"Pomarkku","92",3,1,2
"Pomarkku","93",5,0,5
"Pomarkku","94",3,1,2
"Pomarkku","95",3,1,2
"Pomarkku","96",1,0,1
"Pomarkku","97",2,1,1
"Pomarkku","98",0,0,0
"Pomarkku","99",2,0,2
"Pomarkku","100 -",0,0,0
"Pori","0",613,302,311
"Pori","1",585,304,281
"Pori","2",667,349,318
"Pori","3",700,365,335
"Pori","4",722,348,374
"Pori","5",784,394,390
"Pori","6",779,417,362
"Pori","7",855,424,431
"Pori","8",802,399,403
"Pori","9",855,431,424
"Pori","10",894,471,423
"Pori","11",837,408,429
"Pori","12",831,414,417
"Pori","13",856,457,399
"Pori","14",932,465,467
"Pori","15",843,415,428
"Pori","16",857,452,405
"Pori","17",908,480,428
"Pori","18",891,476,415
"Pori","19",885,440,445
"Pori","20",938,508,430
"Pori","21",963,481,482
"Pori","22",934,489,445
"Pori","23",1000,547,453
"Pori","24",994,546,448
"Pori","25",1041,532,509
"Pori","26",1074,529,545
"Pori","27",927,523,404
"Pori","28",1018,551,467
"Pori","29",985,530,455
"Pori","30",1070,553,517
"Pori","31",936,499,437
"Pori","32",1004,545,459
"Pori","33",990,503,487
"Pori","34",942,482,460
"Pori","35",980,514,466
"Pori","36",1005,513,492
"Pori","37",1068,584,484
"Pori","38",1065,539,526
"Pori","39",967,514,453
"Pori","40",915,472,443
"Pori","41",928,471,457
"Pori","42",983,490,493
"Pori","43",910,468,442
"Pori","44",999,516,483
"Pori","45",938,456,482
"Pori","46",850,408,442
"Pori","47",834,415,419
"Pori","48",850,430,420
"Pori","49",945,501,444
"Pori","50",996,484,512
"Pori","51",1003,496,507
"Pori","52",1114,532,582
"Pori","53",1112,561,551
"Pori","54",1099,545,554
"Pori","55",1110,589,521
"Pori","56",1172,593,579
"Pori","57",1144,577,567
"Pori","58",1189,584,605
"Pori","59",1074,509,565
"Pori","60",1057,521,536
"Pori","61",1067,510,557
"Pori","62",1075,511,564
"Pori","63",1152,545,607
"Pori","64",1146,524,622
"Pori","65",1145,539,606
"Pori","66",1162,573,589
"Pori","67",1166,530,636
"Pori","68",1203,578,625
"Pori","69",1120,548,572
"Pori","70",1240,555,685
"Pori","71",1230,571,659
"Pori","72",1278,583,695
"Pori","73",1287,581,706
"Pori","74",1151,495,656
"Pori","75",985,422,563
"Pori","76",877,404,473
"Pori","77",819,351,468
"Pori","78",623,249,374
"Pori","79",828,368,460
"Pori","80",624,268,356
"Pori","81",678,271,407
"Pori","82",624,245,379
"Pori","83",557,232,325
"Pori","84",542,198,344
"Pori","85",500,174,326
"Pori","86",390,141,249
"Pori","87",342,129,213
"Pori","88",331,129,202
"Pori","89",295,93,202
"Pori","90",260,73,187
"Pori","91",210,61,149
"Pori","92",151,41,110
"Pori","93",127,28,99
"Pori","94",83,23,60
"Pori","95",72,15,57
"Pori","96",43,8,35
"Pori","97",34,5,29
"Pori","98",20,4,16
"Pori","99",11,0,11
"Pori","100 -",17,3,14
"Pornainen","0",44,25,19
"Pornainen","1",48,26,22
"Pornainen","2",40,28,12
"Pornainen","3",58,22,36
"Pornainen","4",54,25,29
"Pornainen","5",58,35,23
"Pornainen","6",65,34,31
"Pornainen","7",68,42,26
"Pornainen","8",75,37,38
"Pornainen","9",76,43,33
"Pornainen","10",69,33,36
"Pornainen","11",87,34,53
"Pornainen","12",77,43,34
"Pornainen","13",81,51,30
"Pornainen","14",94,44,50
"Pornainen","15",76,40,36
"Pornainen","16",107,54,53
"Pornainen","17",83,44,39
"Pornainen","18",86,52,34
"Pornainen","19",51,24,27
"Pornainen","20",54,30,24
"Pornainen","21",41,25,16
"Pornainen","22",26,18,8
"Pornainen","23",33,24,9
"Pornainen","24",22,11,11
"Pornainen","25",42,24,18
"Pornainen","26",47,23,24
"Pornainen","27",45,31,14
"Pornainen","28",36,17,19
"Pornainen","29",40,25,15
"Pornainen","30",48,25,23
"Pornainen","31",39,19,20
"Pornainen","32",52,27,25
"Pornainen","33",51,29,22
"Pornainen","34",51,25,26
"Pornainen","35",63,32,31
"Pornainen","36",55,29,26
"Pornainen","37",65,32,33
"Pornainen","38",71,28,43
"Pornainen","39",69,30,39
"Pornainen","40",60,32,28
"Pornainen","41",79,35,44
"Pornainen","42",63,35,28
"Pornainen","43",68,36,32
"Pornainen","44",91,45,46
"Pornainen","45",82,46,36
"Pornainen","46",88,39,49
"Pornainen","47",71,40,31
"Pornainen","48",63,29,34
"Pornainen","49",76,40,36
"Pornainen","50",67,42,25
"Pornainen","51",84,48,36
"Pornainen","52",91,43,48
"Pornainen","53",75,38,37
"Pornainen","54",93,49,44
"Pornainen","55",98,50,48
"Pornainen","56",69,28,41
"Pornainen","57",77,37,40
"Pornainen","58",74,39,35
"Pornainen","59",68,36,32
"Pornainen","60",69,38,31
"Pornainen","61",63,40,23
"Pornainen","62",66,30,36
"Pornainen","63",81,44,37
"Pornainen","64",62,28,34
"Pornainen","65",67,33,34
"Pornainen","66",60,32,28
"Pornainen","67",50,31,19
"Pornainen","68",52,22,30
"Pornainen","69",55,29,26
"Pornainen","70",44,21,23
"Pornainen","71",64,34,30
"Pornainen","72",43,21,22
"Pornainen","73",46,23,23
"Pornainen","74",47,27,20
"Pornainen","75",27,12,15
"Pornainen","76",32,19,13
"Pornainen","77",20,9,11
"Pornainen","78",29,11,18
"Pornainen","79",35,15,20
"Pornainen","80",16,9,7
"Pornainen","81",17,12,5
"Pornainen","82",19,7,12
"Pornainen","83",16,4,12
"Pornainen","84",15,4,11
"Pornainen","85",11,2,9
"Pornainen","86",15,10,5
"Pornainen","87",11,2,9
"Pornainen","88",6,2,4
"Pornainen","89",13,2,11
"Pornainen","90",11,3,8
"Pornainen","91",7,1,6
"Pornainen","92",2,0,2
"Pornainen","93",2,0,2
"Pornainen","94",4,1,3
"Pornainen","95",2,2,0
"Pornainen","96",4,1,3
"Pornainen","97",0,0,0
"Pornainen","98",1,0,1
"Pornainen","99",1,0,1
"Pornainen","100 -",1,0,1
"Porvoo","0",423,202,221
"Porvoo","1",419,226,193
"Porvoo","2",458,246,212
"Porvoo","3",480,226,254
"Porvoo","4",490,249,241
"Porvoo","5",577,277,300
"Porvoo","6",573,308,265
"Porvoo","7",592,298,294
"Porvoo","8",627,304,323
"Porvoo","9",625,308,317
"Porvoo","10",627,313,314
"Porvoo","11",659,324,335
"Porvoo","12",615,310,305
"Porvoo","13",653,352,301
"Porvoo","14",636,338,298
"Porvoo","15",635,324,311
"Porvoo","16",636,338,298
"Porvoo","17",638,299,339
"Porvoo","18",608,290,318
"Porvoo","19",555,289,266
"Porvoo","20",481,257,224
"Porvoo","21",483,272,211
"Porvoo","22",425,232,193
"Porvoo","23",394,194,200
"Porvoo","24",468,240,228
"Porvoo","25",468,238,230
"Porvoo","26",502,272,230
"Porvoo","27",491,253,238
"Porvoo","28",547,306,241
"Porvoo","29",557,301,256
"Porvoo","30",580,296,284
"Porvoo","31",570,278,292
"Porvoo","32",559,270,289
"Porvoo","33",560,253,307
"Porvoo","34",535,295,240
"Porvoo","35",600,298,302
"Porvoo","36",672,362,310
"Porvoo","37",596,282,314
"Porvoo","38",635,323,312
"Porvoo","39",636,315,321
"Porvoo","40",630,332,298
"Porvoo","41",681,335,346
"Porvoo","42",641,324,317
"Porvoo","43",698,323,375
"Porvoo","44",719,374,345
"Porvoo","45",746,371,375
"Porvoo","46",705,335,370
"Porvoo","47",666,334,332
"Porvoo","48",694,343,351
"Porvoo","49",706,356,350
"Porvoo","50",691,320,371
"Porvoo","51",669,341,328
"Porvoo","52",721,337,384
"Porvoo","53",728,356,372
"Porvoo","54",747,381,366
"Porvoo","55",751,373,378
"Porvoo","56",685,344,341
"Porvoo","57",774,408,366
"Porvoo","58",700,333,367
"Porvoo","59",670,336,334
"Porvoo","60",654,307,347
"Porvoo","61",648,327,321
"Porvoo","62",633,319,314
"Porvoo","63",646,322,324
"Porvoo","64",685,340,345
"Porvoo","65",653,338,315
"Porvoo","66",601,271,330
"Porvoo","67",580,273,307
"Porvoo","68",671,293,378
"Porvoo","69",637,302,335
"Porvoo","70",654,305,349
"Porvoo","71",616,289,327
"Porvoo","72",662,306,356
"Porvoo","73",669,296,373
"Porvoo","74",637,300,337
"Porvoo","75",541,255,286
"Porvoo","76",431,209,222
"Porvoo","77",369,185,184
"Porvoo","78",362,155,207
"Porvoo","79",407,196,211
"Porvoo","80",315,149,166
"Porvoo","81",307,109,198
"Porvoo","82",262,111,151
"Porvoo","83",238,96,142
"Porvoo","84",212,80,132
"Porvoo","85",196,75,121
"Porvoo","86",171,58,113
"Porvoo","87",161,55,106
"Porvoo","88",144,45,99
"Porvoo","89",134,46,88
"Porvoo","90",107,27,80
"Porvoo","91",86,23,63
"Porvoo","92",63,17,46
"Porvoo","93",38,5,33
"Porvoo","94",36,8,28
"Porvoo","95",35,7,28
"Porvoo","96",15,1,14
"Porvoo","97",10,1,9
"Porvoo","98",13,2,11
"Porvoo","99",2,1,1
"Porvoo","100 -",11,0,11
"Posio","0",10,6,4
"Posio","1",14,6,8
"Posio","2",13,9,4
"Posio","3",11,5,6
"Posio","4",14,8,6
"Posio","5",10,6,4
"Posio","6",25,9,16
"Posio","7",22,8,14
"Posio","8",18,11,7
"Posio","9",15,5,10
"Posio","10",23,14,9
"Posio","11",19,14,5
"Posio","12",21,9,12
"Posio","13",22,12,10
"Posio","14",22,15,7
"Posio","15",24,11,13
"Posio","16",26,14,12
"Posio","17",21,11,10
"Posio","18",35,18,17
"Posio","19",16,14,2
"Posio","20",17,11,6
"Posio","21",8,4,4
"Posio","22",13,9,4
"Posio","23",13,7,6
"Posio","24",11,7,4
"Posio","25",12,10,2
"Posio","26",17,7,10
"Posio","27",15,6,9
"Posio","28",14,6,8
"Posio","29",14,11,3
"Posio","30",17,5,12
"Posio","31",17,8,9
"Posio","32",16,10,6
"Posio","33",15,7,8
"Posio","34",21,8,13
"Posio","35",15,8,7
"Posio","36",18,13,5
"Posio","37",17,8,9
"Posio","38",27,16,11
"Posio","39",23,14,9
"Posio","40",27,10,17
"Posio","41",17,9,8
"Posio","42",23,16,7
"Posio","43",13,6,7
"Posio","44",21,7,14
"Posio","45",22,9,13
"Posio","46",34,19,15
"Posio","47",25,16,9
"Posio","48",35,13,22
"Posio","49",43,21,22
"Posio","50",38,22,16
"Posio","51",35,22,13
"Posio","52",55,30,25
"Posio","53",46,24,22
"Posio","54",49,29,20
"Posio","55",70,33,37
"Posio","56",58,34,24
"Posio","57",70,40,30
"Posio","58",56,30,26
"Posio","59",61,33,28
"Posio","60",71,39,32
"Posio","61",79,46,33
"Posio","62",70,30,40
"Posio","63",65,38,27
"Posio","64",50,30,20
"Posio","65",65,36,29
"Posio","66",82,36,46
"Posio","67",69,38,31
"Posio","68",90,50,40
"Posio","69",72,41,31
"Posio","70",65,32,33
"Posio","71",80,33,47
"Posio","72",89,46,43
"Posio","73",77,40,37
"Posio","74",63,40,23
"Posio","75",46,22,24
"Posio","76",40,18,22
"Posio","77",48,28,20
"Posio","78",34,14,20
"Posio","79",63,31,32
"Posio","80",34,13,21
"Posio","81",34,20,14
"Posio","82",36,13,23
"Posio","83",28,11,17
"Posio","84",33,10,23
"Posio","85",21,8,13
"Posio","86",25,9,16
"Posio","87",19,5,14
"Posio","88",18,4,14
"Posio","89",15,6,9
"Posio","90",9,4,5
"Posio","91",9,5,4
"Posio","92",7,3,4
"Posio","93",2,1,1
"Posio","94",1,0,1
"Posio","95",1,0,1
"Posio","96",3,1,2
"Posio","97",2,0,2
"Posio","98",2,0,2
"Posio","99",0,0,0
"Posio","100 -",1,0,1
"Pudasjärvi","0",47,35,12
"Pudasjärvi","1",55,28,27
"Pudasjärvi","2",62,32,30
"Pudasjärvi","3",68,37,31
"Pudasjärvi","4",66,39,27
"Pudasjärvi","5",78,37,41
"Pudasjärvi","6",103,47,56
"Pudasjärvi","7",79,41,38
"Pudasjärvi","8",90,41,49
"Pudasjärvi","9",101,50,51
"Pudasjärvi","10",94,50,44
"Pudasjärvi","11",83,45,38
"Pudasjärvi","12",100,60,40
"Pudasjärvi","13",86,39,47
"Pudasjärvi","14",86,36,50
"Pudasjärvi","15",101,58,43
"Pudasjärvi","16",97,61,36
"Pudasjärvi","17",78,52,26
"Pudasjärvi","18",85,43,42
"Pudasjärvi","19",53,37,16
"Pudasjärvi","20",46,29,17
"Pudasjärvi","21",42,32,10
"Pudasjärvi","22",48,31,17
"Pudasjärvi","23",40,20,20
"Pudasjärvi","24",40,24,16
"Pudasjärvi","25",44,27,17
"Pudasjärvi","26",41,24,17
"Pudasjärvi","27",57,37,20
"Pudasjärvi","28",59,30,29
"Pudasjärvi","29",69,35,34
"Pudasjärvi","30",57,39,18
"Pudasjärvi","31",68,36,32
"Pudasjärvi","32",63,40,23
"Pudasjärvi","33",65,41,24
"Pudasjärvi","34",71,41,30
"Pudasjärvi","35",71,36,35
"Pudasjärvi","36",61,36,25
"Pudasjärvi","37",67,38,29
"Pudasjärvi","38",78,44,34
"Pudasjärvi","39",66,34,32
"Pudasjärvi","40",52,28,24
"Pudasjärvi","41",58,33,25
"Pudasjärvi","42",69,29,40
"Pudasjärvi","43",71,33,38
"Pudasjärvi","44",64,41,23
"Pudasjärvi","45",74,41,33
"Pudasjärvi","46",79,47,32
"Pudasjärvi","47",58,30,28
"Pudasjärvi","48",80,47,33
"Pudasjärvi","49",55,29,26
"Pudasjärvi","50",94,49,45
"Pudasjärvi","51",87,38,49
"Pudasjärvi","52",85,52,33
"Pudasjärvi","53",116,71,45
"Pudasjärvi","54",104,59,45
"Pudasjärvi","55",106,52,54
"Pudasjärvi","56",113,58,55
"Pudasjärvi","57",138,76,62
"Pudasjärvi","58",122,66,56
"Pudasjärvi","59",141,75,66
"Pudasjärvi","60",133,77,56
"Pudasjärvi","61",157,81,76
"Pudasjärvi","62",136,73,63
"Pudasjärvi","63",135,75,60
"Pudasjärvi","64",163,92,71
"Pudasjärvi","65",143,90,53
"Pudasjärvi","66",153,93,60
"Pudasjärvi","67",134,70,64
"Pudasjärvi","68",153,89,64
"Pudasjärvi","69",150,66,84
"Pudasjärvi","70",134,76,58
"Pudasjärvi","71",147,78,69
"Pudasjärvi","72",136,69,67
"Pudasjärvi","73",118,56,62
"Pudasjärvi","74",109,56,53
"Pudasjärvi","75",108,44,64
"Pudasjärvi","76",68,27,41
"Pudasjärvi","77",94,46,48
"Pudasjärvi","78",64,31,33
"Pudasjärvi","79",101,48,53
"Pudasjärvi","80",82,26,56
"Pudasjärvi","81",84,42,42
"Pudasjärvi","82",85,33,52
"Pudasjärvi","83",48,18,30
"Pudasjärvi","84",73,32,41
"Pudasjärvi","85",64,31,33
"Pudasjärvi","86",53,21,32
"Pudasjärvi","87",35,18,17
"Pudasjärvi","88",38,18,20
"Pudasjärvi","89",34,15,19
"Pudasjärvi","90",22,7,15
"Pudasjärvi","91",28,4,24
"Pudasjärvi","92",14,5,9
"Pudasjärvi","93",19,6,13
"Pudasjärvi","94",9,1,8
"Pudasjärvi","95",6,1,5
"Pudasjärvi","96",6,3,3
"Pudasjärvi","97",5,2,3
"Pudasjärvi","98",2,1,1
"Pudasjärvi","99",2,0,2
"Pudasjärvi","100 -",3,0,3
"Pukkila","0",12,7,5
"Pukkila","1",14,7,7
"Pukkila","2",10,6,4
"Pukkila","3",12,7,5
"Pukkila","4",19,8,11
"Pukkila","5",18,13,5
"Pukkila","6",26,12,14
"Pukkila","7",20,9,11
"Pukkila","8",18,7,11
"Pukkila","9",26,10,16
"Pukkila","10",23,11,12
"Pukkila","11",17,9,8
"Pukkila","12",25,10,15
"Pukkila","13",17,9,8
"Pukkila","14",31,12,19
"Pukkila","15",24,16,8
"Pukkila","16",17,8,9
"Pukkila","17",24,13,11
"Pukkila","18",18,9,9
"Pukkila","19",18,15,3
"Pukkila","20",16,8,8
"Pukkila","21",15,9,6
"Pukkila","22",12,9,3
"Pukkila","23",10,5,5
"Pukkila","24",16,12,4
"Pukkila","25",12,7,5
"Pukkila","26",11,7,4
"Pukkila","27",15,6,9
"Pukkila","28",17,11,6
"Pukkila","29",12,3,9
"Pukkila","30",17,9,8
"Pukkila","31",18,13,5
"Pukkila","32",13,5,8
"Pukkila","33",8,3,5
"Pukkila","34",12,7,5
"Pukkila","35",17,8,9
"Pukkila","36",18,9,9
"Pukkila","37",17,13,4
"Pukkila","38",21,10,11
"Pukkila","39",23,7,16
"Pukkila","40",16,10,6
"Pukkila","41",19,12,7
"Pukkila","42",21,13,8
"Pukkila","43",17,7,10
"Pukkila","44",25,14,11
"Pukkila","45",27,13,14
"Pukkila","46",31,15,16
"Pukkila","47",31,16,15
"Pukkila","48",30,15,15
"Pukkila","49",23,10,13
"Pukkila","50",34,16,18
"Pukkila","51",23,6,17
"Pukkila","52",36,21,15
"Pukkila","53",39,24,15
"Pukkila","54",36,16,20
"Pukkila","55",44,28,16
"Pukkila","56",21,9,12
"Pukkila","57",33,14,19
"Pukkila","58",38,20,18
"Pukkila","59",25,13,12
"Pukkila","60",24,15,9
"Pukkila","61",35,14,21
"Pukkila","62",27,19,8
"Pukkila","63",27,14,13
"Pukkila","64",27,13,14
"Pukkila","65",31,20,11
"Pukkila","66",17,9,8
"Pukkila","67",23,12,11
"Pukkila","68",17,8,9
"Pukkila","69",20,10,10
"Pukkila","70",18,9,9
"Pukkila","71",29,18,11
"Pukkila","72",18,6,12
"Pukkila","73",31,13,18
"Pukkila","74",29,14,15
"Pukkila","75",22,12,10
"Pukkila","76",19,12,7
"Pukkila","77",18,6,12
"Pukkila","78",6,6,0
"Pukkila","79",23,13,10
"Pukkila","80",14,8,6
"Pukkila","81",12,8,4
"Pukkila","82",9,3,6
"Pukkila","83",14,6,8
"Pukkila","84",12,7,5
"Pukkila","85",6,1,5
"Pukkila","86",10,4,6
"Pukkila","87",8,3,5
"Pukkila","88",8,5,3
"Pukkila","89",2,2,0
"Pukkila","90",6,0,6
"Pukkila","91",2,1,1
"Pukkila","92",4,3,1
"Pukkila","93",1,0,1
"Pukkila","94",2,1,1
"Pukkila","95",2,0,2
"Pukkila","96",2,0,2
"Pukkila","97",0,0,0
"Pukkila","98",0,0,0
"Pukkila","99",0,0,0
"Pukkila","100 -",0,0,0
"Punkalaidun","0",17,10,7
"Punkalaidun","1",10,7,3
"Punkalaidun","2",23,8,15
"Punkalaidun","3",17,7,10
"Punkalaidun","4",29,15,14
"Punkalaidun","5",20,11,9
"Punkalaidun","6",17,11,6
"Punkalaidun","7",23,13,10
"Punkalaidun","8",25,15,10
"Punkalaidun","9",20,10,10
"Punkalaidun","10",32,14,18
"Punkalaidun","11",26,16,10
"Punkalaidun","12",28,15,13
"Punkalaidun","13",30,17,13
"Punkalaidun","14",29,17,12
"Punkalaidun","15",35,22,13
"Punkalaidun","16",27,13,14
"Punkalaidun","17",28,13,15
"Punkalaidun","18",15,9,6
"Punkalaidun","19",28,16,12
"Punkalaidun","20",15,9,6
"Punkalaidun","21",16,9,7
"Punkalaidun","22",20,10,10
"Punkalaidun","23",23,15,8
"Punkalaidun","24",16,14,2
"Punkalaidun","25",9,3,6
"Punkalaidun","26",19,11,8
"Punkalaidun","27",13,9,4
"Punkalaidun","28",25,14,11
"Punkalaidun","29",28,17,11
"Punkalaidun","30",15,6,9
"Punkalaidun","31",22,10,12
"Punkalaidun","32",16,9,7
"Punkalaidun","33",18,12,6
"Punkalaidun","34",24,17,7
"Punkalaidun","35",23,9,14
"Punkalaidun","36",23,6,17
"Punkalaidun","37",25,14,11
"Punkalaidun","38",18,10,8
"Punkalaidun","39",26,11,15
"Punkalaidun","40",15,8,7
"Punkalaidun","41",35,16,19
"Punkalaidun","42",21,9,12
"Punkalaidun","43",26,14,12
"Punkalaidun","44",30,17,13
"Punkalaidun","45",27,16,11
"Punkalaidun","46",21,6,15
"Punkalaidun","47",39,20,19
"Punkalaidun","48",40,23,17
"Punkalaidun","49",32,18,14
"Punkalaidun","50",22,14,8
"Punkalaidun","51",36,19,17
"Punkalaidun","52",41,25,16
"Punkalaidun","53",43,17,26
"Punkalaidun","54",38,22,16
"Punkalaidun","55",38,23,15
"Punkalaidun","56",43,19,24
"Punkalaidun","57",45,26,19
"Punkalaidun","58",42,15,27
"Punkalaidun","59",47,28,19
"Punkalaidun","60",38,20,18
"Punkalaidun","61",44,22,22
"Punkalaidun","62",46,22,24
"Punkalaidun","63",48,25,23
"Punkalaidun","64",47,24,23
"Punkalaidun","65",49,30,19
"Punkalaidun","66",56,27,29
"Punkalaidun","67",56,30,26
"Punkalaidun","68",49,25,24
"Punkalaidun","69",57,34,23
"Punkalaidun","70",50,28,22
"Punkalaidun","71",37,15,22
"Punkalaidun","72",52,25,27
"Punkalaidun","73",49,26,23
"Punkalaidun","74",45,26,19
"Punkalaidun","75",46,19,27
"Punkalaidun","76",36,20,16
"Punkalaidun","77",39,20,19
"Punkalaidun","78",25,11,14
"Punkalaidun","79",38,20,18
"Punkalaidun","80",26,13,13
"Punkalaidun","81",23,6,17
"Punkalaidun","82",29,15,14
"Punkalaidun","83",26,12,14
"Punkalaidun","84",35,16,19
"Punkalaidun","85",19,10,9
"Punkalaidun","86",23,10,13
"Punkalaidun","87",21,7,14
"Punkalaidun","88",27,8,19
"Punkalaidun","89",15,7,8
"Punkalaidun","90",19,9,10
"Punkalaidun","91",19,9,10
"Punkalaidun","92",10,4,6
"Punkalaidun","93",11,6,5
"Punkalaidun","94",8,1,7
"Punkalaidun","95",5,1,4
"Punkalaidun","96",2,0,2
"Punkalaidun","97",0,0,0
"Punkalaidun","98",1,0,1
"Punkalaidun","99",3,0,3
"Punkalaidun","100 -",2,1,1
"Puolanka","0",8,4,4
"Puolanka","1",10,6,4
"Puolanka","2",10,6,4
"Puolanka","3",11,8,3
"Puolanka","4",17,7,10
"Puolanka","5",9,7,2
"Puolanka","6",11,8,3
"Puolanka","7",19,11,8
"Puolanka","8",13,8,5
"Puolanka","9",24,15,9
"Puolanka","10",15,7,8
"Puolanka","11",17,6,11
"Puolanka","12",24,11,13
"Puolanka","13",16,10,6
"Puolanka","14",22,14,8
"Puolanka","15",22,10,12
"Puolanka","16",19,14,5
"Puolanka","17",17,11,6
"Puolanka","18",15,8,7
"Puolanka","19",8,7,1
"Puolanka","20",10,5,5
"Puolanka","21",18,11,7
"Puolanka","22",12,6,6
"Puolanka","23",12,7,5
"Puolanka","24",14,8,6
"Puolanka","25",14,9,5
"Puolanka","26",17,11,6
"Puolanka","27",12,8,4
"Puolanka","28",14,9,5
"Puolanka","29",12,3,9
"Puolanka","30",15,10,5
"Puolanka","31",14,13,1
"Puolanka","32",9,5,4
"Puolanka","33",15,6,9
"Puolanka","34",19,12,7
"Puolanka","35",17,6,11
"Puolanka","36",14,10,4
"Puolanka","37",23,11,12
"Puolanka","38",17,12,5
"Puolanka","39",18,12,6
"Puolanka","40",16,8,8
"Puolanka","41",20,9,11
"Puolanka","42",22,11,11
"Puolanka","43",13,7,6
"Puolanka","44",15,9,6
"Puolanka","45",22,11,11
"Puolanka","46",20,13,7
"Puolanka","47",25,18,7
"Puolanka","48",22,12,10
"Puolanka","49",27,14,13
"Puolanka","50",33,18,15
"Puolanka","51",26,13,13
"Puolanka","52",35,20,15
"Puolanka","53",43,22,21
"Puolanka","54",40,21,19
"Puolanka","55",35,18,17
"Puolanka","56",38,24,14
"Puolanka","57",61,37,24
"Puolanka","58",51,30,21
"Puolanka","59",43,21,22
"Puolanka","60",53,28,25
"Puolanka","61",57,32,25
"Puolanka","62",58,27,31
"Puolanka","63",62,32,30
"Puolanka","64",68,38,30
"Puolanka","65",63,34,29
"Puolanka","66",48,26,22
"Puolanka","67",62,36,26
"Puolanka","68",62,29,33
"Puolanka","69",50,30,20
"Puolanka","70",40,16,24
"Puolanka","71",48,24,24
"Puolanka","72",65,33,32
"Puolanka","73",53,22,31
"Puolanka","74",51,24,27
"Puolanka","75",47,25,22
"Puolanka","76",49,24,25
"Puolanka","77",32,16,16
"Puolanka","78",26,11,15
"Puolanka","79",37,14,23
"Puolanka","80",29,14,15
"Puolanka","81",33,15,18
"Puolanka","82",29,13,16
"Puolanka","83",17,5,12
"Puolanka","84",22,13,9
"Puolanka","85",16,6,10
"Puolanka","86",14,3,11
"Puolanka","87",17,5,12
"Puolanka","88",21,2,19
"Puolanka","89",9,3,6
"Puolanka","90",9,4,5
"Puolanka","91",10,5,5
"Puolanka","92",6,2,4
"Puolanka","93",4,3,1
"Puolanka","94",3,1,2
"Puolanka","95",2,0,2
"Puolanka","96",2,0,2
"Puolanka","97",2,0,2
"Puolanka","98",3,1,2
"Puolanka","99",1,0,1
"Puolanka","100 -",1,0,1
"Puumala","0",6,4,2
"Puumala","1",8,6,2
"Puumala","2",5,1,4
"Puumala","3",7,3,4
"Puumala","4",6,4,2
"Puumala","5",6,2,4
"Puumala","6",9,5,4
"Puumala","7",7,3,4
"Puumala","8",12,6,6
"Puumala","9",11,6,5
"Puumala","10",12,5,7
"Puumala","11",18,7,11
"Puumala","12",14,3,11
"Puumala","13",11,4,7
"Puumala","14",14,5,9
"Puumala","15",20,11,9
"Puumala","16",16,10,6
"Puumala","17",20,10,10
"Puumala","18",11,7,4
"Puumala","19",13,8,5
"Puumala","20",8,4,4
"Puumala","21",11,5,6
"Puumala","22",8,7,1
"Puumala","23",7,4,3
"Puumala","24",17,11,6
"Puumala","25",8,4,4
"Puumala","26",12,5,7
"Puumala","27",16,6,10
"Puumala","28",13,9,4
"Puumala","29",10,7,3
"Puumala","30",15,11,4
"Puumala","31",20,10,10
"Puumala","32",12,6,6
"Puumala","33",12,8,4
"Puumala","34",13,7,6
"Puumala","35",13,6,7
"Puumala","36",17,7,10
"Puumala","37",14,8,6
"Puumala","38",18,13,5
"Puumala","39",16,9,7
"Puumala","40",13,8,5
"Puumala","41",9,4,5
"Puumala","42",14,6,8
"Puumala","43",17,7,10
"Puumala","44",11,7,4
"Puumala","45",18,9,9
"Puumala","46",22,8,14
"Puumala","47",21,13,8
"Puumala","48",15,7,8
"Puumala","49",21,13,8
"Puumala","50",27,20,7
"Puumala","51",23,12,11
"Puumala","52",32,15,17
"Puumala","53",25,11,14
"Puumala","54",32,18,14
"Puumala","55",36,17,19
"Puumala","56",31,14,17
"Puumala","57",43,22,21
"Puumala","58",26,13,13
"Puumala","59",30,19,11
"Puumala","60",43,25,18
"Puumala","61",56,31,25
"Puumala","62",50,29,21
"Puumala","63",51,24,27
"Puumala","64",45,22,23
"Puumala","65",60,35,25
"Puumala","66",58,25,33
"Puumala","67",53,26,27
"Puumala","68",56,26,30
"Puumala","69",40,24,16
"Puumala","70",54,32,22
"Puumala","71",56,31,25
"Puumala","72",61,28,33
"Puumala","73",54,31,23
"Puumala","74",61,34,27
"Puumala","75",42,16,26
"Puumala","76",39,17,22
"Puumala","77",18,10,8
"Puumala","78",22,9,13
"Puumala","79",38,18,20
"Puumala","80",15,7,8
"Puumala","81",23,12,11
"Puumala","82",28,13,15
"Puumala","83",24,10,14
"Puumala","84",12,6,6
"Puumala","85",20,10,10
"Puumala","86",17,6,11
"Puumala","87",10,5,5
"Puumala","88",12,5,7
"Puumala","89",8,2,6
"Puumala","90",18,4,14
"Puumala","91",10,5,5
"Puumala","92",9,3,6
"Puumala","93",7,3,4
"Puumala","94",4,2,2
"Puumala","95",1,0,1
"Puumala","96",2,1,1
"Puumala","97",4,1,3
"Puumala","98",1,0,1
"Puumala","99",1,1,0
"Puumala","100 -",2,1,1
"Pyhtää","0",34,22,12
"Pyhtää","1",36,19,17
"Pyhtää","2",31,15,16
"Pyhtää","3",39,17,22
"Pyhtää","4",59,20,39
"Pyhtää","5",52,28,24
"Pyhtää","6",48,25,23
"Pyhtää","7",64,38,26
"Pyhtää","8",82,34,48
"Pyhtää","9",73,31,42
"Pyhtää","10",67,24,43
"Pyhtää","11",65,35,30
"Pyhtää","12",61,34,27
"Pyhtää","13",54,25,29
"Pyhtää","14",63,26,37
"Pyhtää","15",72,26,46
"Pyhtää","16",56,31,25
"Pyhtää","17",41,25,16
"Pyhtää","18",44,24,20
"Pyhtää","19",37,22,15
"Pyhtää","20",25,19,6
"Pyhtää","21",17,11,6
"Pyhtää","22",22,14,8
"Pyhtää","23",16,11,5
"Pyhtää","24",29,18,11
"Pyhtää","25",32,15,17
"Pyhtää","26",34,20,14
"Pyhtää","27",36,17,19
"Pyhtää","28",33,13,20
"Pyhtää","29",31,25,6
"Pyhtää","30",35,19,16
"Pyhtää","31",49,24,25
"Pyhtää","32",43,25,18
"Pyhtää","33",39,17,22
"Pyhtää","34",58,29,29
"Pyhtää","35",63,32,31
"Pyhtää","36",62,28,34
"Pyhtää","37",70,39,31
"Pyhtää","38",75,36,39
"Pyhtää","39",72,34,38
"Pyhtää","40",68,36,32
"Pyhtää","41",59,31,28
"Pyhtää","42",77,39,38
"Pyhtää","43",72,41,31
"Pyhtää","44",88,43,45
"Pyhtää","45",71,37,34
"Pyhtää","46",61,34,27
"Pyhtää","47",58,28,30
"Pyhtää","48",53,27,26
"Pyhtää","49",66,28,38
"Pyhtää","50",75,38,37
"Pyhtää","51",61,31,30
"Pyhtää","52",74,41,33
"Pyhtää","53",80,44,36
"Pyhtää","54",81,42,39
"Pyhtää","55",90,47,43
"Pyhtää","56",77,47,30
"Pyhtää","57",67,33,34
"Pyhtää","58",73,39,34
"Pyhtää","59",74,43,31
"Pyhtää","60",85,44,41
"Pyhtää","61",87,48,39
"Pyhtää","62",69,33,36
"Pyhtää","63",70,26,44
"Pyhtää","64",90,39,51
"Pyhtää","65",92,53,39
"Pyhtää","66",74,40,34
"Pyhtää","67",69,30,39
"Pyhtää","68",76,46,30
"Pyhtää","69",74,36,38
"Pyhtää","70",68,27,41
"Pyhtää","71",79,38,41
"Pyhtää","72",90,51,39
"Pyhtää","73",90,40,50
"Pyhtää","74",79,41,38
"Pyhtää","75",67,38,29
"Pyhtää","76",58,25,33
"Pyhtää","77",44,19,25
"Pyhtää","78",42,15,27
"Pyhtää","79",46,22,24
"Pyhtää","80",39,17,22
"Pyhtää","81",38,15,23
"Pyhtää","82",36,13,23
"Pyhtää","83",30,18,12
"Pyhtää","84",25,10,15
"Pyhtää","85",26,13,13
"Pyhtää","86",21,7,14
"Pyhtää","87",19,6,13
"Pyhtää","88",17,11,6
"Pyhtää","89",17,6,11
"Pyhtää","90",16,4,12
"Pyhtää","91",12,3,9
"Pyhtää","92",13,2,11
"Pyhtää","93",4,2,2
"Pyhtää","94",7,3,4
"Pyhtää","95",6,3,3
"Pyhtää","96",2,0,2
"Pyhtää","97",1,1,0
"Pyhtää","98",1,0,1
"Pyhtää","99",0,0,0
"Pyhtää","100 -",2,1,1
"Pyhäjoki","0",25,14,11
"Pyhäjoki","1",25,11,14
"Pyhäjoki","2",20,14,6
"Pyhäjoki","3",35,14,21
"Pyhäjoki","4",33,15,18
"Pyhäjoki","5",30,13,17
"Pyhäjoki","6",36,19,17
"Pyhäjoki","7",45,24,21
"Pyhäjoki","8",36,23,13
"Pyhäjoki","9",40,18,22
"Pyhäjoki","10",41,20,21
"Pyhäjoki","11",47,23,24
"Pyhäjoki","12",43,25,18
"Pyhäjoki","13",39,24,15
"Pyhäjoki","14",35,23,12
"Pyhäjoki","15",44,21,23
"Pyhäjoki","16",34,19,15
"Pyhäjoki","17",40,17,23
"Pyhäjoki","18",37,24,13
"Pyhäjoki","19",20,13,7
"Pyhäjoki","20",28,23,5
"Pyhäjoki","21",21,14,7
"Pyhäjoki","22",15,11,4
"Pyhäjoki","23",13,8,5
"Pyhäjoki","24",12,6,6
"Pyhäjoki","25",21,10,11
"Pyhäjoki","26",19,12,7
"Pyhäjoki","27",18,11,7
"Pyhäjoki","28",25,12,13
"Pyhäjoki","29",26,14,12
"Pyhäjoki","30",30,16,14
"Pyhäjoki","31",29,14,15
"Pyhäjoki","32",30,17,13
"Pyhäjoki","33",33,20,13
"Pyhäjoki","34",34,16,18
"Pyhäjoki","35",40,22,18
"Pyhäjoki","36",27,15,12
"Pyhäjoki","37",33,19,14
"Pyhäjoki","38",29,15,14
"Pyhäjoki","39",23,11,12
"Pyhäjoki","40",37,21,16
"Pyhäjoki","41",37,17,20
"Pyhäjoki","42",33,20,13
"Pyhäjoki","43",48,26,22
"Pyhäjoki","44",41,19,22
"Pyhäjoki","45",33,23,10
"Pyhäjoki","46",28,18,10
"Pyhäjoki","47",30,16,14
"Pyhäjoki","48",34,18,16
"Pyhäjoki","49",31,17,14
"Pyhäjoki","50",39,18,21
"Pyhäjoki","51",33,20,13
"Pyhäjoki","52",44,28,16
"Pyhäjoki","53",43,22,21
"Pyhäjoki","54",35,15,20
"Pyhäjoki","55",43,25,18
"Pyhäjoki","56",37,22,15
"Pyhäjoki","57",37,20,17
"Pyhäjoki","58",49,33,16
"Pyhäjoki","59",33,17,16
"Pyhäjoki","60",36,14,22
"Pyhäjoki","61",34,21,13
"Pyhäjoki","62",52,25,27
"Pyhäjoki","63",36,17,19
"Pyhäjoki","64",44,22,22
"Pyhäjoki","65",46,23,23
"Pyhäjoki","66",36,19,17
"Pyhäjoki","67",41,22,19
"Pyhäjoki","68",56,32,24
"Pyhäjoki","69",47,24,23
"Pyhäjoki","70",59,24,35
"Pyhäjoki","71",62,34,28
"Pyhäjoki","72",49,23,26
"Pyhäjoki","73",61,29,32
"Pyhäjoki","74",52,27,25
"Pyhäjoki","75",40,24,16
"Pyhäjoki","76",27,16,11
"Pyhäjoki","77",30,13,17
"Pyhäjoki","78",18,8,10
"Pyhäjoki","79",35,16,19
"Pyhäjoki","80",25,11,14
"Pyhäjoki","81",26,10,16
"Pyhäjoki","82",22,6,16
"Pyhäjoki","83",18,8,10
"Pyhäjoki","84",14,7,7
"Pyhäjoki","85",23,11,12
"Pyhäjoki","86",12,6,6
"Pyhäjoki","87",14,2,12
"Pyhäjoki","88",17,4,13
"Pyhäjoki","89",8,1,7
"Pyhäjoki","90",14,5,9
"Pyhäjoki","91",8,4,4
"Pyhäjoki","92",13,6,7
"Pyhäjoki","93",9,1,8
"Pyhäjoki","94",3,1,2
"Pyhäjoki","95",1,1,0
"Pyhäjoki","96",4,1,3
"Pyhäjoki","97",2,0,2
"Pyhäjoki","98",1,1,0
"Pyhäjoki","99",0,0,0
"Pyhäjoki","100 -",0,0,0
"Pyhäjärvi","0",31,13,18
"Pyhäjärvi","1",35,21,14
"Pyhäjärvi","2",42,24,18
"Pyhäjärvi","3",42,19,23
"Pyhäjärvi","4",52,24,28
"Pyhäjärvi","5",41,19,22
"Pyhäjärvi","6",44,22,22
"Pyhäjärvi","7",49,26,23
"Pyhäjärvi","8",55,25,30
"Pyhäjärvi","9",65,33,32
"Pyhäjärvi","10",52,28,24
"Pyhäjärvi","11",56,19,37
"Pyhäjärvi","12",54,27,27
"Pyhäjärvi","13",40,22,18
"Pyhäjärvi","14",56,29,27
"Pyhäjärvi","15",68,31,37
"Pyhäjärvi","16",42,21,21
"Pyhäjärvi","17",44,26,18
"Pyhäjärvi","18",38,16,22
"Pyhäjärvi","19",38,21,17
"Pyhäjärvi","20",22,16,6
"Pyhäjärvi","21",18,14,4
"Pyhäjärvi","22",27,13,14
"Pyhäjärvi","23",43,24,19
"Pyhäjärvi","24",38,25,13
"Pyhäjärvi","25",25,15,10
"Pyhäjärvi","26",29,21,8
"Pyhäjärvi","27",37,15,22
"Pyhäjärvi","28",33,19,14
"Pyhäjärvi","29",43,26,17
"Pyhäjärvi","30",43,25,18
"Pyhäjärvi","31",36,24,12
"Pyhäjärvi","32",43,23,20
"Pyhäjärvi","33",36,22,14
"Pyhäjärvi","34",43,23,20
"Pyhäjärvi","35",39,13,26
"Pyhäjärvi","36",57,29,28
"Pyhäjärvi","37",35,18,17
"Pyhäjärvi","38",38,19,19
"Pyhäjärvi","39",55,26,29
"Pyhäjärvi","40",41,23,18
"Pyhäjärvi","41",58,29,29
"Pyhäjärvi","42",56,28,28
"Pyhäjärvi","43",35,18,17
"Pyhäjärvi","44",44,22,22
"Pyhäjärvi","45",42,22,20
"Pyhäjärvi","46",48,28,20
"Pyhäjärvi","47",42,21,21
"Pyhäjärvi","48",33,21,12
"Pyhäjärvi","49",48,20,28
"Pyhäjärvi","50",50,24,26
"Pyhäjärvi","51",54,36,18
"Pyhäjärvi","52",58,27,31
"Pyhäjärvi","53",63,34,29
"Pyhäjärvi","54",61,31,30
"Pyhäjärvi","55",78,44,34
"Pyhäjärvi","56",91,56,35
"Pyhäjärvi","57",66,34,32
"Pyhäjärvi","58",84,47,37
"Pyhäjärvi","59",74,41,33
"Pyhäjärvi","60",77,42,35
"Pyhäjärvi","61",100,42,58
"Pyhäjärvi","62",87,41,46
"Pyhäjärvi","63",87,40,47
"Pyhäjärvi","64",84,43,41
"Pyhäjärvi","65",105,54,51
"Pyhäjärvi","66",118,62,56
"Pyhäjärvi","67",84,49,35
"Pyhäjärvi","68",91,54,37
"Pyhäjärvi","69",81,51,30
"Pyhäjärvi","70",103,47,56
"Pyhäjärvi","71",101,52,49
"Pyhäjärvi","72",110,46,64
"Pyhäjärvi","73",84,45,39
"Pyhäjärvi","74",86,51,35
"Pyhäjärvi","75",82,39,43
"Pyhäjärvi","76",59,30,29
"Pyhäjärvi","77",72,34,38
"Pyhäjärvi","78",47,21,26
"Pyhäjärvi","79",63,24,39
"Pyhäjärvi","80",52,22,30
"Pyhäjärvi","81",52,22,30
"Pyhäjärvi","82",60,30,30
"Pyhäjärvi","83",43,21,22
"Pyhäjärvi","84",35,12,23
"Pyhäjärvi","85",33,12,21
"Pyhäjärvi","86",48,19,29
"Pyhäjärvi","87",23,7,16
"Pyhäjärvi","88",33,10,23
"Pyhäjärvi","89",26,7,19
"Pyhäjärvi","90",22,4,18
"Pyhäjärvi","91",19,5,14
"Pyhäjärvi","92",19,4,15
"Pyhäjärvi","93",12,3,9
"Pyhäjärvi","94",5,2,3
"Pyhäjärvi","95",6,0,6
"Pyhäjärvi","96",4,1,3
"Pyhäjärvi","97",4,2,2
"Pyhäjärvi","98",2,0,2
"Pyhäjärvi","99",2,0,2
"Pyhäjärvi","100 -",2,0,2
"Pyhäntä","0",20,11,9
"Pyhäntä","1",21,6,15
"Pyhäntä","2",20,14,6
"Pyhäntä","3",24,12,12
"Pyhäntä","4",16,10,6
"Pyhäntä","5",32,16,16
"Pyhäntä","6",17,11,6
"Pyhäntä","7",25,14,11
"Pyhäntä","8",26,14,12
"Pyhäntä","9",26,13,13
"Pyhäntä","10",22,14,8
"Pyhäntä","11",23,15,8
"Pyhäntä","12",25,7,18
"Pyhäntä","13",30,13,17
"Pyhäntä","14",19,9,10
"Pyhäntä","15",31,10,21
"Pyhäntä","16",24,13,11
"Pyhäntä","17",24,9,15
"Pyhäntä","18",14,8,6
"Pyhäntä","19",19,8,11
"Pyhäntä","20",9,5,4
"Pyhäntä","21",15,8,7
"Pyhäntä","22",11,9,2
"Pyhäntä","23",17,7,10
"Pyhäntä","24",19,10,9
"Pyhäntä","25",16,9,7
"Pyhäntä","26",14,8,6
"Pyhäntä","27",12,5,7
"Pyhäntä","28",13,7,6
"Pyhäntä","29",20,14,6
"Pyhäntä","30",10,7,3
"Pyhäntä","31",18,11,7
"Pyhäntä","32",23,10,13
"Pyhäntä","33",16,11,5
"Pyhäntä","34",16,11,5
"Pyhäntä","35",17,11,6
"Pyhäntä","36",14,9,5
"Pyhäntä","37",14,8,6
"Pyhäntä","38",13,6,7
"Pyhäntä","39",24,12,12
"Pyhäntä","40",15,7,8
"Pyhäntä","41",14,7,7
"Pyhäntä","42",16,10,6
"Pyhäntä","43",15,8,7
"Pyhäntä","44",15,8,7
"Pyhäntä","45",12,7,5
"Pyhäntä","46",19,9,10
"Pyhäntä","47",12,9,3
"Pyhäntä","48",14,5,9
"Pyhäntä","49",6,3,3
"Pyhäntä","50",13,8,5
"Pyhäntä","51",19,7,12
"Pyhäntä","52",8,5,3
"Pyhäntä","53",16,7,9
"Pyhäntä","54",14,7,7
"Pyhäntä","55",24,12,12
"Pyhäntä","56",16,7,9
"Pyhäntä","57",16,9,7
"Pyhäntä","58",18,8,10
"Pyhäntä","59",28,18,10
"Pyhäntä","60",33,15,18
"Pyhäntä","61",20,9,11
"Pyhäntä","62",33,19,14
"Pyhäntä","63",32,21,11
"Pyhäntä","64",23,11,12
"Pyhäntä","65",19,12,7
"Pyhäntä","66",33,12,21
"Pyhäntä","67",24,12,12
"Pyhäntä","68",19,10,9
"Pyhäntä","69",33,20,13
"Pyhäntä","70",28,16,12
"Pyhäntä","71",18,11,7
"Pyhäntä","72",21,14,7
"Pyhäntä","73",14,9,5
"Pyhäntä","74",13,7,6
"Pyhäntä","75",21,12,9
"Pyhäntä","76",9,5,4
"Pyhäntä","77",9,8,1
"Pyhäntä","78",9,2,7
"Pyhäntä","79",12,3,9
"Pyhäntä","80",9,5,4
"Pyhäntä","81",16,8,8
"Pyhäntä","82",13,8,5
"Pyhäntä","83",8,6,2
"Pyhäntä","84",8,3,5
"Pyhäntä","85",5,1,4
"Pyhäntä","86",7,2,5
"Pyhäntä","87",7,2,5
"Pyhäntä","88",3,1,2
"Pyhäntä","89",1,1,0
"Pyhäntä","90",4,2,2
"Pyhäntä","91",4,3,1
"Pyhäntä","92",2,1,1
"Pyhäntä","93",0,0,0
"Pyhäntä","94",0,0,0
"Pyhäntä","95",1,0,1
"Pyhäntä","96",2,0,2
"Pyhäntä","97",0,0,0
"Pyhäntä","98",0,0,0
"Pyhäntä","99",1,0,1
"Pyhäntä","100 -",0,0,0
"Pyhäranta","0",17,11,6
"Pyhäranta","1",21,8,13
"Pyhäranta","2",12,2,10
"Pyhäranta","3",20,9,11
"Pyhäranta","4",16,9,7
"Pyhäranta","5",22,10,12
"Pyhäranta","6",16,10,6
"Pyhäranta","7",21,11,10
"Pyhäranta","8",26,10,16
"Pyhäranta","9",31,23,8
"Pyhäranta","10",18,10,8
"Pyhäranta","11",21,10,11
"Pyhäranta","12",25,14,11
"Pyhäranta","13",15,6,9
"Pyhäranta","14",24,12,12
"Pyhäranta","15",16,8,8
"Pyhäranta","16",22,9,13
"Pyhäranta","17",17,9,8
"Pyhäranta","18",24,14,10
"Pyhäranta","19",16,10,6
"Pyhäranta","20",8,6,2
"Pyhäranta","21",9,6,3
"Pyhäranta","22",11,5,6
"Pyhäranta","23",11,7,4
"Pyhäranta","24",14,9,5
"Pyhäranta","25",11,8,3
"Pyhäranta","26",16,7,9
"Pyhäranta","27",14,10,4
"Pyhäranta","28",14,3,11
"Pyhäranta","29",14,7,7
"Pyhäranta","30",16,5,11
"Pyhäranta","31",27,16,11
"Pyhäranta","32",21,8,13
"Pyhäranta","33",17,11,6
"Pyhäranta","34",16,10,6
"Pyhäranta","35",19,6,13
"Pyhäranta","36",25,14,11
"Pyhäranta","37",28,13,15
"Pyhäranta","38",28,13,15
"Pyhäranta","39",22,13,9
"Pyhäranta","40",21,9,12
"Pyhäranta","41",22,11,11
"Pyhäranta","42",19,14,5
"Pyhäranta","43",20,11,9
"Pyhäranta","44",22,12,10
"Pyhäranta","45",22,12,10
"Pyhäranta","46",20,8,12
"Pyhäranta","47",25,14,11
"Pyhäranta","48",25,12,13
"Pyhäranta","49",18,8,10
"Pyhäranta","50",23,10,13
"Pyhäranta","51",28,13,15
"Pyhäranta","52",34,21,13
"Pyhäranta","53",27,16,11
"Pyhäranta","54",37,22,15
"Pyhäranta","55",37,21,16
"Pyhäranta","56",30,23,7
"Pyhäranta","57",35,25,10
"Pyhäranta","58",40,17,23
"Pyhäranta","59",29,15,14
"Pyhäranta","60",26,15,11
"Pyhäranta","61",24,15,9
"Pyhäranta","62",24,11,13
"Pyhäranta","63",32,23,9
"Pyhäranta","64",31,16,15
"Pyhäranta","65",32,19,13
"Pyhäranta","66",33,15,18
"Pyhäranta","67",39,21,18
"Pyhäranta","68",39,17,22
"Pyhäranta","69",29,14,15
"Pyhäranta","70",33,14,19
"Pyhäranta","71",40,18,22
"Pyhäranta","72",27,15,12
"Pyhäranta","73",30,16,14
"Pyhäranta","74",36,16,20
"Pyhäranta","75",29,14,15
"Pyhäranta","76",18,9,9
"Pyhäranta","77",18,10,8
"Pyhäranta","78",15,12,3
"Pyhäranta","79",18,6,12
"Pyhäranta","80",13,6,7
"Pyhäranta","81",19,5,14
"Pyhäranta","82",13,8,5
"Pyhäranta","83",11,7,4
"Pyhäranta","84",16,7,9
"Pyhäranta","85",15,7,8
"Pyhäranta","86",9,3,6
"Pyhäranta","87",13,5,8
"Pyhäranta","88",9,5,4
"Pyhäranta","89",7,4,3
"Pyhäranta","90",4,2,2
"Pyhäranta","91",4,1,3
"Pyhäranta","92",6,2,4
"Pyhäranta","93",3,2,1
"Pyhäranta","94",1,0,1
"Pyhäranta","95",2,0,2
"Pyhäranta","96",1,0,1
"Pyhäranta","97",0,0,0
"Pyhäranta","98",0,0,0
"Pyhäranta","99",0,0,0
"Pyhäranta","100 -",0,0,0
"Pälkäne","0",51,31,20
"Pälkäne","1",37,13,24
"Pälkäne","2",51,26,25
"Pälkäne","3",46,25,21
"Pälkäne","4",63,35,28
"Pälkäne","5",58,29,29
"Pälkäne","6",49,30,19
"Pälkäne","7",56,33,23
"Pälkäne","8",79,43,36
"Pälkäne","9",63,35,28
"Pälkäne","10",61,30,31
"Pälkäne","11",83,42,41
"Pälkäne","12",82,37,45
"Pälkäne","13",68,33,35
"Pälkäne","14",84,39,45
"Pälkäne","15",80,33,47
"Pälkäne","16",70,34,36
"Pälkäne","17",77,44,33
"Pälkäne","18",63,38,25
"Pälkäne","19",49,28,21
"Pälkäne","20",34,27,7
"Pälkäne","21",41,21,20
"Pälkäne","22",40,26,14
"Pälkäne","23",25,16,9
"Pälkäne","24",39,20,19
"Pälkäne","25",36,23,13
"Pälkäne","26",35,14,21
"Pälkäne","27",44,19,25
"Pälkäne","28",52,29,23
"Pälkäne","29",52,25,27
"Pälkäne","30",56,27,29
"Pälkäne","31",48,28,20
"Pälkäne","32",67,40,27
"Pälkäne","33",51,27,24
"Pälkäne","34",56,30,26
"Pälkäne","35",58,28,30
"Pälkäne","36",67,36,31
"Pälkäne","37",82,37,45
"Pälkäne","38",69,27,42
"Pälkäne","39",64,39,25
"Pälkäne","40",64,30,34
"Pälkäne","41",62,24,38
"Pälkäne","42",77,41,36
"Pälkäne","43",82,40,42
"Pälkäne","44",80,36,44
"Pälkäne","45",84,43,41
"Pälkäne","46",66,31,35
"Pälkäne","47",64,35,29
"Pälkäne","48",81,44,37
"Pälkäne","49",65,39,26
"Pälkäne","50",75,34,41
"Pälkäne","51",84,33,51
"Pälkäne","52",93,47,46
"Pälkäne","53",109,56,53
"Pälkäne","54",93,48,45
"Pälkäne","55",111,52,59
"Pälkäne","56",94,53,41
"Pälkäne","57",105,54,51
"Pälkäne","58",128,61,67
"Pälkäne","59",90,48,42
"Pälkäne","60",106,64,42
"Pälkäne","61",106,45,61
"Pälkäne","62",98,49,49
"Pälkäne","63",95,48,47
"Pälkäne","64",122,60,62
"Pälkäne","65",96,52,44
"Pälkäne","66",102,53,49
"Pälkäne","67",95,49,46
"Pälkäne","68",97,48,49
"Pälkäne","69",109,56,53
"Pälkäne","70",130,65,65
"Pälkäne","71",99,59,40
"Pälkäne","72",105,54,51
"Pälkäne","73",92,48,44
"Pälkäne","74",114,52,62
"Pälkäne","75",71,33,38
"Pälkäne","76",77,37,40
"Pälkäne","77",74,31,43
"Pälkäne","78",43,20,23
"Pälkäne","79",76,33,43
"Pälkäne","80",60,30,30
"Pälkäne","81",56,21,35
"Pälkäne","82",56,20,36
"Pälkäne","83",56,26,30
"Pälkäne","84",41,12,29
"Pälkäne","85",47,19,28
"Pälkäne","86",35,17,18
"Pälkäne","87",31,10,21
"Pälkäne","88",13,5,8
"Pälkäne","89",34,16,18
"Pälkäne","90",15,7,8
"Pälkäne","91",15,5,10
"Pälkäne","92",10,1,9
"Pälkäne","93",20,13,7
"Pälkäne","94",7,2,5
"Pälkäne","95",9,4,5
"Pälkäne","96",4,1,3
"Pälkäne","97",1,0,1
"Pälkäne","98",2,0,2
"Pälkäne","99",2,0,2
"Pälkäne","100 -",1,0,1
"Pöytyä","0",66,35,31
"Pöytyä","1",72,38,34
"Pöytyä","2",66,33,33
"Pöytyä","3",94,54,40
"Pöytyä","4",76,33,43
"Pöytyä","5",87,49,38
"Pöytyä","6",122,54,68
"Pöytyä","7",99,60,39
"Pöytyä","8",120,64,56
"Pöytyä","9",101,60,41
"Pöytyä","10",115,58,57
"Pöytyä","11",115,47,68
"Pöytyä","12",115,60,55
"Pöytyä","13",102,58,44
"Pöytyä","14",86,45,41
"Pöytyä","15",104,53,51
"Pöytyä","16",102,57,45
"Pöytyä","17",114,56,58
"Pöytyä","18",92,56,36
"Pöytyä","19",63,35,28
"Pöytyä","20",60,43,17
"Pöytyä","21",59,40,19
"Pöytyä","22",53,36,17
"Pöytyä","23",51,35,16
"Pöytyä","24",52,26,26
"Pöytyä","25",69,39,30
"Pöytyä","26",53,22,31
"Pöytyä","27",73,37,36
"Pöytyä","28",57,27,30
"Pöytyä","29",92,50,42
"Pöytyä","30",94,52,42
"Pöytyä","31",81,42,39
"Pöytyä","32",113,62,51
"Pöytyä","33",87,42,45
"Pöytyä","34",76,38,38
"Pöytyä","35",79,40,39
"Pöytyä","36",99,48,51
"Pöytyä","37",78,41,37
"Pöytyä","38",103,51,52
"Pöytyä","39",108,45,63
"Pöytyä","40",99,56,43
"Pöytyä","41",99,50,49
"Pöytyä","42",104,56,48
"Pöytyä","43",124,74,50
"Pöytyä","44",100,50,50
"Pöytyä","45",105,57,48
"Pöytyä","46",77,37,40
"Pöytyä","47",88,45,43
"Pöytyä","48",88,47,41
"Pöytyä","49",93,51,42
"Pöytyä","50",104,58,46
"Pöytyä","51",127,63,64
"Pöytyä","52",100,51,49
"Pöytyä","53",116,52,64
"Pöytyä","54",111,56,55
"Pöytyä","55",122,71,51
"Pöytyä","56",113,59,54
"Pöytyä","57",124,65,59
"Pöytyä","58",108,50,58
"Pöytyä","59",113,60,53
"Pöytyä","60",129,56,73
"Pöytyä","61",115,59,56
"Pöytyä","62",106,66,40
"Pöytyä","63",97,52,45
"Pöytyä","64",110,56,54
"Pöytyä","65",123,71,52
"Pöytyä","66",99,59,40
"Pöytyä","67",119,64,55
"Pöytyä","68",125,62,63
"Pöytyä","69",133,68,65
"Pöytyä","70",114,55,59
"Pöytyä","71",106,66,40
"Pöytyä","72",127,56,71
"Pöytyä","73",117,51,66
"Pöytyä","74",112,53,59
"Pöytyä","75",101,51,50
"Pöytyä","76",70,37,33
"Pöytyä","77",81,36,45
"Pöytyä","78",49,24,25
"Pöytyä","79",85,49,36
"Pöytyä","80",50,20,30
"Pöytyä","81",59,31,28
"Pöytyä","82",63,28,35
"Pöytyä","83",53,27,26
"Pöytyä","84",52,28,24
"Pöytyä","85",39,15,24
"Pöytyä","86",42,18,24
"Pöytyä","87",26,8,18
"Pöytyä","88",34,11,23
"Pöytyä","89",29,8,21
"Pöytyä","90",24,9,15
"Pöytyä","91",17,4,13
"Pöytyä","92",15,6,9
"Pöytyä","93",12,6,6
"Pöytyä","94",10,3,7
"Pöytyä","95",6,1,5
"Pöytyä","96",4,1,3
"Pöytyä","97",7,0,7
"Pöytyä","98",1,1,0
"Pöytyä","99",1,0,1
"Pöytyä","100 -",4,0,4
"Raahe","0",194,100,94
"Raahe","1",211,105,106
"Raahe","2",208,119,89
"Raahe","3",253,124,129
"Raahe","4",260,123,137
"Raahe","5",271,133,138
"Raahe","6",303,164,139
"Raahe","7",311,157,154
"Raahe","8",351,178,173
"Raahe","9",341,169,172
"Raahe","10",340,169,171
"Raahe","11",336,164,172
"Raahe","12",346,165,181
"Raahe","13",350,183,167
"Raahe","14",331,169,162
"Raahe","15",330,161,169
"Raahe","16",344,197,147
"Raahe","17",307,160,147
"Raahe","18",283,151,132
"Raahe","19",255,145,110
"Raahe","20",240,154,86
"Raahe","21",188,105,83
"Raahe","22",198,116,82
"Raahe","23",202,120,82
"Raahe","24",205,122,83
"Raahe","25",171,95,76
"Raahe","26",201,107,94
"Raahe","27",205,109,96
"Raahe","28",219,119,100
"Raahe","29",251,126,125
"Raahe","30",238,127,111
"Raahe","31",231,134,97
"Raahe","32",221,115,106
"Raahe","33",210,113,97
"Raahe","34",254,131,123
"Raahe","35",308,159,149
"Raahe","36",291,148,143
"Raahe","37",302,175,127
"Raahe","38",286,157,129
"Raahe","39",295,147,148
"Raahe","40",277,154,123
"Raahe","41",289,150,139
"Raahe","42",285,163,122
"Raahe","43",302,173,129
"Raahe","44",310,152,158
"Raahe","45",273,137,136
"Raahe","46",315,167,148
"Raahe","47",266,157,109
"Raahe","48",283,147,136
"Raahe","49",270,139,131
"Raahe","50",281,144,137
"Raahe","51",298,157,141
"Raahe","52",303,156,147
"Raahe","53",288,147,141
"Raahe","54",299,160,139
"Raahe","55",254,139,115
"Raahe","56",252,135,117
"Raahe","57",323,151,172
"Raahe","58",266,150,116
"Raahe","59",296,155,141
"Raahe","60",320,165,155
"Raahe","61",325,163,162
"Raahe","62",316,152,164
"Raahe","63",355,160,195
"Raahe","64",359,178,181
"Raahe","65",386,179,207
"Raahe","66",391,198,193
"Raahe","67",386,190,196
"Raahe","68",361,179,182
"Raahe","69",403,198,205
"Raahe","70",361,194,167
"Raahe","71",372,172,200
"Raahe","72",366,171,195
"Raahe","73",357,161,196
"Raahe","74",382,189,193
"Raahe","75",300,151,149
"Raahe","76",225,119,106
"Raahe","77",231,106,125
"Raahe","78",151,67,84
"Raahe","79",255,124,131
"Raahe","80",153,66,87
"Raahe","81",170,70,100
"Raahe","82",149,55,94
"Raahe","83",129,63,66
"Raahe","84",100,34,66
"Raahe","85",108,37,71
"Raahe","86",101,48,53
"Raahe","87",86,36,50
"Raahe","88",83,24,59
"Raahe","89",70,24,46
"Raahe","90",51,18,33
"Raahe","91",49,18,31
"Raahe","92",41,13,28
"Raahe","93",27,9,18
"Raahe","94",18,9,9
"Raahe","95",9,2,7
"Raahe","96",6,2,4
"Raahe","97",11,2,9
"Raahe","98",8,0,8
"Raahe","99",5,0,5
"Raahe","100 -",6,1,5
"Raasepori","0",224,118,106
"Raasepori","1",207,115,92
"Raasepori","2",229,99,130
"Raasepori","3",228,129,99
"Raasepori","4",219,116,103
"Raasepori","5",264,129,135
"Raasepori","6",239,137,102
"Raasepori","7",268,129,139
"Raasepori","8",274,150,124
"Raasepori","9",287,141,146
"Raasepori","10",318,155,163
"Raasepori","11",307,160,147
"Raasepori","12",305,144,161
"Raasepori","13",323,155,168
"Raasepori","14",291,151,140
"Raasepori","15",358,191,167
"Raasepori","16",276,156,120
"Raasepori","17",260,145,115
"Raasepori","18",250,137,113
"Raasepori","19",244,126,118
"Raasepori","20",218,130,88
"Raasepori","21",213,139,74
"Raasepori","22",208,115,93
"Raasepori","23",228,131,97
"Raasepori","24",217,113,104
"Raasepori","25",241,132,109
"Raasepori","26",228,126,102
"Raasepori","27",280,162,118
"Raasepori","28",260,132,128
"Raasepori","29",276,139,137
"Raasepori","30",276,148,128
"Raasepori","31",280,140,140
"Raasepori","32",319,168,151
"Raasepori","33",282,137,145
"Raasepori","34",299,158,141
"Raasepori","35",326,163,163
"Raasepori","36",308,162,146
"Raasepori","37",286,142,144
"Raasepori","38",314,167,147
"Raasepori","39",304,147,157
"Raasepori","40",330,164,166
"Raasepori","41",290,150,140
"Raasepori","42",330,176,154
"Raasepori","43",315,162,153
"Raasepori","44",324,145,179
"Raasepori","45",359,167,192
"Raasepori","46",378,210,168
"Raasepori","47",307,144,163
"Raasepori","48",335,170,165
"Raasepori","49",326,152,174
"Raasepori","50",369,179,190
"Raasepori","51",383,189,194
"Raasepori","52",371,188,183
"Raasepori","53",374,174,200
"Raasepori","54",376,187,189
"Raasepori","55",388,207,181
"Raasepori","56",442,228,214
"Raasepori","57",389,186,203
"Raasepori","58",385,202,183
"Raasepori","59",428,196,232
"Raasepori","60",405,192,213
"Raasepori","61",377,186,191
"Raasepori","62",407,202,205
"Raasepori","63",394,209,185
"Raasepori","64",425,210,215
"Raasepori","65",375,180,195
"Raasepori","66",392,198,194
"Raasepori","67",386,207,179
"Raasepori","68",376,178,198
"Raasepori","69",408,197,211
"Raasepori","70",395,186,209
"Raasepori","71",414,194,220
"Raasepori","72",426,197,229
"Raasepori","73",435,214,221
"Raasepori","74",437,217,220
"Raasepori","75",384,177,207
"Raasepori","76",318,154,164
"Raasepori","77",241,110,131
"Raasepori","78",248,117,131
"Raasepori","79",285,129,156
"Raasepori","80",232,92,140
"Raasepori","81",256,114,142
"Raasepori","82",232,103,129
"Raasepori","83",173,74,99
"Raasepori","84",148,59,89
"Raasepori","85",147,63,84
"Raasepori","86",140,51,89
"Raasepori","87",133,46,87
"Raasepori","88",112,34,78
"Raasepori","89",98,32,66
"Raasepori","90",101,32,69
"Raasepori","91",75,21,54
"Raasepori","92",67,16,51
"Raasepori","93",41,12,29
"Raasepori","94",25,7,18
"Raasepori","95",29,10,19
"Raasepori","96",17,4,13
"Raasepori","97",18,3,15
"Raasepori","98",8,0,8
"Raasepori","99",11,3,8
"Raasepori","100 -",4,0,4
"Raisio","0",231,127,104
"Raisio","1",197,108,89
"Raisio","2",207,103,104
"Raisio","3",253,131,122
"Raisio","4",231,104,127
"Raisio","5",265,131,134
"Raisio","6",279,147,132
"Raisio","7",254,129,125
"Raisio","8",272,139,133
"Raisio","9",262,129,133
"Raisio","10",262,132,130
"Raisio","11",280,135,145
"Raisio","12",265,133,132
"Raisio","13",276,129,147
"Raisio","14",263,150,113
"Raisio","15",252,124,128
"Raisio","16",274,132,142
"Raisio","17",258,137,121
"Raisio","18",283,158,125
"Raisio","19",253,140,113
"Raisio","20",202,118,84
"Raisio","21",201,117,84
"Raisio","22",197,109,88
"Raisio","23",185,103,82
"Raisio","24",222,124,98
"Raisio","25",219,121,98
"Raisio","26",284,142,142
"Raisio","27",277,151,126
"Raisio","28",292,142,150
"Raisio","29",299,158,141
"Raisio","30",262,145,117
"Raisio","31",271,126,145
"Raisio","32",312,158,154
"Raisio","33",284,147,137
"Raisio","34",327,156,171
"Raisio","35",307,175,132
"Raisio","36",292,155,137
"Raisio","37",304,168,136
"Raisio","38",308,157,151
"Raisio","39",317,153,164
"Raisio","40",322,161,161
"Raisio","41",332,152,180
"Raisio","42",314,157,157
"Raisio","43",309,160,149
"Raisio","44",336,173,163
"Raisio","45",313,168,145
"Raisio","46",270,128,142
"Raisio","47",283,143,140
"Raisio","48",301,147,154
"Raisio","49",301,156,145
"Raisio","50",268,139,129
"Raisio","51",320,157,163
"Raisio","52",382,192,190
"Raisio","53",358,179,179
"Raisio","54",372,169,203
"Raisio","55",365,182,183
"Raisio","56",346,157,189
"Raisio","57",355,166,189
"Raisio","58",423,215,208
"Raisio","59",342,171,171
"Raisio","60",311,155,156
"Raisio","61",346,187,159
"Raisio","62",304,146,158
"Raisio","63",325,158,167
"Raisio","64",351,167,184
"Raisio","65",353,183,170
"Raisio","66",337,160,177
"Raisio","67",340,155,185
"Raisio","68",310,136,174
"Raisio","69",286,138,148
"Raisio","70",311,152,159
"Raisio","71",311,132,179
"Raisio","72",324,163,161
"Raisio","73",311,136,175
"Raisio","74",314,145,169
"Raisio","75",248,116,132
"Raisio","76",222,94,128
"Raisio","77",180,84,96
"Raisio","78",142,69,73
"Raisio","79",201,96,105
"Raisio","80",164,67,97
"Raisio","81",163,77,86
"Raisio","82",177,72,105
"Raisio","83",149,55,94
"Raisio","84",130,35,95
"Raisio","85",116,45,71
"Raisio","86",99,31,68
"Raisio","87",82,23,59
"Raisio","88",90,26,64
"Raisio","89",74,28,46
"Raisio","90",68,18,50
"Raisio","91",54,18,36
"Raisio","92",30,5,25
"Raisio","93",29,4,25
"Raisio","94",21,6,15
"Raisio","95",15,3,12
"Raisio","96",8,3,5
"Raisio","97",8,0,8
"Raisio","98",8,1,7
"Raisio","99",3,2,1
"Raisio","100 -",1,0,1
"Rantasalmi","0",19,11,8
"Rantasalmi","1",18,8,10
"Rantasalmi","2",18,9,9
"Rantasalmi","3",27,15,12
"Rantasalmi","4",26,10,16
"Rantasalmi","5",18,11,7
"Rantasalmi","6",31,18,13
"Rantasalmi","7",20,11,9
"Rantasalmi","8",46,23,23
"Rantasalmi","9",26,10,16
"Rantasalmi","10",28,15,13
"Rantasalmi","11",21,11,10
"Rantasalmi","12",26,13,13
"Rantasalmi","13",33,17,16
"Rantasalmi","14",26,9,17
"Rantasalmi","15",25,15,10
"Rantasalmi","16",34,18,16
"Rantasalmi","17",33,14,19
"Rantasalmi","18",39,21,18
"Rantasalmi","19",22,12,10
"Rantasalmi","20",15,10,5
"Rantasalmi","21",13,9,4
"Rantasalmi","22",15,11,4
"Rantasalmi","23",16,11,5
"Rantasalmi","24",23,13,10
"Rantasalmi","25",13,8,5
"Rantasalmi","26",20,12,8
"Rantasalmi","27",25,13,12
"Rantasalmi","28",30,18,12
"Rantasalmi","29",27,13,14
"Rantasalmi","30",27,12,15
"Rantasalmi","31",30,15,15
"Rantasalmi","32",24,15,9
"Rantasalmi","33",22,11,11
"Rantasalmi","34",28,17,11
"Rantasalmi","35",22,14,8
"Rantasalmi","36",23,16,7
"Rantasalmi","37",29,16,13
"Rantasalmi","38",24,8,16
"Rantasalmi","39",20,13,7
"Rantasalmi","40",34,18,16
"Rantasalmi","41",25,12,13
"Rantasalmi","42",24,12,12
"Rantasalmi","43",28,19,9
"Rantasalmi","44",37,19,18
"Rantasalmi","45",37,16,21
"Rantasalmi","46",28,16,12
"Rantasalmi","47",42,19,23
"Rantasalmi","48",37,21,16
"Rantasalmi","49",30,13,17
"Rantasalmi","50",37,22,15
"Rantasalmi","51",41,19,22
"Rantasalmi","52",57,24,33
"Rantasalmi","53",40,17,23
"Rantasalmi","54",54,29,25
"Rantasalmi","55",58,29,29
"Rantasalmi","56",47,25,22
"Rantasalmi","57",58,33,25
"Rantasalmi","58",71,44,27
"Rantasalmi","59",69,38,31
"Rantasalmi","60",64,37,27
"Rantasalmi","61",65,35,30
"Rantasalmi","62",56,27,29
"Rantasalmi","63",71,34,37
"Rantasalmi","64",73,31,42
"Rantasalmi","65",66,39,27
"Rantasalmi","66",78,44,34
"Rantasalmi","67",73,40,33
"Rantasalmi","68",70,37,33
"Rantasalmi","69",61,30,31
"Rantasalmi","70",65,33,32
"Rantasalmi","71",65,35,30
"Rantasalmi","72",66,42,24
"Rantasalmi","73",68,37,31
"Rantasalmi","74",60,31,29
"Rantasalmi","75",64,25,39
"Rantasalmi","76",37,17,20
"Rantasalmi","77",30,18,12
"Rantasalmi","78",26,16,10
"Rantasalmi","79",48,23,25
"Rantasalmi","80",28,13,15
"Rantasalmi","81",40,16,24
"Rantasalmi","82",31,10,21
"Rantasalmi","83",32,14,18
"Rantasalmi","84",28,9,19
"Rantasalmi","85",26,12,14
"Rantasalmi","86",23,5,18
"Rantasalmi","87",18,9,9
"Rantasalmi","88",10,3,7
"Rantasalmi","89",24,8,16
"Rantasalmi","90",11,6,5
"Rantasalmi","91",11,3,8
"Rantasalmi","92",9,2,7
"Rantasalmi","93",8,0,8
"Rantasalmi","94",10,4,6
"Rantasalmi","95",4,0,4
"Rantasalmi","96",4,1,3
"Rantasalmi","97",1,0,1
"Rantasalmi","98",0,0,0
"Rantasalmi","99",1,0,1
"Rantasalmi","100 -",3,0,3
"Ranua","0",30,16,14
"Ranua","1",17,7,10
"Ranua","2",29,16,13
"Ranua","3",34,18,16
"Ranua","4",32,14,18
"Ranua","5",32,15,17
"Ranua","6",44,19,25
"Ranua","7",45,31,14
"Ranua","8",50,22,28
"Ranua","9",56,28,28
"Ranua","10",59,27,32
"Ranua","11",65,30,35
"Ranua","12",48,24,24
"Ranua","13",48,25,23
"Ranua","14",62,30,32
"Ranua","15",54,36,18
"Ranua","16",48,21,27
"Ranua","17",53,27,26
"Ranua","18",34,22,12
"Ranua","19",39,25,14
"Ranua","20",28,14,14
"Ranua","21",21,11,10
"Ranua","22",23,17,6
"Ranua","23",29,17,12
"Ranua","24",27,19,8
"Ranua","25",21,8,13
"Ranua","26",27,13,14
"Ranua","27",30,15,15
"Ranua","28",35,17,18
"Ranua","29",21,13,8
"Ranua","30",33,20,13
"Ranua","31",28,16,12
"Ranua","32",27,15,12
"Ranua","33",19,8,11
"Ranua","34",28,15,13
"Ranua","35",29,12,17
"Ranua","36",32,15,17
"Ranua","37",18,10,8
"Ranua","38",33,14,19
"Ranua","39",29,17,12
"Ranua","40",29,15,14
"Ranua","41",29,19,10
"Ranua","42",37,13,24
"Ranua","43",38,26,12
"Ranua","44",40,18,22
"Ranua","45",22,9,13
"Ranua","46",36,19,17
"Ranua","47",28,16,12
"Ranua","48",39,18,21
"Ranua","49",25,12,13
"Ranua","50",43,21,22
"Ranua","51",40,23,17
"Ranua","52",28,16,12
"Ranua","53",51,26,25
"Ranua","54",44,22,22
"Ranua","55",44,25,19
"Ranua","56",59,28,31
"Ranua","57",69,39,30
"Ranua","58",53,36,17
"Ranua","59",76,43,33
"Ranua","60",71,39,32
"Ranua","61",68,38,30
"Ranua","62",67,33,34
"Ranua","63",89,42,47
"Ranua","64",69,39,30
"Ranua","65",65,33,32
"Ranua","66",77,37,40
"Ranua","67",47,21,26
"Ranua","68",64,37,27
"Ranua","69",76,39,37
"Ranua","70",71,41,30
"Ranua","71",68,44,24
"Ranua","72",68,41,27
"Ranua","73",55,22,33
"Ranua","74",55,27,28
"Ranua","75",36,16,20
"Ranua","76",35,16,19
"Ranua","77",21,10,11
"Ranua","78",28,16,12
"Ranua","79",49,24,25
"Ranua","80",29,16,13
"Ranua","81",37,15,22
"Ranua","82",31,9,22
"Ranua","83",30,14,16
"Ranua","84",29,14,15
"Ranua","85",22,12,10
"Ranua","86",22,12,10
"Ranua","87",20,7,13
"Ranua","88",18,9,9
"Ranua","89",7,5,2
"Ranua","90",11,3,8
"Ranua","91",13,6,7
"Ranua","92",6,1,5
"Ranua","93",5,0,5
"Ranua","94",1,0,1
"Ranua","95",1,1,0
"Ranua","96",1,0,1
"Ranua","97",0,0,0
"Ranua","98",1,0,1
"Ranua","99",0,0,0
"Ranua","100 -",2,0,2
"Rauma","0",310,163,147
"Rauma","1",315,167,148
"Rauma","2",289,157,132
"Rauma","3",373,188,185
"Rauma","4",339,177,162
"Rauma","5",346,154,192
"Rauma","6",388,212,176
"Rauma","7",378,189,189
"Rauma","8",406,219,187
"Rauma","9",410,200,210
"Rauma","10",427,228,199
"Rauma","11",439,245,194
"Rauma","12",374,171,203
"Rauma","13",411,210,201
"Rauma","14",437,204,233
"Rauma","15",390,204,186
"Rauma","16",414,215,199
"Rauma","17",377,207,170
"Rauma","18",382,202,180
"Rauma","19",378,190,188
"Rauma","20",391,204,187
"Rauma","21",387,205,182
"Rauma","22",412,204,208
"Rauma","23",384,196,188
"Rauma","24",428,221,207
"Rauma","25",442,228,214
"Rauma","26",412,230,182
"Rauma","27",416,237,179
"Rauma","28",454,239,215
"Rauma","29",434,236,198
"Rauma","30",454,243,211
"Rauma","31",446,245,201
"Rauma","32",417,227,190
"Rauma","33",455,246,209
"Rauma","34",473,234,239
"Rauma","35",458,249,209
"Rauma","36",490,254,236
"Rauma","37",501,262,239
"Rauma","38",501,256,245
"Rauma","39",446,233,213
"Rauma","40",495,260,235
"Rauma","41",448,241,207
"Rauma","42",532,274,258
"Rauma","43",464,248,216
"Rauma","44",497,257,240
"Rauma","45",488,269,219
"Rauma","46",456,236,220
"Rauma","47",392,211,181
"Rauma","48",436,241,195
"Rauma","49",453,220,233
"Rauma","50",464,243,221
"Rauma","51",463,231,232
"Rauma","52",506,246,260
"Rauma","53",525,264,261
"Rauma","54",510,266,244
"Rauma","55",505,269,236
"Rauma","56",514,278,236
"Rauma","57",579,311,268
"Rauma","58",517,239,278
"Rauma","59",540,260,280
"Rauma","60",528,265,263
"Rauma","61",489,256,233
"Rauma","62",533,235,298
"Rauma","63",511,262,249
"Rauma","64",569,278,291
"Rauma","65",531,274,257
"Rauma","66",558,254,304
"Rauma","67",575,257,318
"Rauma","68",591,297,294
"Rauma","69",571,294,277
"Rauma","70",584,261,323
"Rauma","71",556,290,266
"Rauma","72",561,264,297
"Rauma","73",585,248,337
"Rauma","74",555,269,286
"Rauma","75",485,241,244
"Rauma","76",358,171,187
"Rauma","77",364,169,195
"Rauma","78",260,119,141
"Rauma","79",398,168,230
"Rauma","80",253,103,150
"Rauma","81",302,117,185
"Rauma","82",272,109,163
"Rauma","83",262,106,156
"Rauma","84",265,112,153
"Rauma","85",237,86,151
"Rauma","86",180,63,117
"Rauma","87",168,61,107
"Rauma","88",147,44,103
"Rauma","89",134,43,91
"Rauma","90",117,29,88
"Rauma","91",93,26,67
"Rauma","92",81,20,61
"Rauma","93",61,15,46
"Rauma","94",46,16,30
"Rauma","95",32,11,21
"Rauma","96",24,2,22
"Rauma","97",12,4,8
"Rauma","98",11,0,11
"Rauma","99",6,0,6
"Rauma","100 -",7,1,6
"Rautalampi","0",11,8,3
"Rautalampi","1",15,8,7
"Rautalampi","2",17,10,7
"Rautalampi","3",19,3,16
"Rautalampi","4",20,9,11
"Rautalampi","5",19,13,6
"Rautalampi","6",27,10,17
"Rautalampi","7",22,10,12
"Rautalampi","8",31,14,17
"Rautalampi","9",18,11,7
"Rautalampi","10",29,19,10
"Rautalampi","11",35,18,17
"Rautalampi","12",33,16,17
"Rautalampi","13",30,15,15
"Rautalampi","14",42,15,27
"Rautalampi","15",44,23,21
"Rautalampi","16",35,12,23
"Rautalampi","17",33,11,22
"Rautalampi","18",32,18,14
"Rautalampi","19",25,19,6
"Rautalampi","20",17,9,8
"Rautalampi","21",19,10,9
"Rautalampi","22",15,6,9
"Rautalampi","23",16,14,2
"Rautalampi","24",14,9,5
"Rautalampi","25",14,11,3
"Rautalampi","26",8,4,4
"Rautalampi","27",30,15,15
"Rautalampi","28",12,7,5
"Rautalampi","29",17,12,5
"Rautalampi","30",27,13,14
"Rautalampi","31",20,9,11
"Rautalampi","32",23,14,9
"Rautalampi","33",22,11,11
"Rautalampi","34",21,9,12
"Rautalampi","35",21,12,9
"Rautalampi","36",20,10,10
"Rautalampi","37",32,19,13
"Rautalampi","38",32,17,15
"Rautalampi","39",42,21,21
"Rautalampi","40",19,7,12
"Rautalampi","41",31,19,12
"Rautalampi","42",26,16,10
"Rautalampi","43",31,11,20
"Rautalampi","44",26,11,15
"Rautalampi","45",37,21,16
"Rautalampi","46",25,10,15
"Rautalampi","47",27,15,12
"Rautalampi","48",35,21,14
"Rautalampi","49",35,19,16
"Rautalampi","50",32,14,18
"Rautalampi","51",39,21,18
"Rautalampi","52",29,13,16
"Rautalampi","53",45,25,20
"Rautalampi","54",48,21,27
"Rautalampi","55",54,24,30
"Rautalampi","56",63,32,31
"Rautalampi","57",38,22,16
"Rautalampi","58",54,31,23
"Rautalampi","59",41,22,19
"Rautalampi","60",50,24,26
"Rautalampi","61",55,29,26
"Rautalampi","62",37,16,21
"Rautalampi","63",61,33,28
"Rautalampi","64",55,30,25
"Rautalampi","65",48,24,24
"Rautalampi","66",52,33,19
"Rautalampi","67",69,36,33
"Rautalampi","68",69,35,34
"Rautalampi","69",64,33,31
"Rautalampi","70",65,40,25
"Rautalampi","71",70,35,35
"Rautalampi","72",61,35,26
"Rautalampi","73",61,30,31
"Rautalampi","74",53,27,26
"Rautalampi","75",54,32,22
"Rautalampi","76",43,21,22
"Rautalampi","77",31,14,17
"Rautalampi","78",24,11,13
"Rautalampi","79",43,23,20
"Rautalampi","80",34,15,19
"Rautalampi","81",35,16,19
"Rautalampi","82",27,8,19
"Rautalampi","83",25,11,14
"Rautalampi","84",33,13,20
"Rautalampi","85",24,8,16
"Rautalampi","86",21,6,15
"Rautalampi","87",20,5,15
"Rautalampi","88",17,5,12
"Rautalampi","89",12,3,9
"Rautalampi","90",15,7,8
"Rautalampi","91",7,1,6
"Rautalampi","92",11,3,8
"Rautalampi","93",5,3,2
"Rautalampi","94",3,1,2
"Rautalampi","95",3,0,3
"Rautalampi","96",2,0,2
"Rautalampi","97",0,0,0
"Rautalampi","98",0,0,0
"Rautalampi","99",0,0,0
"Rautalampi","100 -",0,0,0
"Rautavaara","0",7,3,4
"Rautavaara","1",6,1,5
"Rautavaara","2",6,3,3
"Rautavaara","3",10,6,4
"Rautavaara","4",4,2,2
"Rautavaara","5",12,6,6
"Rautavaara","6",8,4,4
"Rautavaara","7",12,5,7
"Rautavaara","8",8,4,4
"Rautavaara","9",11,4,7
"Rautavaara","10",12,8,4
"Rautavaara","11",13,8,5
"Rautavaara","12",19,13,6
"Rautavaara","13",14,8,6
"Rautavaara","14",15,7,8
"Rautavaara","15",16,4,12
"Rautavaara","16",18,10,8
"Rautavaara","17",5,3,2
"Rautavaara","18",7,4,3
"Rautavaara","19",18,12,6
"Rautavaara","20",6,6,0
"Rautavaara","21",5,4,1
"Rautavaara","22",5,3,2
"Rautavaara","23",8,4,4
"Rautavaara","24",6,4,2
"Rautavaara","25",7,6,1
"Rautavaara","26",10,6,4
"Rautavaara","27",10,4,6
"Rautavaara","28",8,5,3
"Rautavaara","29",3,0,3
"Rautavaara","30",18,12,6
"Rautavaara","31",14,7,7
"Rautavaara","32",13,10,3
"Rautavaara","33",14,8,6
"Rautavaara","34",12,7,5
"Rautavaara","35",14,8,6
"Rautavaara","36",9,5,4
"Rautavaara","37",6,4,2
"Rautavaara","38",11,5,6
"Rautavaara","39",15,8,7
"Rautavaara","40",10,7,3
"Rautavaara","41",8,6,2
"Rautavaara","42",6,1,5
"Rautavaara","43",13,10,3
"Rautavaara","44",8,4,4
"Rautavaara","45",14,7,7
"Rautavaara","46",10,7,3
"Rautavaara","47",8,2,6
"Rautavaara","48",23,12,11
"Rautavaara","49",16,11,5
"Rautavaara","50",12,8,4
"Rautavaara","51",16,4,12
"Rautavaara","52",20,13,7
"Rautavaara","53",30,15,15
"Rautavaara","54",19,8,11
"Rautavaara","55",38,19,19
"Rautavaara","56",29,12,17
"Rautavaara","57",35,18,17
"Rautavaara","58",32,19,13
"Rautavaara","59",28,20,8
"Rautavaara","60",29,17,12
"Rautavaara","61",33,18,15
"Rautavaara","62",42,26,16
"Rautavaara","63",28,13,15
"Rautavaara","64",29,15,14
"Rautavaara","65",29,14,15
"Rautavaara","66",23,11,12
"Rautavaara","67",38,22,16
"Rautavaara","68",39,20,19
"Rautavaara","69",41,20,21
"Rautavaara","70",25,13,12
"Rautavaara","71",46,31,15
"Rautavaara","72",33,20,13
"Rautavaara","73",26,14,12
"Rautavaara","74",24,14,10
"Rautavaara","75",26,14,12
"Rautavaara","76",19,13,6
"Rautavaara","77",17,5,12
"Rautavaara","78",18,8,10
"Rautavaara","79",19,11,8
"Rautavaara","80",16,10,6
"Rautavaara","81",19,6,13
"Rautavaara","82",26,11,15
"Rautavaara","83",19,9,10
"Rautavaara","84",24,10,14
"Rautavaara","85",18,8,10
"Rautavaara","86",10,6,4
"Rautavaara","87",11,3,8
"Rautavaara","88",9,4,5
"Rautavaara","89",11,6,5
"Rautavaara","90",6,3,3
"Rautavaara","91",7,3,4
"Rautavaara","92",4,1,3
"Rautavaara","93",1,1,0
"Rautavaara","94",1,0,1
"Rautavaara","95",2,0,2
"Rautavaara","96",2,1,1
"Rautavaara","97",0,0,0
"Rautavaara","98",0,0,0
"Rautavaara","99",1,0,1
"Rautavaara","100 -",0,0,0
"Rautjärvi","0",12,6,6
"Rautjärvi","1",11,7,4
"Rautjärvi","2",17,8,9
"Rautjärvi","3",12,7,5
"Rautjärvi","4",14,2,12
"Rautjärvi","5",17,10,7
"Rautjärvi","6",18,7,11
"Rautjärvi","7",22,11,11
"Rautjärvi","8",21,7,14
"Rautjärvi","9",21,13,8
"Rautjärvi","10",14,10,4
"Rautjärvi","11",29,19,10
"Rautjärvi","12",24,12,12
"Rautjärvi","13",23,8,15
"Rautjärvi","14",31,17,14
"Rautjärvi","15",26,19,7
"Rautjärvi","16",18,9,9
"Rautjärvi","17",23,16,7
"Rautjärvi","18",20,9,11
"Rautjärvi","19",16,15,1
"Rautjärvi","20",21,16,5
"Rautjärvi","21",15,12,3
"Rautjärvi","22",13,9,4
"Rautjärvi","23",17,8,9
"Rautjärvi","24",18,10,8
"Rautjärvi","25",16,7,9
"Rautjärvi","26",15,6,9
"Rautjärvi","27",14,10,4
"Rautjärvi","28",15,8,7
"Rautjärvi","29",22,11,11
"Rautjärvi","30",13,6,7
"Rautjärvi","31",14,11,3
"Rautjärvi","32",20,14,6
"Rautjärvi","33",15,7,8
"Rautjärvi","34",27,11,16
"Rautjärvi","35",16,6,10
"Rautjärvi","36",16,10,6
"Rautjärvi","37",33,16,17
"Rautjärvi","38",25,16,9
"Rautjärvi","39",20,10,10
"Rautjärvi","40",26,14,12
"Rautjärvi","41",22,12,10
"Rautjärvi","42",23,14,9
"Rautjärvi","43",34,13,21
"Rautjärvi","44",22,12,10
"Rautjärvi","45",28,14,14
"Rautjärvi","46",36,14,22
"Rautjärvi","47",28,18,10
"Rautjärvi","48",44,24,20
"Rautjärvi","49",39,26,13
"Rautjärvi","50",37,18,19
"Rautjärvi","51",36,15,21
"Rautjärvi","52",39,23,16
"Rautjärvi","53",46,29,17
"Rautjärvi","54",45,24,21
"Rautjärvi","55",50,29,21
"Rautjärvi","56",50,26,24
"Rautjärvi","57",61,34,27
"Rautjärvi","58",55,28,27
"Rautjärvi","59",86,48,38
"Rautjärvi","60",69,38,31
"Rautjärvi","61",56,27,29
"Rautjärvi","62",66,31,35
"Rautjärvi","63",67,39,28
"Rautjärvi","64",65,29,36
"Rautjärvi","65",83,41,42
"Rautjärvi","66",68,40,28
"Rautjärvi","67",81,44,37
"Rautjärvi","68",75,44,31
"Rautjärvi","69",57,36,21
"Rautjärvi","70",64,26,38
"Rautjärvi","71",78,43,35
"Rautjärvi","72",68,33,35
"Rautjärvi","73",58,28,30
"Rautjärvi","74",62,36,26
"Rautjärvi","75",60,27,33
"Rautjärvi","76",42,24,18
"Rautjärvi","77",40,13,27
"Rautjärvi","78",34,18,16
"Rautjärvi","79",42,20,22
"Rautjärvi","80",29,14,15
"Rautjärvi","81",36,11,25
"Rautjärvi","82",34,10,24
"Rautjärvi","83",44,19,25
"Rautjärvi","84",21,7,14
"Rautjärvi","85",36,13,23
"Rautjärvi","86",26,9,17
"Rautjärvi","87",18,2,16
"Rautjärvi","88",20,5,15
"Rautjärvi","89",17,7,10
"Rautjärvi","90",16,5,11
"Rautjärvi","91",19,4,15
"Rautjärvi","92",9,2,7
"Rautjärvi","93",7,3,4
"Rautjärvi","94",9,3,6
"Rautjärvi","95",3,1,2
"Rautjärvi","96",4,0,4
"Rautjärvi","97",1,0,1
"Rautjärvi","98",1,0,1
"Rautjärvi","99",0,0,0
"Rautjärvi","100 -",0,0,0
"Reisjärvi","0",42,18,24
"Reisjärvi","1",18,9,9
"Reisjärvi","2",33,15,18
"Reisjärvi","3",22,16,6
"Reisjärvi","4",35,15,20
"Reisjärvi","5",29,15,14
"Reisjärvi","6",32,19,13
"Reisjärvi","7",41,24,17
"Reisjärvi","8",42,16,26
"Reisjärvi","9",30,15,15
"Reisjärvi","10",30,11,19
"Reisjärvi","11",45,21,24
"Reisjärvi","12",29,14,15
"Reisjärvi","13",45,25,20
"Reisjärvi","14",35,18,17
"Reisjärvi","15",42,21,21
"Reisjärvi","16",45,23,22
"Reisjärvi","17",32,17,15
"Reisjärvi","18",36,24,12
"Reisjärvi","19",29,17,12
"Reisjärvi","20",29,17,12
"Reisjärvi","21",22,12,10
"Reisjärvi","22",19,12,7
"Reisjärvi","23",17,11,6
"Reisjärvi","24",26,11,15
"Reisjärvi","25",23,15,8
"Reisjärvi","26",17,10,7
"Reisjärvi","27",25,12,13
"Reisjärvi","28",21,15,6
"Reisjärvi","29",29,14,15
"Reisjärvi","30",33,18,15
"Reisjärvi","31",25,11,14
"Reisjärvi","32",28,20,8
"Reisjärvi","33",19,14,5
"Reisjärvi","34",30,15,15
"Reisjärvi","35",27,15,12
"Reisjärvi","36",28,15,13
"Reisjärvi","37",17,11,6
"Reisjärvi","38",34,19,15
"Reisjärvi","39",23,11,12
"Reisjärvi","40",25,14,11
"Reisjärvi","41",21,13,8
"Reisjärvi","42",28,14,14
"Reisjärvi","43",21,12,9
"Reisjärvi","44",29,16,13
"Reisjärvi","45",28,13,15
"Reisjärvi","46",21,16,5
"Reisjärvi","47",27,14,13
"Reisjärvi","48",13,5,8
"Reisjärvi","49",26,20,6
"Reisjärvi","50",20,6,14
"Reisjärvi","51",28,14,14
"Reisjärvi","52",39,23,16
"Reisjärvi","53",42,18,24
"Reisjärvi","54",43,22,21
"Reisjärvi","55",36,15,21
"Reisjärvi","56",31,10,21
"Reisjärvi","57",35,21,14
"Reisjärvi","58",42,24,18
"Reisjärvi","59",40,22,18
"Reisjärvi","60",33,18,15
"Reisjärvi","61",42,24,18
"Reisjärvi","62",33,18,15
"Reisjärvi","63",32,11,21
"Reisjärvi","64",49,29,20
"Reisjärvi","65",45,24,21
"Reisjärvi","66",38,18,20
"Reisjärvi","67",45,19,26
"Reisjärvi","68",43,28,15
"Reisjärvi","69",40,21,19
"Reisjärvi","70",41,21,20
"Reisjärvi","71",31,16,15
"Reisjärvi","72",30,16,14
"Reisjärvi","73",36,25,11
"Reisjärvi","74",37,18,19
"Reisjärvi","75",35,21,14
"Reisjärvi","76",32,10,22
"Reisjärvi","77",25,12,13
"Reisjärvi","78",23,11,12
"Reisjärvi","79",36,15,21
"Reisjärvi","80",25,7,18
"Reisjärvi","81",14,4,10
"Reisjärvi","82",25,12,13
"Reisjärvi","83",20,14,6
"Reisjärvi","84",13,6,7
"Reisjärvi","85",17,5,12
"Reisjärvi","86",14,5,9
"Reisjärvi","87",9,4,5
"Reisjärvi","88",9,2,7
"Reisjärvi","89",7,0,7
"Reisjärvi","90",17,6,11
"Reisjärvi","91",6,1,5
"Reisjärvi","92",9,2,7
"Reisjärvi","93",9,0,9
"Reisjärvi","94",2,1,1
"Reisjärvi","95",3,1,2
"Reisjärvi","96",2,1,1
"Reisjärvi","97",1,0,1
"Reisjärvi","98",1,0,1
"Reisjärvi","99",0,0,0
"Reisjärvi","100 -",2,1,1
"Riihimäki","0",214,124,90
"Riihimäki","1",215,114,101
"Riihimäki","2",237,112,125
"Riihimäki","3",244,129,115
"Riihimäki","4",253,128,125
"Riihimäki","5",290,157,133
"Riihimäki","6",287,160,127
"Riihimäki","7",285,153,132
"Riihimäki","8",317,174,143
"Riihimäki","9",326,165,161
"Riihimäki","10",357,176,181
"Riihimäki","11",346,194,152
"Riihimäki","12",359,175,184
"Riihimäki","13",352,188,164
"Riihimäki","14",341,178,163
"Riihimäki","15",341,185,156
"Riihimäki","16",327,164,163
"Riihimäki","17",331,164,167
"Riihimäki","18",363,171,192
"Riihimäki","19",320,172,148
"Riihimäki","20",316,177,139
"Riihimäki","21",294,164,130
"Riihimäki","22",281,166,115
"Riihimäki","23",322,189,133
"Riihimäki","24",290,166,124
"Riihimäki","25",355,204,151
"Riihimäki","26",332,181,151
"Riihimäki","27",317,184,133
"Riihimäki","28",341,193,148
"Riihimäki","29",340,164,176
"Riihimäki","30",335,176,159
"Riihimäki","31",320,189,131
"Riihimäki","32",344,194,150
"Riihimäki","33",302,169,133
"Riihimäki","34",322,156,166
"Riihimäki","35",330,183,147
"Riihimäki","36",361,184,177
"Riihimäki","37",376,202,174
"Riihimäki","38",358,198,160
"Riihimäki","39",374,197,177
"Riihimäki","40",347,162,185
"Riihimäki","41",363,173,190
"Riihimäki","42",351,181,170
"Riihimäki","43",364,180,184
"Riihimäki","44",404,211,193
"Riihimäki","45",372,180,192
"Riihimäki","46",376,185,191
"Riihimäki","47",328,180,148
"Riihimäki","48",327,160,167
"Riihimäki","49",344,175,169
"Riihimäki","50",384,208,176
"Riihimäki","51",359,180,179
"Riihimäki","52",388,173,215
"Riihimäki","53",422,200,222
"Riihimäki","54",391,200,191
"Riihimäki","55",394,204,190
"Riihimäki","56",401,202,199
"Riihimäki","57",397,195,202
"Riihimäki","58",398,185,213
"Riihimäki","59",380,192,188
"Riihimäki","60",407,198,209
"Riihimäki","61",377,188,189
"Riihimäki","62",390,184,206
"Riihimäki","63",390,190,200
"Riihimäki","64",404,188,216
"Riihimäki","65",380,193,187
"Riihimäki","66",400,172,228
"Riihimäki","67",365,188,177
"Riihimäki","68",392,178,214
"Riihimäki","69",371,176,195
"Riihimäki","70",388,187,201
"Riihimäki","71",366,162,204
"Riihimäki","72",378,160,218
"Riihimäki","73",373,173,200
"Riihimäki","74",360,164,196
"Riihimäki","75",294,120,174
"Riihimäki","76",252,116,136
"Riihimäki","77",217,95,122
"Riihimäki","78",170,65,105
"Riihimäki","79",232,97,135
"Riihimäki","80",153,61,92
"Riihimäki","81",177,66,111
"Riihimäki","82",197,66,131
"Riihimäki","83",140,51,89
"Riihimäki","84",139,51,88
"Riihimäki","85",111,44,67
"Riihimäki","86",118,45,73
"Riihimäki","87",77,32,45
"Riihimäki","88",91,23,68
"Riihimäki","89",80,22,58
"Riihimäki","90",77,25,52
"Riihimäki","91",75,18,57
"Riihimäki","92",46,14,32
"Riihimäki","93",41,6,35
"Riihimäki","94",20,5,15
"Riihimäki","95",16,1,15
"Riihimäki","96",16,4,12
"Riihimäki","97",11,5,6
"Riihimäki","98",7,2,5
"Riihimäki","99",1,0,1
"Riihimäki","100 -",6,1,5
"Ristijärvi","0",7,3,4
"Ristijärvi","1",8,6,2
"Ristijärvi","2",5,4,1
"Ristijärvi","3",9,5,4
"Ristijärvi","4",11,3,8
"Ristijärvi","5",9,7,2
"Ristijärvi","6",8,5,3
"Ristijärvi","7",8,3,5
"Ristijärvi","8",8,6,2
"Ristijärvi","9",7,5,2
"Ristijärvi","10",10,6,4
"Ristijärvi","11",10,6,4
"Ristijärvi","12",13,6,7
"Ristijärvi","13",8,5,3
"Ristijärvi","14",5,4,1
"Ristijärvi","15",6,3,3
"Ristijärvi","16",9,5,4
"Ristijärvi","17",11,9,2
"Ristijärvi","18",11,10,1
"Ristijärvi","19",4,2,2
"Ristijärvi","20",4,2,2
"Ristijärvi","21",2,2,0
"Ristijärvi","22",1,1,0
"Ristijärvi","23",4,2,2
"Ristijärvi","24",3,1,2
"Ristijärvi","25",7,5,2
"Ristijärvi","26",7,5,2
"Ristijärvi","27",17,5,12
"Ristijärvi","28",13,9,4
"Ristijärvi","29",8,5,3
"Ristijärvi","30",5,0,5
"Ristijärvi","31",7,7,0
"Ristijärvi","32",10,6,4
"Ristijärvi","33",9,6,3
"Ristijärvi","34",8,4,4
"Ristijärvi","35",11,7,4
"Ristijärvi","36",11,6,5
"Ristijärvi","37",15,5,10
"Ristijärvi","38",7,3,4
"Ristijärvi","39",9,7,2
"Ristijärvi","40",11,6,5
"Ristijärvi","41",12,7,5
"Ristijärvi","42",11,7,4
"Ristijärvi","43",9,6,3
"Ristijärvi","44",7,4,3
"Ristijärvi","45",9,4,5
"Ristijärvi","46",9,2,7
"Ristijärvi","47",10,6,4
"Ristijärvi","48",9,4,5
"Ristijärvi","49",4,2,2
"Ristijärvi","50",6,2,4
"Ristijärvi","51",14,6,8
"Ristijärvi","52",12,7,5
"Ristijärvi","53",23,13,10
"Ristijärvi","54",12,4,8
"Ristijärvi","55",16,5,11
"Ristijärvi","56",26,15,11
"Ristijärvi","57",24,13,11
"Ristijärvi","58",32,13,19
"Ristijärvi","59",27,15,12
"Ristijärvi","60",28,13,15
"Ristijärvi","61",30,16,14
"Ristijärvi","62",35,26,9
"Ristijärvi","63",29,13,16
"Ristijärvi","64",30,15,15
"Ristijärvi","65",22,12,10
"Ristijärvi","66",26,14,12
"Ristijärvi","67",27,14,13
"Ristijärvi","68",21,12,9
"Ristijärvi","69",23,8,15
"Ristijärvi","70",30,14,16
"Ristijärvi","71",30,18,12
"Ristijärvi","72",26,12,14
"Ristijärvi","73",22,13,9
"Ristijärvi","74",24,10,14
"Ristijärvi","75",21,16,5
"Ristijärvi","76",17,10,7
"Ristijärvi","77",15,9,6
"Ristijärvi","78",12,5,7
"Ristijärvi","79",17,7,10
"Ristijärvi","80",15,5,10
"Ristijärvi","81",7,4,3
"Ristijärvi","82",15,7,8
"Ristijärvi","83",9,1,8
"Ristijärvi","84",6,2,4
"Ristijärvi","85",14,5,9
"Ristijärvi","86",8,3,5
"Ristijärvi","87",11,2,9
"Ristijärvi","88",6,1,5
"Ristijärvi","89",6,1,5
"Ristijärvi","90",7,5,2
"Ristijärvi","91",10,5,5
"Ristijärvi","92",10,3,7
"Ristijärvi","93",6,2,4
"Ristijärvi","94",6,3,3
"Ristijärvi","95",2,1,1
"Ristijärvi","96",1,0,1
"Ristijärvi","97",1,0,1
"Ristijärvi","98",0,0,0
"Ristijärvi","99",1,0,1
"Ristijärvi","100 -",1,0,1
"Rovaniemi","0",610,301,309
"Rovaniemi","1",587,296,291
"Rovaniemi","2",581,286,295
"Rovaniemi","3",613,317,296
"Rovaniemi","4",636,325,311
"Rovaniemi","5",660,333,327
"Rovaniemi","6",682,353,329
"Rovaniemi","7",744,392,352
"Rovaniemi","8",746,379,367
"Rovaniemi","9",803,401,402
"Rovaniemi","10",754,385,369
"Rovaniemi","11",774,398,376
"Rovaniemi","12",775,399,376
"Rovaniemi","13",698,367,331
"Rovaniemi","14",697,354,343
"Rovaniemi","15",646,316,330
"Rovaniemi","16",693,350,343
"Rovaniemi","17",666,326,340
"Rovaniemi","18",698,367,331
"Rovaniemi","19",812,383,429
"Rovaniemi","20",917,414,503
"Rovaniemi","21",925,410,515
"Rovaniemi","22",938,436,502
"Rovaniemi","23",982,453,529
"Rovaniemi","24",936,461,475
"Rovaniemi","25",914,445,469
"Rovaniemi","26",966,458,508
"Rovaniemi","27",913,435,478
"Rovaniemi","28",931,475,456
"Rovaniemi","29",984,505,479
"Rovaniemi","30",920,446,474
"Rovaniemi","31",953,500,453
"Rovaniemi","32",897,436,461
"Rovaniemi","33",838,416,422
"Rovaniemi","34",878,456,422
"Rovaniemi","35",896,468,428
"Rovaniemi","36",926,468,458
"Rovaniemi","37",893,456,437
"Rovaniemi","38",879,452,427
"Rovaniemi","39",796,400,396
"Rovaniemi","40",786,411,375
"Rovaniemi","41",772,387,385
"Rovaniemi","42",722,395,327
"Rovaniemi","43",736,383,353
"Rovaniemi","44",665,351,314
"Rovaniemi","45",677,357,320
"Rovaniemi","46",650,314,336
"Rovaniemi","47",568,268,300
"Rovaniemi","48",611,295,316
"Rovaniemi","49",535,270,265
"Rovaniemi","50",600,291,309
"Rovaniemi","51",662,347,315
"Rovaniemi","52",730,354,376
"Rovaniemi","53",757,344,413
"Rovaniemi","54",731,370,361
"Rovaniemi","55",824,393,431
"Rovaniemi","56",798,391,407
"Rovaniemi","57",822,390,432
"Rovaniemi","58",893,453,440
"Rovaniemi","59",884,413,471
"Rovaniemi","60",860,436,424
"Rovaniemi","61",854,410,444
"Rovaniemi","62",839,402,437
"Rovaniemi","63",873,405,468
"Rovaniemi","64",899,461,438
"Rovaniemi","65",856,384,472
"Rovaniemi","66",787,369,418
"Rovaniemi","67",794,387,407
"Rovaniemi","68",749,386,363
"Rovaniemi","69",729,339,390
"Rovaniemi","70",721,326,395
"Rovaniemi","71",740,381,359
"Rovaniemi","72",675,311,364
"Rovaniemi","73",670,300,370
"Rovaniemi","74",670,294,376
"Rovaniemi","75",418,201,217
"Rovaniemi","76",421,187,234
"Rovaniemi","77",416,188,228
"Rovaniemi","78",315,130,185
"Rovaniemi","79",477,192,285
"Rovaniemi","80",326,118,208
"Rovaniemi","81",372,154,218
"Rovaniemi","82",365,150,215
"Rovaniemi","83",317,125,192
"Rovaniemi","84",277,109,168
"Rovaniemi","85",272,107,165
"Rovaniemi","86",230,79,151
"Rovaniemi","87",170,58,112
"Rovaniemi","88",164,47,117
"Rovaniemi","89",195,50,145
"Rovaniemi","90",123,38,85
"Rovaniemi","91",112,31,81
"Rovaniemi","92",75,21,54
"Rovaniemi","93",61,20,41
"Rovaniemi","94",38,4,34
"Rovaniemi","95",37,9,28
"Rovaniemi","96",18,3,15
"Rovaniemi","97",14,3,11
"Rovaniemi","98",8,1,7
"Rovaniemi","99",9,2,7
"Rovaniemi","100 -",2,0,2
"Ruokolahti","0",22,12,10
"Ruokolahti","1",22,12,10
"Ruokolahti","2",20,10,10
"Ruokolahti","3",31,17,14
"Ruokolahti","4",35,21,14
"Ruokolahti","5",31,18,13
"Ruokolahti","6",43,18,25
"Ruokolahti","7",42,26,16
"Ruokolahti","8",38,18,20
"Ruokolahti","9",54,22,32
"Ruokolahti","10",56,27,29
"Ruokolahti","11",53,28,25
"Ruokolahti","12",60,29,31
"Ruokolahti","13",38,13,25
"Ruokolahti","14",55,27,28
"Ruokolahti","15",47,12,35
"Ruokolahti","16",50,28,22
"Ruokolahti","17",49,27,22
"Ruokolahti","18",30,19,11
"Ruokolahti","19",23,14,9
"Ruokolahti","20",20,14,6
"Ruokolahti","21",18,9,9
"Ruokolahti","22",16,11,5
"Ruokolahti","23",14,9,5
"Ruokolahti","24",20,17,3
"Ruokolahti","25",18,9,9
"Ruokolahti","26",24,15,9
"Ruokolahti","27",24,14,10
"Ruokolahti","28",16,6,10
"Ruokolahti","29",26,17,9
"Ruokolahti","30",33,16,17
"Ruokolahti","31",35,12,23
"Ruokolahti","32",47,24,23
"Ruokolahti","33",36,22,14
"Ruokolahti","34",41,24,17
"Ruokolahti","35",37,16,21
"Ruokolahti","36",39,19,20
"Ruokolahti","37",38,26,12
"Ruokolahti","38",47,14,33
"Ruokolahti","39",41,25,16
"Ruokolahti","40",50,26,24
"Ruokolahti","41",47,17,30
"Ruokolahti","42",57,34,23
"Ruokolahti","43",55,26,29
"Ruokolahti","44",61,29,32
"Ruokolahti","45",57,24,33
"Ruokolahti","46",69,39,30
"Ruokolahti","47",54,28,26
"Ruokolahti","48",53,29,24
"Ruokolahti","49",68,35,33
"Ruokolahti","50",61,36,25
"Ruokolahti","51",66,39,27
"Ruokolahti","52",61,28,33
"Ruokolahti","53",89,50,39
"Ruokolahti","54",87,48,39
"Ruokolahti","55",77,38,39
"Ruokolahti","56",94,40,54
"Ruokolahti","57",91,39,52
"Ruokolahti","58",87,47,40
"Ruokolahti","59",75,44,31
"Ruokolahti","60",83,36,47
"Ruokolahti","61",103,51,52
"Ruokolahti","62",80,42,38
"Ruokolahti","63",83,47,36
"Ruokolahti","64",96,44,52
"Ruokolahti","65",88,49,39
"Ruokolahti","66",117,53,64
"Ruokolahti","67",91,40,51
"Ruokolahti","68",96,55,41
"Ruokolahti","69",92,53,39
"Ruokolahti","70",102,62,40
"Ruokolahti","71",93,48,45
"Ruokolahti","72",86,46,40
"Ruokolahti","73",98,49,49
"Ruokolahti","74",82,38,44
"Ruokolahti","75",67,31,36
"Ruokolahti","76",69,31,38
"Ruokolahti","77",50,26,24
"Ruokolahti","78",45,16,29
"Ruokolahti","79",64,27,37
"Ruokolahti","80",47,24,23
"Ruokolahti","81",46,14,32
"Ruokolahti","82",50,23,27
"Ruokolahti","83",52,23,29
"Ruokolahti","84",44,20,24
"Ruokolahti","85",35,17,18
"Ruokolahti","86",33,9,24
"Ruokolahti","87",29,13,16
"Ruokolahti","88",33,11,22
"Ruokolahti","89",35,10,25
"Ruokolahti","90",19,6,13
"Ruokolahti","91",14,4,10
"Ruokolahti","92",17,6,11
"Ruokolahti","93",6,1,5
"Ruokolahti","94",12,2,10
"Ruokolahti","95",6,0,6
"Ruokolahti","96",5,1,4
"Ruokolahti","97",2,0,2
"Ruokolahti","98",2,0,2
"Ruokolahti","99",1,0,1
"Ruokolahti","100 -",1,0,1
"Ruovesi","0",19,8,11
"Ruovesi","1",23,7,16
"Ruovesi","2",17,9,8
"Ruovesi","3",27,11,16
"Ruovesi","4",30,19,11
"Ruovesi","5",31,14,17
"Ruovesi","6",33,19,14
"Ruovesi","7",29,12,17
"Ruovesi","8",22,13,9
"Ruovesi","9",34,13,21
"Ruovesi","10",41,18,23
"Ruovesi","11",44,27,17
"Ruovesi","12",32,17,15
"Ruovesi","13",37,13,24
"Ruovesi","14",44,26,18
"Ruovesi","15",41,22,19
"Ruovesi","16",50,23,27
"Ruovesi","17",44,19,25
"Ruovesi","18",47,24,23
"Ruovesi","19",25,18,7
"Ruovesi","20",29,16,13
"Ruovesi","21",27,19,8
"Ruovesi","22",16,7,9
"Ruovesi","23",31,18,13
"Ruovesi","24",15,12,3
"Ruovesi","25",23,12,11
"Ruovesi","26",21,11,10
"Ruovesi","27",17,7,10
"Ruovesi","28",25,8,17
"Ruovesi","29",23,15,8
"Ruovesi","30",31,18,13
"Ruovesi","31",30,13,17
"Ruovesi","32",26,17,9
"Ruovesi","33",21,11,10
"Ruovesi","34",30,12,18
"Ruovesi","35",31,20,11
"Ruovesi","36",40,20,20
"Ruovesi","37",42,20,22
"Ruovesi","38",49,24,25
"Ruovesi","39",26,13,13
"Ruovesi","40",30,16,14
"Ruovesi","41",33,21,12
"Ruovesi","42",30,16,14
"Ruovesi","43",41,17,24
"Ruovesi","44",48,26,22
"Ruovesi","45",51,26,25
"Ruovesi","46",51,25,26
"Ruovesi","47",48,24,24
"Ruovesi","48",34,13,21
"Ruovesi","49",45,26,19
"Ruovesi","50",53,31,22
"Ruovesi","51",36,17,19
"Ruovesi","52",61,34,27
"Ruovesi","53",67,29,38
"Ruovesi","54",59,27,32
"Ruovesi","55",56,28,28
"Ruovesi","56",65,36,29
"Ruovesi","57",72,39,33
"Ruovesi","58",65,38,27
"Ruovesi","59",75,35,40
"Ruovesi","60",61,35,26
"Ruovesi","61",78,39,39
"Ruovesi","62",82,46,36
"Ruovesi","63",75,37,38
"Ruovesi","64",82,40,42
"Ruovesi","65",88,54,34
"Ruovesi","66",84,35,49
"Ruovesi","67",85,39,46
"Ruovesi","68",84,46,38
"Ruovesi","69",67,35,32
"Ruovesi","70",85,45,40
"Ruovesi","71",91,48,43
"Ruovesi","72",78,38,40
"Ruovesi","73",70,39,31
"Ruovesi","74",106,43,63
"Ruovesi","75",73,25,48
"Ruovesi","76",59,28,31
"Ruovesi","77",49,25,24
"Ruovesi","78",38,21,17
"Ruovesi","79",69,27,42
"Ruovesi","80",32,19,13
"Ruovesi","81",60,33,27
"Ruovesi","82",45,18,27
"Ruovesi","83",47,18,29
"Ruovesi","84",36,18,18
"Ruovesi","85",41,16,25
"Ruovesi","86",47,15,32
"Ruovesi","87",34,8,26
"Ruovesi","88",21,10,11
"Ruovesi","89",20,7,13
"Ruovesi","90",16,7,9
"Ruovesi","91",19,9,10
"Ruovesi","92",11,2,9
"Ruovesi","93",10,3,7
"Ruovesi","94",10,2,8
"Ruovesi","95",4,1,3
"Ruovesi","96",6,2,4
"Ruovesi","97",4,1,3
"Ruovesi","98",3,0,3
"Ruovesi","99",0,0,0
"Ruovesi","100 -",2,1,1
"Rusko","0",57,25,32
"Rusko","1",85,46,39
"Rusko","2",73,34,39
"Rusko","3",83,43,40
"Rusko","4",87,48,39
"Rusko","5",82,42,40
"Rusko","6",96,52,44
"Rusko","7",97,50,47
"Rusko","8",103,50,53
"Rusko","9",104,56,48
"Rusko","10",82,43,39
"Rusko","11",85,40,45
"Rusko","12",84,43,41
"Rusko","13",90,51,39
"Rusko","14",71,31,40
"Rusko","15",77,39,38
"Rusko","16",87,51,36
"Rusko","17",89,52,37
"Rusko","18",65,33,32
"Rusko","19",62,34,28
"Rusko","20",41,31,10
"Rusko","21",39,22,17
"Rusko","22",29,18,11
"Rusko","23",33,15,18
"Rusko","24",36,21,15
"Rusko","25",31,16,15
"Rusko","26",45,19,26
"Rusko","27",34,16,18
"Rusko","28",56,23,33
"Rusko","29",60,28,32
"Rusko","30",74,36,38
"Rusko","31",70,35,35
"Rusko","32",78,34,44
"Rusko","33",65,35,30
"Rusko","34",77,35,42
"Rusko","35",82,47,35
"Rusko","36",82,43,39
"Rusko","37",105,47,58
"Rusko","38",117,61,56
"Rusko","39",96,52,44
"Rusko","40",113,62,51
"Rusko","41",95,45,50
"Rusko","42",100,38,62
"Rusko","43",105,56,49
"Rusko","44",97,54,43
"Rusko","45",80,32,48
"Rusko","46",90,43,47
"Rusko","47",82,41,41
"Rusko","48",74,37,37
"Rusko","49",70,33,37
"Rusko","50",99,52,47
"Rusko","51",91,55,36
"Rusko","52",111,61,50
"Rusko","53",110,56,54
"Rusko","54",85,38,47
"Rusko","55",84,43,41
"Rusko","56",96,43,53
"Rusko","57",99,45,54
"Rusko","58",64,36,28
"Rusko","59",79,38,41
"Rusko","60",71,34,37
"Rusko","61",76,42,34
"Rusko","62",73,38,35
"Rusko","63",81,35,46
"Rusko","64",75,35,40
"Rusko","65",68,39,29
"Rusko","66",72,31,41
"Rusko","67",65,27,38
"Rusko","68",87,44,43
"Rusko","69",79,44,35
"Rusko","70",82,38,44
"Rusko","71",65,33,32
"Rusko","72",69,28,41
"Rusko","73",77,43,34
"Rusko","74",65,26,39
"Rusko","75",63,35,28
"Rusko","76",49,25,24
"Rusko","77",37,17,20
"Rusko","78",32,16,16
"Rusko","79",36,23,13
"Rusko","80",31,18,13
"Rusko","81",30,12,18
"Rusko","82",35,15,20
"Rusko","83",32,18,14
"Rusko","84",27,9,18
"Rusko","85",19,7,12
"Rusko","86",20,6,14
"Rusko","87",23,8,15
"Rusko","88",13,3,10
"Rusko","89",16,8,8
"Rusko","90",10,3,7
"Rusko","91",12,4,8
"Rusko","92",7,0,7
"Rusko","93",7,4,3
"Rusko","94",3,1,2
"Rusko","95",5,3,2
"Rusko","96",2,0,2
"Rusko","97",4,2,2
"Rusko","98",2,0,2
"Rusko","99",0,0,0
"Rusko","100 -",1,0,1
"Rääkkylä","0",4,3,1
"Rääkkylä","1",3,1,2
"Rääkkylä","2",8,6,2
"Rääkkylä","3",7,3,4
"Rääkkylä","4",11,6,5
"Rääkkylä","5",10,5,5
"Rääkkylä","6",14,9,5
"Rääkkylä","7",10,2,8
"Rääkkylä","8",21,8,13
"Rääkkylä","9",17,8,9
"Rääkkylä","10",10,4,6
"Rääkkylä","11",12,8,4
"Rääkkylä","12",19,13,6
"Rääkkylä","13",9,2,7
"Rääkkylä","14",15,6,9
"Rääkkylä","15",20,9,11
"Rääkkylä","16",17,7,10
"Rääkkylä","17",14,8,6
"Rääkkylä","18",9,7,2
"Rääkkylä","19",12,9,3
"Rääkkylä","20",7,7,0
"Rääkkylä","21",9,5,4
"Rääkkylä","22",4,1,3
"Rääkkylä","23",7,5,2
"Rääkkylä","24",3,2,1
"Rääkkylä","25",10,4,6
"Rääkkylä","26",10,5,5
"Rääkkylä","27",9,5,4
"Rääkkylä","28",10,5,5
"Rääkkylä","29",9,6,3
"Rääkkylä","30",16,10,6
"Rääkkylä","31",9,7,2
"Rääkkylä","32",13,5,8
"Rääkkylä","33",7,4,3
"Rääkkylä","34",18,9,9
"Rääkkylä","35",12,8,4
"Rääkkylä","36",21,8,13
"Rääkkylä","37",16,10,6
"Rääkkylä","38",11,5,6
"Rääkkylä","39",10,6,4
"Rääkkylä","40",15,13,2
"Rääkkylä","41",14,6,8
"Rääkkylä","42",17,12,5
"Rääkkylä","43",30,17,13
"Rääkkylä","44",27,13,14
"Rääkkylä","45",13,4,9
"Rääkkylä","46",21,9,12
"Rääkkylä","47",23,6,17
"Rääkkylä","48",20,12,8
"Rääkkylä","49",25,14,11
"Rääkkylä","50",18,7,11
"Rääkkylä","51",21,17,4
"Rääkkylä","52",30,10,20
"Rääkkylä","53",33,20,13
"Rääkkylä","54",34,17,17
"Rääkkylä","55",33,27,6
"Rääkkylä","56",31,14,17
"Rääkkylä","57",54,33,21
"Rääkkylä","58",38,22,16
"Rääkkylä","59",32,15,17
"Rääkkylä","60",38,18,20
"Rääkkylä","61",54,27,27
"Rääkkylä","62",36,19,17
"Rääkkylä","63",49,27,22
"Rääkkylä","64",55,26,29
"Rääkkylä","65",43,24,19
"Rääkkylä","66",51,29,22
"Rääkkylä","67",53,26,27
"Rääkkylä","68",46,25,21
"Rääkkylä","69",59,35,24
"Rääkkylä","70",58,35,23
"Rääkkylä","71",50,31,19
"Rääkkylä","72",43,26,17
"Rääkkylä","73",56,32,24
"Rääkkylä","74",33,17,16
"Rääkkylä","75",39,18,21
"Rääkkylä","76",36,19,17
"Rääkkylä","77",31,15,16
"Rääkkylä","78",19,5,14
"Rääkkylä","79",30,13,17
"Rääkkylä","80",20,10,10
"Rääkkylä","81",21,9,12
"Rääkkylä","82",16,8,8
"Rääkkylä","83",24,8,16
"Rääkkylä","84",14,8,6
"Rääkkylä","85",26,15,11
"Rääkkylä","86",13,4,9
"Rääkkylä","87",11,5,6
"Rääkkylä","88",10,3,7
"Rääkkylä","89",6,1,5
"Rääkkylä","90",9,2,7
"Rääkkylä","91",11,4,7
"Rääkkylä","92",7,3,4
"Rääkkylä","93",5,3,2
"Rääkkylä","94",4,2,2
"Rääkkylä","95",1,1,0
"Rääkkylä","96",2,0,2
"Rääkkylä","97",0,0,0
"Rääkkylä","98",3,1,2
"Rääkkylä","99",2,0,2
"Rääkkylä","100 -",0,0,0
"Saarijärvi","0",62,35,27
"Saarijärvi","1",52,28,24
"Saarijärvi","2",74,40,34
"Saarijärvi","3",63,40,23
"Saarijärvi","4",84,45,39
"Saarijärvi","5",94,44,50
"Saarijärvi","6",83,45,38
"Saarijärvi","7",83,49,34
"Saarijärvi","8",89,48,41
"Saarijärvi","9",85,42,43
"Saarijärvi","10",96,48,48
"Saarijärvi","11",88,46,42
"Saarijärvi","12",108,57,51
"Saarijärvi","13",104,56,48
"Saarijärvi","14",109,59,50
"Saarijärvi","15",101,57,44
"Saarijärvi","16",100,52,48
"Saarijärvi","17",108,44,64
"Saarijärvi","18",87,52,35
"Saarijärvi","19",66,27,39
"Saarijärvi","20",41,23,18
"Saarijärvi","21",61,31,30
"Saarijärvi","22",46,27,19
"Saarijärvi","23",49,28,21
"Saarijärvi","24",59,37,22
"Saarijärvi","25",49,29,20
"Saarijärvi","26",72,39,33
"Saarijärvi","27",59,31,28
"Saarijärvi","28",71,35,36
"Saarijärvi","29",71,37,34
"Saarijärvi","30",71,33,38
"Saarijärvi","31",63,35,28
"Saarijärvi","32",78,50,28
"Saarijärvi","33",72,36,36
"Saarijärvi","34",70,32,38
"Saarijärvi","35",83,40,43
"Saarijärvi","36",92,43,49
"Saarijärvi","37",97,50,47
"Saarijärvi","38",89,44,45
"Saarijärvi","39",80,39,41
"Saarijärvi","40",83,43,40
"Saarijärvi","41",80,44,36
"Saarijärvi","42",84,42,42
"Saarijärvi","43",71,36,35
"Saarijärvi","44",96,58,38
"Saarijärvi","45",85,51,34
"Saarijärvi","46",107,49,58
"Saarijärvi","47",94,54,40
"Saarijärvi","48",92,50,42
"Saarijärvi","49",98,48,50
"Saarijärvi","50",103,48,55
"Saarijärvi","51",104,53,51
"Saarijärvi","52",112,57,55
"Saarijärvi","53",121,60,61
"Saarijärvi","54",136,63,73
"Saarijärvi","55",126,63,63
"Saarijärvi","56",143,66,77
"Saarijärvi","57",149,82,67
"Saarijärvi","58",163,79,84
"Saarijärvi","59",178,95,83
"Saarijärvi","60",159,82,77
"Saarijärvi","61",156,81,75
"Saarijärvi","62",161,79,82
"Saarijärvi","63",186,99,87
"Saarijärvi","64",175,93,82
"Saarijärvi","65",211,93,118
"Saarijärvi","66",185,90,95
"Saarijärvi","67",191,104,87
"Saarijärvi","68",152,83,69
"Saarijärvi","69",152,74,78
"Saarijärvi","70",165,90,75
"Saarijärvi","71",144,77,67
"Saarijärvi","72",181,93,88
"Saarijärvi","73",154,70,84
"Saarijärvi","74",146,76,70
"Saarijärvi","75",121,46,75
"Saarijärvi","76",102,44,58
"Saarijärvi","77",99,51,48
"Saarijärvi","78",81,34,47
"Saarijärvi","79",99,38,61
"Saarijärvi","80",98,50,48
"Saarijärvi","81",103,41,62
"Saarijärvi","82",90,34,56
"Saarijärvi","83",77,30,47
"Saarijärvi","84",81,32,49
"Saarijärvi","85",67,30,37
"Saarijärvi","86",46,16,30
"Saarijärvi","87",53,19,34
"Saarijärvi","88",45,15,30
"Saarijärvi","89",36,9,27
"Saarijärvi","90",33,9,24
"Saarijärvi","91",28,7,21
"Saarijärvi","92",17,5,12
"Saarijärvi","93",15,3,12
"Saarijärvi","94",23,3,20
"Saarijärvi","95",12,3,9
"Saarijärvi","96",8,4,4
"Saarijärvi","97",11,0,11
"Saarijärvi","98",5,1,4
"Saarijärvi","99",2,0,2
"Saarijärvi","100 -",4,0,4
"Salla","0",7,4,3
"Salla","1",11,6,5
"Salla","2",9,6,3
"Salla","3",15,9,6
"Salla","4",16,5,11
"Salla","5",19,11,8
"Salla","6",19,10,9
"Salla","7",28,15,13
"Salla","8",19,6,13
"Salla","9",19,8,11
"Salla","10",25,9,16
"Salla","11",32,17,15
"Salla","12",26,13,13
"Salla","13",27,13,14
"Salla","14",25,12,13
"Salla","15",27,16,11
"Salla","16",35,16,19
"Salla","17",19,14,5
"Salla","18",21,12,9
"Salla","19",17,9,8
"Salla","20",13,8,5
"Salla","21",13,10,3
"Salla","22",17,7,10
"Salla","23",14,10,4
"Salla","24",22,13,9
"Salla","25",24,11,13
"Salla","26",17,10,7
"Salla","27",24,15,9
"Salla","28",28,15,13
"Salla","29",16,8,8
"Salla","30",25,13,12
"Salla","31",18,12,6
"Salla","32",18,10,8
"Salla","33",19,9,10
"Salla","34",20,13,7
"Salla","35",32,16,16
"Salla","36",24,17,7
"Salla","37",27,14,13
"Salla","38",26,16,10
"Salla","39",32,13,19
"Salla","40",22,11,11
"Salla","41",30,16,14
"Salla","42",42,27,15
"Salla","43",28,17,11
"Salla","44",32,19,13
"Salla","45",30,18,12
"Salla","46",37,21,16
"Salla","47",38,21,17
"Salla","48",25,9,16
"Salla","49",26,17,9
"Salla","50",31,14,17
"Salla","51",22,13,9
"Salla","52",33,20,13
"Salla","53",44,26,18
"Salla","54",53,23,30
"Salla","55",54,34,20
"Salla","56",53,29,24
"Salla","57",70,37,33
"Salla","58",72,44,28
"Salla","59",89,49,40
"Salla","60",63,29,34
"Salla","61",72,37,35
"Salla","62",91,49,42
"Salla","63",78,49,29
"Salla","64",89,48,41
"Salla","65",86,49,37
"Salla","66",73,38,35
"Salla","67",72,50,22
"Salla","68",83,50,33
"Salla","69",75,45,30
"Salla","70",78,42,36
"Salla","71",81,47,34
"Salla","72",86,40,46
"Salla","73",53,25,28
"Salla","74",54,25,29
"Salla","75",42,26,16
"Salla","76",38,22,16
"Salla","77",38,27,11
"Salla","78",28,12,16
"Salla","79",45,23,22
"Salla","80",36,20,16
"Salla","81",40,16,24
"Salla","82",43,17,26
"Salla","83",49,20,29
"Salla","84",38,18,20
"Salla","85",37,15,22
"Salla","86",30,11,19
"Salla","87",23,7,16
"Salla","88",19,12,7
"Salla","89",20,10,10
"Salla","90",19,5,14
"Salla","91",19,5,14
"Salla","92",11,4,7
"Salla","93",2,0,2
"Salla","94",8,4,4
"Salla","95",5,3,2
"Salla","96",3,0,3
"Salla","97",3,1,2
"Salla","98",0,0,0
"Salla","99",0,0,0
"Salla","100 -",1,0,1
"Salo","0",309,152,157
"Salo","1",317,158,159
"Salo","2",352,186,166
"Salo","3",364,191,173
"Salo","4",389,189,200
"Salo","5",420,225,195
"Salo","6",466,239,227
"Salo","7",490,241,249
"Salo","8",504,253,251
"Salo","9",569,312,257
"Salo","10",624,316,308
"Salo","11",570,289,281
"Salo","12",588,309,279
"Salo","13",636,331,305
"Salo","14",605,316,289
"Salo","15",594,319,275
"Salo","16",628,317,311
"Salo","17",561,297,264
"Salo","18",627,331,296
"Salo","19",536,316,220
"Salo","20",474,288,186
"Salo","21",374,211,163
"Salo","22",350,194,156
"Salo","23",351,180,171
"Salo","24",345,176,169
"Salo","25",385,209,176
"Salo","26",419,229,190
"Salo","27",420,225,195
"Salo","28",438,241,197
"Salo","29",474,245,229
"Salo","30",477,254,223
"Salo","31",469,224,245
"Salo","32",483,257,226
"Salo","33",513,274,239
"Salo","34",483,226,257
"Salo","35",502,257,245
"Salo","36",582,306,276
"Salo","37",566,294,272
"Salo","38",594,303,291
"Salo","39",584,289,295
"Salo","40",622,320,302
"Salo","41",609,292,317
"Salo","42",658,316,342
"Salo","43",704,326,378
"Salo","44",651,321,330
"Salo","45",666,331,335
"Salo","46",656,319,337
"Salo","47",591,313,278
"Salo","48",712,364,348
"Salo","49",645,328,317
"Salo","50",706,341,365
"Salo","51",699,373,326
"Salo","52",838,437,401
"Salo","53",767,372,395
"Salo","54",763,396,367
"Salo","55",776,409,367
"Salo","56",784,392,392
"Salo","57",761,354,407
"Salo","58",684,354,330
"Salo","59",737,361,376
"Salo","60",719,350,369
"Salo","61",714,361,353
"Salo","62",767,380,387
"Salo","63",746,378,368
"Salo","64",797,382,415
"Salo","65",818,373,445
"Salo","66",778,376,402
"Salo","67",764,368,396
"Salo","68",831,368,463
"Salo","69",779,379,400
"Salo","70",824,414,410
"Salo","71",768,384,384
"Salo","72",837,406,431
"Salo","73",848,393,455
"Salo","74",787,397,390
"Salo","75",660,307,353
"Salo","76",538,234,304
"Salo","77",523,231,292
"Salo","78",386,186,200
"Salo","79",543,235,308
"Salo","80",384,156,228
"Salo","81",427,180,247
"Salo","82",377,138,239
"Salo","83",366,148,218
"Salo","84",323,129,194
"Salo","85",285,120,165
"Salo","86",245,92,153
"Salo","87",227,88,139
"Salo","88",189,65,124
"Salo","89",187,56,131
"Salo","90",140,45,95
"Salo","91",137,45,92
"Salo","92",120,34,86
"Salo","93",89,29,60
"Salo","94",56,13,43
"Salo","95",37,5,32
"Salo","96",35,7,28
"Salo","97",22,4,18
"Salo","98",13,2,11
"Salo","99",9,3,6
"Salo","100 -",6,2,4
"Saltvik","0",11,5,6
"Saltvik","1",16,11,5
"Saltvik","2",12,4,8
"Saltvik","3",21,10,11
"Saltvik","4",18,10,8
"Saltvik","5",30,8,22
"Saltvik","6",21,8,13
"Saltvik","7",23,12,11
"Saltvik","8",24,11,13
"Saltvik","9",22,9,13
"Saltvik","10",15,6,9
"Saltvik","11",17,9,8
"Saltvik","12",20,13,7
"Saltvik","13",29,11,18
"Saltvik","14",17,10,7
"Saltvik","15",14,4,10
"Saltvik","16",22,13,9
"Saltvik","17",24,10,14
"Saltvik","18",16,13,3
"Saltvik","19",14,10,4
"Saltvik","20",14,8,6
"Saltvik","21",8,5,3
"Saltvik","22",12,6,6
"Saltvik","23",11,3,8
"Saltvik","24",13,8,5
"Saltvik","25",21,12,9
"Saltvik","26",22,10,12
"Saltvik","27",17,9,8
"Saltvik","28",18,8,10
"Saltvik","29",15,9,6
"Saltvik","30",13,7,6
"Saltvik","31",20,14,6
"Saltvik","32",21,9,12
"Saltvik","33",24,10,14
"Saltvik","34",30,18,12
"Saltvik","35",16,10,6
"Saltvik","36",16,7,9
"Saltvik","37",18,12,6
"Saltvik","38",21,11,10
"Saltvik","39",25,16,9
"Saltvik","40",30,19,11
"Saltvik","41",17,7,10
"Saltvik","42",21,10,11
"Saltvik","43",26,11,15
"Saltvik","44",30,16,14
"Saltvik","45",24,13,11
"Saltvik","46",17,9,8
"Saltvik","47",19,10,9
"Saltvik","48",25,11,14
"Saltvik","49",20,12,8
"Saltvik","50",19,10,9
"Saltvik","51",15,7,8
"Saltvik","52",23,9,14
"Saltvik","53",29,14,15
"Saltvik","54",29,9,20
"Saltvik","55",23,14,9
"Saltvik","56",33,21,12
"Saltvik","57",22,13,9
"Saltvik","58",30,21,9
"Saltvik","59",18,7,11
"Saltvik","60",33,12,21
"Saltvik","61",22,9,13
"Saltvik","62",25,16,9
"Saltvik","63",29,12,17
"Saltvik","64",22,10,12
"Saltvik","65",25,12,13
"Saltvik","66",29,8,21
"Saltvik","67",31,14,17
"Saltvik","68",26,15,11
"Saltvik","69",26,15,11
"Saltvik","70",27,14,13
"Saltvik","71",23,10,13
"Saltvik","72",25,12,13
"Saltvik","73",26,13,13
"Saltvik","74",20,15,5
"Saltvik","75",23,10,13
"Saltvik","76",25,14,11
"Saltvik","77",14,12,2
"Saltvik","78",13,4,9
"Saltvik","79",10,5,5
"Saltvik","80",13,7,6
"Saltvik","81",11,5,6
"Saltvik","82",3,1,2
"Saltvik","83",15,8,7
"Saltvik","84",8,4,4
"Saltvik","85",6,2,4
"Saltvik","86",10,3,7
"Saltvik","87",9,1,8
"Saltvik","88",11,3,8
"Saltvik","89",6,3,3
"Saltvik","90",4,2,2
"Saltvik","91",5,3,2
"Saltvik","92",6,2,4
"Saltvik","93",5,0,5
"Saltvik","94",2,0,2
"Saltvik","95",3,2,1
"Saltvik","96",2,1,1
"Saltvik","97",1,0,1
"Saltvik","98",0,0,0
"Saltvik","99",0,0,0
"Saltvik","100 -",1,0,1
"Sastamala","0",152,79,73
"Sastamala","1",145,78,67
"Sastamala","2",179,101,78
"Sastamala","3",202,98,104
"Sastamala","4",208,100,108
"Sastamala","5",230,122,108
"Sastamala","6",228,125,103
"Sastamala","7",238,125,113
"Sastamala","8",257,145,112
"Sastamala","9",242,126,116
"Sastamala","10",255,139,116
"Sastamala","11",274,121,153
"Sastamala","12",258,123,135
"Sastamala","13",287,161,126
"Sastamala","14",281,131,150
"Sastamala","15",255,133,122
"Sastamala","16",258,132,126
"Sastamala","17",291,136,155
"Sastamala","18",243,130,113
"Sastamala","19",231,127,104
"Sastamala","20",183,114,69
"Sastamala","21",186,118,68
"Sastamala","22",146,81,65
"Sastamala","23",153,88,65
"Sastamala","24",175,108,67
"Sastamala","25",187,104,83
"Sastamala","26",176,91,85
"Sastamala","27",190,105,85
"Sastamala","28",193,105,88
"Sastamala","29",188,98,90
"Sastamala","30",214,116,98
"Sastamala","31",208,114,94
"Sastamala","32",248,117,131
"Sastamala","33",217,115,102
"Sastamala","34",239,123,116
"Sastamala","35",251,126,125
"Sastamala","36",246,130,116
"Sastamala","37",287,146,141
"Sastamala","38",281,150,131
"Sastamala","39",236,118,118
"Sastamala","40",246,124,122
"Sastamala","41",254,137,117
"Sastamala","42",263,144,119
"Sastamala","43",278,141,137
"Sastamala","44",275,143,132
"Sastamala","45",269,134,135
"Sastamala","46",302,137,165
"Sastamala","47",242,116,126
"Sastamala","48",254,125,129
"Sastamala","49",258,119,139
"Sastamala","50",289,137,152
"Sastamala","51",322,174,148
"Sastamala","52",316,157,159
"Sastamala","53",357,189,168
"Sastamala","54",347,184,163
"Sastamala","55",340,171,169
"Sastamala","56",350,173,177
"Sastamala","57",337,179,158
"Sastamala","58",367,199,168
"Sastamala","59",368,182,186
"Sastamala","60",351,169,182
"Sastamala","61",393,192,201
"Sastamala","62",359,186,173
"Sastamala","63",372,197,175
"Sastamala","64",363,183,180
"Sastamala","65",380,182,198
"Sastamala","66",400,199,201
"Sastamala","67",395,199,196
"Sastamala","68",439,226,213
"Sastamala","69",387,193,194
"Sastamala","70",388,195,193
"Sastamala","71",409,188,221
"Sastamala","72",374,201,173
"Sastamala","73",401,191,210
"Sastamala","74",359,153,206
"Sastamala","75",339,188,151
"Sastamala","76",246,119,127
"Sastamala","77",238,116,122
"Sastamala","78",181,68,113
"Sastamala","79",266,114,152
"Sastamala","80",165,83,82
"Sastamala","81",246,101,145
"Sastamala","82",198,78,120
"Sastamala","83",214,83,131
"Sastamala","84",179,75,104
"Sastamala","85",168,62,106
"Sastamala","86",144,56,88
"Sastamala","87",103,37,66
"Sastamala","88",112,46,66
"Sastamala","89",119,35,84
"Sastamala","90",101,35,66
"Sastamala","91",77,19,58
"Sastamala","92",57,17,40
"Sastamala","93",42,9,33
"Sastamala","94",38,11,27
"Sastamala","95",38,9,29
"Sastamala","96",17,4,13
"Sastamala","97",19,4,15
"Sastamala","98",7,1,6
"Sastamala","99",8,3,5
"Sastamala","100 -",8,1,7
"Sauvo","0",23,11,12
"Sauvo","1",16,10,6
"Sauvo","2",24,14,10
"Sauvo","3",22,8,14
"Sauvo","4",19,8,11
"Sauvo","5",38,22,16
"Sauvo","6",26,17,9
"Sauvo","7",32,21,11
"Sauvo","8",27,11,16
"Sauvo","9",40,17,23
"Sauvo","10",44,21,23
"Sauvo","11",27,17,10
"Sauvo","12",44,23,21
"Sauvo","13",31,17,14
"Sauvo","14",32,17,15
"Sauvo","15",35,18,17
"Sauvo","16",44,25,19
"Sauvo","17",36,16,20
"Sauvo","18",29,18,11
"Sauvo","19",18,13,5
"Sauvo","20",16,11,5
"Sauvo","21",18,10,8
"Sauvo","22",14,9,5
"Sauvo","23",10,6,4
"Sauvo","24",11,6,5
"Sauvo","25",20,10,10
"Sauvo","26",9,6,3
"Sauvo","27",16,7,9
"Sauvo","28",19,11,8
"Sauvo","29",19,12,7
"Sauvo","30",30,17,13
"Sauvo","31",32,14,18
"Sauvo","32",32,17,15
"Sauvo","33",19,10,9
"Sauvo","34",22,11,11
"Sauvo","35",28,17,11
"Sauvo","36",36,19,17
"Sauvo","37",42,30,12
"Sauvo","38",40,20,20
"Sauvo","39",34,15,19
"Sauvo","40",33,13,20
"Sauvo","41",34,18,16
"Sauvo","42",28,17,11
"Sauvo","43",32,17,15
"Sauvo","44",34,12,22
"Sauvo","45",39,18,21
"Sauvo","46",54,29,25
"Sauvo","47",39,23,16
"Sauvo","48",35,17,18
"Sauvo","49",34,16,18
"Sauvo","50",43,24,19
"Sauvo","51",36,20,16
"Sauvo","52",47,22,25
"Sauvo","53",49,25,24
"Sauvo","54",58,27,31
"Sauvo","55",62,30,32
"Sauvo","56",56,27,29
"Sauvo","57",45,23,22
"Sauvo","58",45,25,20
"Sauvo","59",40,18,22
"Sauvo","60",52,28,24
"Sauvo","61",48,27,21
"Sauvo","62",49,22,27
"Sauvo","63",31,17,14
"Sauvo","64",45,27,18
"Sauvo","65",49,25,24
"Sauvo","66",51,24,27
"Sauvo","67",46,26,20
"Sauvo","68",54,24,30
"Sauvo","69",55,27,28
"Sauvo","70",58,35,23
"Sauvo","71",52,30,22
"Sauvo","72",44,21,23
"Sauvo","73",41,21,20
"Sauvo","74",48,22,26
"Sauvo","75",39,22,17
"Sauvo","76",36,19,17
"Sauvo","77",27,13,14
"Sauvo","78",17,9,8
"Sauvo","79",20,7,13
"Sauvo","80",15,8,7
"Sauvo","81",21,11,10
"Sauvo","82",24,9,15
"Sauvo","83",15,6,9
"Sauvo","84",10,3,7
"Sauvo","85",14,7,7
"Sauvo","86",8,2,6
"Sauvo","87",12,4,8
"Sauvo","88",12,3,9
"Sauvo","89",7,6,1
"Sauvo","90",8,3,5
"Sauvo","91",4,1,3
"Sauvo","92",4,2,2
"Sauvo","93",3,0,3
"Sauvo","94",3,2,1
"Sauvo","95",2,0,2
"Sauvo","96",5,3,2
"Sauvo","97",1,0,1
"Sauvo","98",0,0,0
"Sauvo","99",1,0,1
"Sauvo","100 -",2,0,2
"Savitaipale","0",25,11,14
"Savitaipale","1",20,12,8
"Savitaipale","2",12,9,3
"Savitaipale","3",12,9,3
"Savitaipale","4",17,12,5
"Savitaipale","5",22,13,9
"Savitaipale","6",27,14,13
"Savitaipale","7",27,14,13
"Savitaipale","8",31,18,13
"Savitaipale","9",18,7,11
"Savitaipale","10",29,13,16
"Savitaipale","11",28,17,11
"Savitaipale","12",32,12,20
"Savitaipale","13",31,18,13
"Savitaipale","14",33,15,18
"Savitaipale","15",29,14,15
"Savitaipale","16",25,15,10
"Savitaipale","17",38,18,20
"Savitaipale","18",23,15,8
"Savitaipale","19",23,14,9
"Savitaipale","20",17,8,9
"Savitaipale","21",17,12,5
"Savitaipale","22",15,11,4
"Savitaipale","23",13,8,5
"Savitaipale","24",11,5,6
"Savitaipale","25",25,12,13
"Savitaipale","26",15,11,4
"Savitaipale","27",20,10,10
"Savitaipale","28",19,11,8
"Savitaipale","29",19,14,5
"Savitaipale","30",22,9,13
"Savitaipale","31",29,18,11
"Savitaipale","32",22,11,11
"Savitaipale","33",26,11,15
"Savitaipale","34",15,8,7
"Savitaipale","35",25,16,9
"Savitaipale","36",29,9,20
"Savitaipale","37",32,12,20
"Savitaipale","38",21,14,7
"Savitaipale","39",21,14,7
"Savitaipale","40",26,15,11
"Savitaipale","41",30,22,8
"Savitaipale","42",22,14,8
"Savitaipale","43",28,11,17
"Savitaipale","44",27,12,15
"Savitaipale","45",43,15,28
"Savitaipale","46",33,19,14
"Savitaipale","47",22,13,9
"Savitaipale","48",37,18,19
"Savitaipale","49",46,31,15
"Savitaipale","50",42,27,15
"Savitaipale","51",33,18,15
"Savitaipale","52",44,21,23
"Savitaipale","53",39,17,22
"Savitaipale","54",48,28,20
"Savitaipale","55",56,27,29
"Savitaipale","56",48,32,16
"Savitaipale","57",71,38,33
"Savitaipale","58",47,19,28
"Savitaipale","59",66,30,36
"Savitaipale","60",67,34,33
"Savitaipale","61",55,27,28
"Savitaipale","62",54,31,23
"Savitaipale","63",65,39,26
"Savitaipale","64",57,26,31
"Savitaipale","65",57,28,29
"Savitaipale","66",58,32,26
"Savitaipale","67",64,31,33
"Savitaipale","68",62,31,31
"Savitaipale","69",60,32,28
"Savitaipale","70",61,41,20
"Savitaipale","71",66,38,28
"Savitaipale","72",68,32,36
"Savitaipale","73",69,33,36
"Savitaipale","74",61,26,35
"Savitaipale","75",57,28,29
"Savitaipale","76",47,18,29
"Savitaipale","77",42,16,26
"Savitaipale","78",35,12,23
"Savitaipale","79",52,24,28
"Savitaipale","80",36,12,24
"Savitaipale","81",57,23,34
"Savitaipale","82",33,14,19
"Savitaipale","83",42,18,24
"Savitaipale","84",36,21,15
"Savitaipale","85",40,18,22
"Savitaipale","86",38,12,26
"Savitaipale","87",28,10,18
"Savitaipale","88",28,10,18
"Savitaipale","89",23,7,16
"Savitaipale","90",15,6,9
"Savitaipale","91",24,8,16
"Savitaipale","92",11,2,9
"Savitaipale","93",12,4,8
"Savitaipale","94",6,2,4
"Savitaipale","95",4,0,4
"Savitaipale","96",4,0,4
"Savitaipale","97",3,0,3
"Savitaipale","98",3,0,3
"Savitaipale","99",0,0,0
"Savitaipale","100 -",3,0,3
"Savonlinna","0",144,82,62
"Savonlinna","1",160,86,74
"Savonlinna","2",195,107,88
"Savonlinna","3",196,92,104
"Savonlinna","4",259,136,123
"Savonlinna","5",232,116,116
"Savonlinna","6",255,133,122
"Savonlinna","7",267,137,130
"Savonlinna","8",267,137,130
"Savonlinna","9",282,148,134
"Savonlinna","10",306,152,154
"Savonlinna","11",297,158,139
"Savonlinna","12",319,158,161
"Savonlinna","13",308,157,151
"Savonlinna","14",311,144,167
"Savonlinna","15",308,158,150
"Savonlinna","16",342,174,168
"Savonlinna","17",353,162,191
"Savonlinna","18",365,192,173
"Savonlinna","19",350,183,167
"Savonlinna","20",289,150,139
"Savonlinna","21",296,154,142
"Savonlinna","22",258,145,113
"Savonlinna","23",257,147,110
"Savonlinna","24",236,125,111
"Savonlinna","25",243,138,105
"Savonlinna","26",256,151,105
"Savonlinna","27",263,146,117
"Savonlinna","28",268,137,131
"Savonlinna","29",261,135,126
"Savonlinna","30",295,160,135
"Savonlinna","31",266,152,114
"Savonlinna","32",311,172,139
"Savonlinna","33",288,151,137
"Savonlinna","34",277,138,139
"Savonlinna","35",335,180,155
"Savonlinna","36",316,155,161
"Savonlinna","37",322,172,150
"Savonlinna","38",328,186,142
"Savonlinna","39",308,148,160
"Savonlinna","40",305,141,164
"Savonlinna","41",301,144,157
"Savonlinna","42",332,161,171
"Savonlinna","43",309,155,154
"Savonlinna","44",332,165,167
"Savonlinna","45",352,185,167
"Savonlinna","46",311,166,145
"Savonlinna","47",303,142,161
"Savonlinna","48",325,168,157
"Savonlinna","49",358,171,187
"Savonlinna","50",412,193,219
"Savonlinna","51",400,201,199
"Savonlinna","52",418,212,206
"Savonlinna","53",450,225,225
"Savonlinna","54",482,243,239
"Savonlinna","55",487,261,226
"Savonlinna","56",496,252,244
"Savonlinna","57",484,249,235
"Savonlinna","58",530,240,290
"Savonlinna","59",529,243,286
"Savonlinna","60",538,275,263
"Savonlinna","61",529,248,281
"Savonlinna","62",539,281,258
"Savonlinna","63",615,314,301
"Savonlinna","64",620,330,290
"Savonlinna","65",561,274,287
"Savonlinna","66",604,312,292
"Savonlinna","67",562,283,279
"Savonlinna","68",620,302,318
"Savonlinna","69",630,298,332
"Savonlinna","70",562,278,284
"Savonlinna","71",575,274,301
"Savonlinna","72",601,293,308
"Savonlinna","73",613,290,323
"Savonlinna","74",568,232,336
"Savonlinna","75",504,228,276
"Savonlinna","76",403,201,202
"Savonlinna","77",384,175,209
"Savonlinna","78",304,139,165
"Savonlinna","79",399,174,225
"Savonlinna","80",274,129,145
"Savonlinna","81",340,141,199
"Savonlinna","82",296,106,190
"Savonlinna","83",260,104,156
"Savonlinna","84",238,91,147
"Savonlinna","85",256,88,168
"Savonlinna","86",212,73,139
"Savonlinna","87",172,57,115
"Savonlinna","88",161,61,100
"Savonlinna","89",124,41,83
"Savonlinna","90",136,55,81
"Savonlinna","91",94,30,64
"Savonlinna","92",78,20,58
"Savonlinna","93",48,19,29
"Savonlinna","94",51,8,43
"Savonlinna","95",29,9,20
"Savonlinna","96",20,6,14
"Savonlinna","97",6,0,6
"Savonlinna","98",12,3,9
"Savonlinna","99",9,2,7
"Savonlinna","100 -",10,1,9
"Savukoski","0",5,3,2
"Savukoski","1",6,3,3
"Savukoski","2",10,6,4
"Savukoski","3",6,4,2
"Savukoski","4",7,3,4
"Savukoski","5",6,3,3
"Savukoski","6",6,3,3
"Savukoski","7",8,4,4
"Savukoski","8",10,6,4
"Savukoski","9",7,5,2
"Savukoski","10",9,6,3
"Savukoski","11",6,4,2
"Savukoski","12",6,5,1
"Savukoski","13",3,1,2
"Savukoski","14",6,3,3
"Savukoski","15",9,4,5
"Savukoski","16",7,3,4
"Savukoski","17",12,8,4
"Savukoski","18",8,7,1
"Savukoski","19",7,3,4
"Savukoski","20",5,3,2
"Savukoski","21",6,4,2
"Savukoski","22",4,3,1
"Savukoski","23",5,2,3
"Savukoski","24",4,1,3
"Savukoski","25",3,2,1
"Savukoski","26",8,3,5
"Savukoski","27",7,4,3
"Savukoski","28",6,3,3
"Savukoski","29",10,4,6
"Savukoski","30",7,5,2
"Savukoski","31",8,4,4
"Savukoski","32",8,4,4
"Savukoski","33",15,10,5
"Savukoski","34",5,2,3
"Savukoski","35",6,3,3
"Savukoski","36",7,4,3
"Savukoski","37",12,7,5
"Savukoski","38",12,5,7
"Savukoski","39",7,4,3
"Savukoski","40",9,5,4
"Savukoski","41",8,3,5
"Savukoski","42",11,8,3
"Savukoski","43",8,8,0
"Savukoski","44",7,3,4
"Savukoski","45",10,6,4
"Savukoski","46",9,8,1
"Savukoski","47",11,3,8
"Savukoski","48",9,8,1
"Savukoski","49",6,6,0
"Savukoski","50",9,1,8
"Savukoski","51",11,4,7
"Savukoski","52",11,6,5
"Savukoski","53",16,11,5
"Savukoski","54",25,16,9
"Savukoski","55",17,10,7
"Savukoski","56",24,14,10
"Savukoski","57",19,10,9
"Savukoski","58",26,18,8
"Savukoski","59",18,9,9
"Savukoski","60",21,11,10
"Savukoski","61",27,14,13
"Savukoski","62",16,10,6
"Savukoski","63",35,20,15
"Savukoski","64",23,12,11
"Savukoski","65",18,8,10
"Savukoski","66",21,11,10
"Savukoski","67",20,11,9
"Savukoski","68",22,13,9
"Savukoski","69",16,9,7
"Savukoski","70",16,6,10
"Savukoski","71",18,10,8
"Savukoski","72",19,10,9
"Savukoski","73",20,11,9
"Savukoski","74",13,7,6
"Savukoski","75",16,9,7
"Savukoski","76",15,6,9
"Savukoski","77",12,8,4
"Savukoski","78",8,6,2
"Savukoski","79",19,11,8
"Savukoski","80",8,3,5
"Savukoski","81",9,4,5
"Savukoski","82",10,4,6
"Savukoski","83",6,2,4
"Savukoski","84",7,2,5
"Savukoski","85",9,8,1
"Savukoski","86",6,3,3
"Savukoski","87",3,2,1
"Savukoski","88",7,4,3
"Savukoski","89",6,6,0
"Savukoski","90",1,0,1
"Savukoski","91",4,2,2
"Savukoski","92",0,0,0
"Savukoski","93",2,1,1
"Savukoski","94",2,0,2
"Savukoski","95",1,1,0
"Savukoski","96",0,0,0
"Savukoski","97",0,0,0
"Savukoski","98",0,0,0
"Savukoski","99",0,0,0
"Savukoski","100 -",0,0,0
"Seinäjoki","0",604,285,319
"Seinäjoki","1",656,317,339
"Seinäjoki","2",617,332,285
"Seinäjoki","3",692,361,331
"Seinäjoki","4",718,356,362
"Seinäjoki","5",757,376,381
"Seinäjoki","6",769,395,374
"Seinäjoki","7",756,408,348
"Seinäjoki","8",830,408,422
"Seinäjoki","9",824,407,417
"Seinäjoki","10",776,411,365
"Seinäjoki","11",775,384,391
"Seinäjoki","12",780,406,374
"Seinäjoki","13",695,385,310
"Seinäjoki","14",741,354,387
"Seinäjoki","15",725,394,331
"Seinäjoki","16",756,405,351
"Seinäjoki","17",752,384,368
"Seinäjoki","18",760,388,372
"Seinäjoki","19",849,413,436
"Seinäjoki","20",854,425,429
"Seinäjoki","21",853,418,435
"Seinäjoki","22",872,467,405
"Seinäjoki","23",914,466,448
"Seinäjoki","24",889,443,446
"Seinäjoki","25",956,501,455
"Seinäjoki","26",917,486,431
"Seinäjoki","27",937,469,468
"Seinäjoki","28",964,471,493
"Seinäjoki","29",938,470,468
"Seinäjoki","30",939,494,445
"Seinäjoki","31",848,422,426
"Seinäjoki","32",884,443,441
"Seinäjoki","33",815,427,388
"Seinäjoki","34",842,423,419
"Seinäjoki","35",925,476,449
"Seinäjoki","36",894,474,420
"Seinäjoki","37",868,417,451
"Seinäjoki","38",848,424,424
"Seinäjoki","39",820,445,375
"Seinäjoki","40",836,434,402
"Seinäjoki","41",755,368,387
"Seinäjoki","42",765,366,399
"Seinäjoki","43",766,409,357
"Seinäjoki","44",774,397,377
"Seinäjoki","45",746,388,358
"Seinäjoki","46",730,364,366
"Seinäjoki","47",628,298,330
"Seinäjoki","48",627,314,313
"Seinäjoki","49",670,322,348
"Seinäjoki","50",678,356,322
"Seinäjoki","51",693,326,367
"Seinäjoki","52",709,348,361
"Seinäjoki","53",785,378,407
"Seinäjoki","54",738,387,351
"Seinäjoki","55",761,363,398
"Seinäjoki","56",759,360,399
"Seinäjoki","57",745,345,400
"Seinäjoki","58",766,358,408
"Seinäjoki","59",780,371,409
"Seinäjoki","60",772,361,411
"Seinäjoki","61",792,361,431
"Seinäjoki","62",705,340,365
"Seinäjoki","63",739,368,371
"Seinäjoki","64",748,327,421
"Seinäjoki","65",776,365,411
"Seinäjoki","66",798,365,433
"Seinäjoki","67",750,382,368
"Seinäjoki","68",769,369,400
"Seinäjoki","69",703,341,362
"Seinäjoki","70",721,321,400
"Seinäjoki","71",731,346,385
"Seinäjoki","72",760,347,413
"Seinäjoki","73",734,331,403
"Seinäjoki","74",718,325,393
"Seinäjoki","75",562,238,324
"Seinäjoki","76",471,217,254
"Seinäjoki","77",450,190,260
"Seinäjoki","78",349,145,204
"Seinäjoki","79",477,192,285
"Seinäjoki","80",342,145,197
"Seinäjoki","81",433,167,266
"Seinäjoki","82",334,128,206
"Seinäjoki","83",299,120,179
"Seinäjoki","84",288,103,185
"Seinäjoki","85",255,97,158
"Seinäjoki","86",225,96,129
"Seinäjoki","87",187,70,117
"Seinäjoki","88",159,50,109
"Seinäjoki","89",137,38,99
"Seinäjoki","90",145,40,105
"Seinäjoki","91",111,31,80
"Seinäjoki","92",103,32,71
"Seinäjoki","93",74,12,62
"Seinäjoki","94",46,11,35
"Seinäjoki","95",44,7,37
"Seinäjoki","96",28,6,22
"Seinäjoki","97",33,5,28
"Seinäjoki","98",22,1,21
"Seinäjoki","99",8,1,7
"Seinäjoki","100 -",12,2,10
"Sievi","0",47,28,19
"Sievi","1",55,31,24
"Sievi","2",65,35,30
"Sievi","3",71,32,39
"Sievi","4",60,25,35
"Sievi","5",71,33,38
"Sievi","6",82,48,34
"Sievi","7",76,40,36
"Sievi","8",89,53,36
"Sievi","9",98,54,44
"Sievi","10",94,52,42
"Sievi","11",99,52,47
"Sievi","12",114,61,53
"Sievi","13",98,49,49
"Sievi","14",92,48,44
"Sievi","15",100,54,46
"Sievi","16",91,52,39
"Sievi","17",85,47,38
"Sievi","18",74,44,30
"Sievi","19",53,33,20
"Sievi","20",54,30,24
"Sievi","21",49,39,10
"Sievi","22",32,20,12
"Sievi","23",38,26,12
"Sievi","24",40,24,16
"Sievi","25",32,19,13
"Sievi","26",40,20,20
"Sievi","27",48,28,20
"Sievi","28",42,26,16
"Sievi","29",40,20,20
"Sievi","30",25,12,13
"Sievi","31",52,21,31
"Sievi","32",41,24,17
"Sievi","33",41,25,16
"Sievi","34",54,23,31
"Sievi","35",57,29,28
"Sievi","36",59,37,22
"Sievi","37",48,21,27
"Sievi","38",44,29,15
"Sievi","39",57,29,28
"Sievi","40",53,34,19
"Sievi","41",48,27,21
"Sievi","42",42,20,22
"Sievi","43",57,29,28
"Sievi","44",65,35,30
"Sievi","45",62,31,31
"Sievi","46",54,29,25
"Sievi","47",50,30,20
"Sievi","48",47,23,24
"Sievi","49",48,25,23
"Sievi","50",53,29,24
"Sievi","51",46,21,25
"Sievi","52",55,25,30
"Sievi","53",69,36,33
"Sievi","54",50,26,24
"Sievi","55",57,27,30
"Sievi","56",45,25,20
"Sievi","57",61,30,31
"Sievi","58",51,33,18
"Sievi","59",59,28,31
"Sievi","60",59,28,31
"Sievi","61",64,30,34
"Sievi","62",59,31,28
"Sievi","63",50,22,28
"Sievi","64",49,25,24
"Sievi","65",65,28,37
"Sievi","66",48,31,17
"Sievi","67",53,31,22
"Sievi","68",66,31,35
"Sievi","69",59,30,29
"Sievi","70",37,22,15
"Sievi","71",63,32,31
"Sievi","72",55,25,30
"Sievi","73",59,24,35
"Sievi","74",43,17,26
"Sievi","75",41,21,20
"Sievi","76",39,24,15
"Sievi","77",26,13,13
"Sievi","78",24,10,14
"Sievi","79",39,19,20
"Sievi","80",26,12,14
"Sievi","81",20,13,7
"Sievi","82",25,9,16
"Sievi","83",28,8,20
"Sievi","84",27,14,13
"Sievi","85",16,8,8
"Sievi","86",10,3,7
"Sievi","87",27,10,17
"Sievi","88",6,1,5
"Sievi","89",7,3,4
"Sievi","90",17,5,12
"Sievi","91",15,6,9
"Sievi","92",8,3,5
"Sievi","93",11,2,9
"Sievi","94",5,2,3
"Sievi","95",3,1,2
"Sievi","96",3,1,2
"Sievi","97",1,0,1
"Sievi","98",1,0,1
"Sievi","99",0,0,0
"Sievi","100 -",1,0,1
"Siikainen","0",5,2,3
"Siikainen","1",7,1,6
"Siikainen","2",9,7,2
"Siikainen","3",7,5,2
"Siikainen","4",8,4,4
"Siikainen","5",15,7,8
"Siikainen","6",12,8,4
"Siikainen","7",7,5,2
"Siikainen","8",16,6,10
"Siikainen","9",13,7,6
"Siikainen","10",15,5,10
"Siikainen","11",12,6,6
"Siikainen","12",7,4,3
"Siikainen","13",11,8,3
"Siikainen","14",13,4,9
"Siikainen","15",17,10,7
"Siikainen","16",10,7,3
"Siikainen","17",15,11,4
"Siikainen","18",13,8,5
"Siikainen","19",9,7,2
"Siikainen","20",4,3,1
"Siikainen","21",11,6,5
"Siikainen","22",3,1,2
"Siikainen","23",8,5,3
"Siikainen","24",9,6,3
"Siikainen","25",5,4,1
"Siikainen","26",7,5,2
"Siikainen","27",5,3,2
"Siikainen","28",2,1,1
"Siikainen","29",10,5,5
"Siikainen","30",4,1,3
"Siikainen","31",12,5,7
"Siikainen","32",5,3,2
"Siikainen","33",10,2,8
"Siikainen","34",12,10,2
"Siikainen","35",7,3,4
"Siikainen","36",10,6,4
"Siikainen","37",13,6,7
"Siikainen","38",5,3,2
"Siikainen","39",17,9,8
"Siikainen","40",15,7,8
"Siikainen","41",10,7,3
"Siikainen","42",14,5,9
"Siikainen","43",9,3,6
"Siikainen","44",12,6,6
"Siikainen","45",15,8,7
"Siikainen","46",12,5,7
"Siikainen","47",16,8,8
"Siikainen","48",17,6,11
"Siikainen","49",15,8,7
"Siikainen","50",21,11,10
"Siikainen","51",21,12,9
"Siikainen","52",18,10,8
"Siikainen","53",17,9,8
"Siikainen","54",35,20,15
"Siikainen","55",28,15,13
"Siikainen","56",24,13,11
"Siikainen","57",19,10,9
"Siikainen","58",15,10,5
"Siikainen","59",24,12,12
"Siikainen","60",23,12,11
"Siikainen","61",26,15,11
"Siikainen","62",27,16,11
"Siikainen","63",31,14,17
"Siikainen","64",25,14,11
"Siikainen","65",27,13,14
"Siikainen","66",23,13,10
"Siikainen","67",24,18,6
"Siikainen","68",35,26,9
"Siikainen","69",28,15,13
"Siikainen","70",32,17,15
"Siikainen","71",33,17,16
"Siikainen","72",24,12,12
"Siikainen","73",23,13,10
"Siikainen","74",23,13,10
"Siikainen","75",23,8,15
"Siikainen","76",18,8,10
"Siikainen","77",14,7,7
"Siikainen","78",14,9,5
"Siikainen","79",26,14,12
"Siikainen","80",13,3,10
"Siikainen","81",10,5,5
"Siikainen","82",22,14,8
"Siikainen","83",13,5,8
"Siikainen","84",13,5,8
"Siikainen","85",19,10,9
"Siikainen","86",11,6,5
"Siikainen","87",9,2,7
"Siikainen","88",9,5,4
"Siikainen","89",6,3,3
"Siikainen","90",5,2,3
"Siikainen","91",5,2,3
"Siikainen","92",4,1,3
"Siikainen","93",1,1,0
"Siikainen","94",1,0,1
"Siikainen","95",6,2,4
"Siikainen","96",0,0,0
"Siikainen","97",0,0,0
"Siikainen","98",2,0,2
"Siikainen","99",0,0,0
"Siikainen","100 -",0,0,0
"Siikajoki","0",51,31,20
"Siikajoki","1",40,19,21
"Siikajoki","2",65,33,32
"Siikajoki","3",62,31,31
"Siikajoki","4",51,22,29
"Siikajoki","5",59,33,26
"Siikajoki","6",81,39,42
"Siikajoki","7",82,45,37
"Siikajoki","8",76,34,42
"Siikajoki","9",82,36,46
"Siikajoki","10",93,48,45
"Siikajoki","11",86,42,44
"Siikajoki","12",78,41,37
"Siikajoki","13",68,36,32
"Siikajoki","14",91,53,38
"Siikajoki","15",79,39,40
"Siikajoki","16",64,31,33
"Siikajoki","17",70,42,28
"Siikajoki","18",66,41,25
"Siikajoki","19",50,32,18
"Siikajoki","20",30,25,5
"Siikajoki","21",29,23,6
"Siikajoki","22",39,19,20
"Siikajoki","23",36,21,15
"Siikajoki","24",29,14,15
"Siikajoki","25",40,22,18
"Siikajoki","26",30,16,14
"Siikajoki","27",32,16,16
"Siikajoki","28",32,17,15
"Siikajoki","29",45,27,18
"Siikajoki","30",40,20,20
"Siikajoki","31",52,33,19
"Siikajoki","32",46,25,21
"Siikajoki","33",37,25,12
"Siikajoki","34",47,27,20
"Siikajoki","35",53,22,31
"Siikajoki","36",64,35,29
"Siikajoki","37",63,34,29
"Siikajoki","38",76,39,37
"Siikajoki","39",61,28,33
"Siikajoki","40",53,27,26
"Siikajoki","41",57,29,28
"Siikajoki","42",57,36,21
"Siikajoki","43",56,29,27
"Siikajoki","44",54,26,28
"Siikajoki","45",52,22,30
"Siikajoki","46",56,26,30
"Siikajoki","47",54,30,24
"Siikajoki","48",44,22,22
"Siikajoki","49",38,24,14
"Siikajoki","50",46,21,25
"Siikajoki","51",50,25,25
"Siikajoki","52",60,32,28
"Siikajoki","53",57,33,24
"Siikajoki","54",58,30,28
"Siikajoki","55",54,30,24
"Siikajoki","56",67,39,28
"Siikajoki","57",63,32,31
"Siikajoki","58",78,39,39
"Siikajoki","59",65,38,27
"Siikajoki","60",67,30,37
"Siikajoki","61",82,46,36
"Siikajoki","62",79,38,41
"Siikajoki","63",81,35,46
"Siikajoki","64",87,47,40
"Siikajoki","65",89,42,47
"Siikajoki","66",80,46,34
"Siikajoki","67",81,38,43
"Siikajoki","68",87,54,33
"Siikajoki","69",83,46,37
"Siikajoki","70",72,35,37
"Siikajoki","71",74,40,34
"Siikajoki","72",76,42,34
"Siikajoki","73",63,39,24
"Siikajoki","74",64,34,30
"Siikajoki","75",52,24,28
"Siikajoki","76",40,23,17
"Siikajoki","77",46,25,21
"Siikajoki","78",19,9,10
"Siikajoki","79",39,21,18
"Siikajoki","80",24,15,9
"Siikajoki","81",28,14,14
"Siikajoki","82",18,8,10
"Siikajoki","83",28,12,16
"Siikajoki","84",28,11,17
"Siikajoki","85",27,11,16
"Siikajoki","86",16,9,7
"Siikajoki","87",11,3,8
"Siikajoki","88",17,4,13
"Siikajoki","89",18,10,8
"Siikajoki","90",20,4,16
"Siikajoki","91",8,1,7
"Siikajoki","92",9,1,8
"Siikajoki","93",4,2,2
"Siikajoki","94",4,1,3
"Siikajoki","95",6,2,4
"Siikajoki","96",3,1,2
"Siikajoki","97",3,1,2
"Siikajoki","98",3,0,3
"Siikajoki","99",0,0,0
"Siikajoki","100 -",4,2,2
"Siikalatva","0",39,18,21
"Siikalatva","1",34,21,13
"Siikalatva","2",36,21,15
"Siikalatva","3",56,24,32
"Siikalatva","4",41,28,13
"Siikalatva","5",56,28,28
"Siikalatva","6",60,30,30
"Siikalatva","7",48,26,22
"Siikalatva","8",50,28,22
"Siikalatva","9",61,34,27
"Siikalatva","10",70,36,34
"Siikalatva","11",47,24,23
"Siikalatva","12",67,33,34
"Siikalatva","13",57,28,29
"Siikalatva","14",70,42,28
"Siikalatva","15",56,30,26
"Siikalatva","16",65,35,30
"Siikalatva","17",51,25,26
"Siikalatva","18",47,31,16
"Siikalatva","19",39,26,13
"Siikalatva","20",40,27,13
"Siikalatva","21",35,22,13
"Siikalatva","22",32,23,9
"Siikalatva","23",25,15,10
"Siikalatva","24",33,16,17
"Siikalatva","25",28,16,12
"Siikalatva","26",37,23,14
"Siikalatva","27",41,23,18
"Siikalatva","28",37,11,26
"Siikalatva","29",33,18,15
"Siikalatva","30",48,29,19
"Siikalatva","31",47,21,26
"Siikalatva","32",29,16,13
"Siikalatva","33",58,27,31
"Siikalatva","34",38,17,21
"Siikalatva","35",54,40,14
"Siikalatva","36",58,36,22
"Siikalatva","37",51,30,21
"Siikalatva","38",63,39,24
"Siikalatva","39",44,26,18
"Siikalatva","40",62,27,35
"Siikalatva","41",46,28,18
"Siikalatva","42",57,33,24
"Siikalatva","43",34,26,8
"Siikalatva","44",54,33,21
"Siikalatva","45",50,27,23
"Siikalatva","46",45,23,22
"Siikalatva","47",42,17,25
"Siikalatva","48",46,21,25
"Siikalatva","49",62,39,23
"Siikalatva","50",66,34,32
"Siikalatva","51",59,33,26
"Siikalatva","52",74,37,37
"Siikalatva","53",76,40,36
"Siikalatva","54",89,46,43
"Siikalatva","55",78,41,37
"Siikalatva","56",77,43,34
"Siikalatva","57",86,50,36
"Siikalatva","58",75,41,34
"Siikalatva","59",88,40,48
"Siikalatva","60",77,41,36
"Siikalatva","61",94,47,47
"Siikalatva","62",81,48,33
"Siikalatva","63",88,47,41
"Siikalatva","64",85,50,35
"Siikalatva","65",84,46,38
"Siikalatva","66",103,56,47
"Siikalatva","67",80,46,34
"Siikalatva","68",88,53,35
"Siikalatva","69",86,51,35
"Siikalatva","70",85,39,46
"Siikalatva","71",84,47,37
"Siikalatva","72",77,39,38
"Siikalatva","73",79,42,37
"Siikalatva","74",83,49,34
"Siikalatva","75",70,32,38
"Siikalatva","76",60,30,30
"Siikalatva","77",47,22,25
"Siikalatva","78",28,13,15
"Siikalatva","79",69,34,35
"Siikalatva","80",39,19,20
"Siikalatva","81",77,32,45
"Siikalatva","82",60,23,37
"Siikalatva","83",53,23,30
"Siikalatva","84",48,23,25
"Siikalatva","85",35,15,20
"Siikalatva","86",26,12,14
"Siikalatva","87",26,5,21
"Siikalatva","88",30,13,17
"Siikalatva","89",27,15,12
"Siikalatva","90",20,6,14
"Siikalatva","91",13,3,10
"Siikalatva","92",15,6,9
"Siikalatva","93",16,4,12
"Siikalatva","94",9,2,7
"Siikalatva","95",4,0,4
"Siikalatva","96",2,0,2
"Siikalatva","97",3,1,2
"Siikalatva","98",5,1,4
"Siikalatva","99",0,0,0
"Siikalatva","100 -",0,0,0
"Siilinjärvi","0",167,83,84
"Siilinjärvi","1",177,85,92
"Siilinjärvi","2",244,122,122
"Siilinjärvi","3",233,106,127
"Siilinjärvi","4",259,131,128
"Siilinjärvi","5",294,163,131
"Siilinjärvi","6",292,150,142
"Siilinjärvi","7",312,149,163
"Siilinjärvi","8",305,140,165
"Siilinjärvi","9",317,163,154
"Siilinjärvi","10",292,144,148
"Siilinjärvi","11",321,165,156
"Siilinjärvi","12",297,151,146
"Siilinjärvi","13",316,170,146
"Siilinjärvi","14",296,166,130
"Siilinjärvi","15",282,151,131
"Siilinjärvi","16",271,132,139
"Siilinjärvi","17",259,134,125
"Siilinjärvi","18",265,152,113
"Siilinjärvi","19",214,117,97
"Siilinjärvi","20",156,94,62
"Siilinjärvi","21",143,91,52
"Siilinjärvi","22",138,87,51
"Siilinjärvi","23",136,84,52
"Siilinjärvi","24",131,77,54
"Siilinjärvi","25",150,68,82
"Siilinjärvi","26",170,81,89
"Siilinjärvi","27",164,81,83
"Siilinjärvi","28",195,95,100
"Siilinjärvi","29",214,97,117
"Siilinjärvi","30",237,113,124
"Siilinjärvi","31",244,117,127
"Siilinjärvi","32",275,143,132
"Siilinjärvi","33",223,119,104
"Siilinjärvi","34",248,124,124
"Siilinjärvi","35",240,122,118
"Siilinjärvi","36",320,148,172
"Siilinjärvi","37",302,147,155
"Siilinjärvi","38",307,154,153
"Siilinjärvi","39",317,153,164
"Siilinjärvi","40",291,143,148
"Siilinjärvi","41",301,146,155
"Siilinjärvi","42",271,144,127
"Siilinjärvi","43",273,136,137
"Siilinjärvi","44",249,131,118
"Siilinjärvi","45",255,124,131
"Siilinjärvi","46",279,142,137
"Siilinjärvi","47",236,108,128
"Siilinjärvi","48",231,120,111
"Siilinjärvi","49",273,147,126
"Siilinjärvi","50",283,139,144
"Siilinjärvi","51",279,132,147
"Siilinjärvi","52",257,126,131
"Siilinjärvi","53",328,162,166
"Siilinjärvi","54",298,156,142
"Siilinjärvi","55",314,147,167
"Siilinjärvi","56",280,147,133
"Siilinjärvi","57",327,158,169
"Siilinjärvi","58",293,158,135
"Siilinjärvi","59",275,142,133
"Siilinjärvi","60",291,142,149
"Siilinjärvi","61",286,139,147
"Siilinjärvi","62",274,144,130
"Siilinjärvi","63",262,123,139
"Siilinjärvi","64",292,136,156
"Siilinjärvi","65",259,121,138
"Siilinjärvi","66",288,146,142
"Siilinjärvi","67",242,115,127
"Siilinjärvi","68",276,135,141
"Siilinjärvi","69",274,135,139
"Siilinjärvi","70",263,122,141
"Siilinjärvi","71",270,127,143
"Siilinjärvi","72",270,133,137
"Siilinjärvi","73",241,113,128
"Siilinjärvi","74",231,118,113
"Siilinjärvi","75",210,107,103
"Siilinjärvi","76",164,68,96
"Siilinjärvi","77",150,58,92
"Siilinjärvi","78",130,58,72
"Siilinjärvi","79",193,90,103
"Siilinjärvi","80",128,59,69
"Siilinjärvi","81",142,72,70
"Siilinjärvi","82",137,60,77
"Siilinjärvi","83",100,34,66
"Siilinjärvi","84",98,30,68
"Siilinjärvi","85",91,30,61
"Siilinjärvi","86",65,31,34
"Siilinjärvi","87",60,27,33
"Siilinjärvi","88",53,13,40
"Siilinjärvi","89",45,8,37
"Siilinjärvi","90",35,12,23
"Siilinjärvi","91",34,11,23
"Siilinjärvi","92",19,5,14
"Siilinjärvi","93",20,7,13
"Siilinjärvi","94",14,2,12
"Siilinjärvi","95",13,4,9
"Siilinjärvi","96",4,1,3
"Siilinjärvi","97",4,0,4
"Siilinjärvi","98",0,0,0
"Siilinjärvi","99",3,0,3
"Siilinjärvi","100 -",4,0,4
"Simo","0",14,5,9
"Simo","1",12,8,4
"Simo","2",16,5,11
"Simo","3",23,14,9
"Simo","4",19,10,9
"Simo","5",24,11,13
"Simo","6",17,10,7
"Simo","7",27,13,14
"Simo","8",44,21,23
"Simo","9",29,14,15
"Simo","10",34,17,17
"Simo","11",36,12,24
"Simo","12",31,17,14
"Simo","13",33,16,17
"Simo","14",39,16,23
"Simo","15",42,21,21
"Simo","16",34,21,13
"Simo","17",30,14,16
"Simo","18",41,20,21
"Simo","19",19,13,6
"Simo","20",22,18,4
"Simo","21",5,4,1
"Simo","22",6,4,2
"Simo","23",13,6,7
"Simo","24",11,5,6
"Simo","25",19,10,9
"Simo","26",17,12,5
"Simo","27",19,11,8
"Simo","28",17,9,8
"Simo","29",17,7,10
"Simo","30",19,8,11
"Simo","31",18,11,7
"Simo","32",24,8,16
"Simo","33",29,16,13
"Simo","34",22,15,7
"Simo","35",24,14,10
"Simo","36",21,14,7
"Simo","37",41,24,17
"Simo","38",41,20,21
"Simo","39",20,8,12
"Simo","40",30,19,11
"Simo","41",16,11,5
"Simo","42",34,13,21
"Simo","43",33,16,17
"Simo","44",34,18,16
"Simo","45",23,13,10
"Simo","46",26,8,18
"Simo","47",28,18,10
"Simo","48",35,18,17
"Simo","49",25,8,17
"Simo","50",27,16,11
"Simo","51",33,19,14
"Simo","52",34,18,16
"Simo","53",35,19,16
"Simo","54",35,13,22
"Simo","55",48,23,25
"Simo","56",54,28,26
"Simo","57",45,23,22
"Simo","58",51,31,20
"Simo","59",62,38,24
"Simo","60",44,26,18
"Simo","61",54,28,26
"Simo","62",46,21,25
"Simo","63",52,25,27
"Simo","64",51,27,24
"Simo","65",56,26,30
"Simo","66",78,36,42
"Simo","67",55,28,27
"Simo","68",69,35,34
"Simo","69",56,33,23
"Simo","70",72,40,32
"Simo","71",49,28,21
"Simo","72",67,40,27
"Simo","73",42,22,20
"Simo","74",53,28,25
"Simo","75",39,15,24
"Simo","76",27,12,15
"Simo","77",42,18,24
"Simo","78",31,16,15
"Simo","79",49,26,23
"Simo","80",17,8,9
"Simo","81",38,19,19
"Simo","82",26,13,13
"Simo","83",29,12,17
"Simo","84",27,12,15
"Simo","85",18,6,12
"Simo","86",18,12,6
"Simo","87",11,5,6
"Simo","88",7,4,3
"Simo","89",9,3,6
"Simo","90",6,1,5
"Simo","91",15,5,10
"Simo","92",5,0,5
"Simo","93",5,1,4
"Simo","94",1,0,1
"Simo","95",3,1,2
"Simo","96",4,1,3
"Simo","97",0,0,0
"Simo","98",0,0,0
"Simo","99",1,1,0
"Simo","100 -",1,0,1
"Sipoo","0",179,97,82
"Sipoo","1",192,90,102
"Sipoo","2",214,117,97
"Sipoo","3",210,103,107
"Sipoo","4",260,132,128
"Sipoo","5",219,128,91
"Sipoo","6",252,139,113
"Sipoo","7",297,165,132
"Sipoo","8",252,128,124
"Sipoo","9",308,171,137
"Sipoo","10",309,152,157
"Sipoo","11",292,148,144
"Sipoo","12",302,166,136
"Sipoo","13",312,171,141
"Sipoo","14",296,161,135
"Sipoo","15",253,130,123
"Sipoo","16",315,178,137
"Sipoo","17",285,153,132
"Sipoo","18",289,143,146
"Sipoo","19",247,138,109
"Sipoo","20",229,126,103
"Sipoo","21",201,118,83
"Sipoo","22",177,89,88
"Sipoo","23",184,98,86
"Sipoo","24",192,102,90
"Sipoo","25",209,114,95
"Sipoo","26",219,114,105
"Sipoo","27",225,126,99
"Sipoo","28",212,111,101
"Sipoo","29",194,88,106
"Sipoo","30",257,141,116
"Sipoo","31",208,112,96
"Sipoo","32",234,116,118
"Sipoo","33",192,90,102
"Sipoo","34",225,118,107
"Sipoo","35",232,125,107
"Sipoo","36",257,117,140
"Sipoo","37",241,124,117
"Sipoo","38",317,144,173
"Sipoo","39",305,147,158
"Sipoo","40",320,152,168
"Sipoo","41",307,147,160
"Sipoo","42",337,171,166
"Sipoo","43",349,194,155
"Sipoo","44",293,142,151
"Sipoo","45",342,176,166
"Sipoo","46",313,155,158
"Sipoo","47",263,128,135
"Sipoo","48",345,165,180
"Sipoo","49",329,163,166
"Sipoo","50",333,156,177
"Sipoo","51",356,186,170
"Sipoo","52",365,167,198
"Sipoo","53",405,196,209
"Sipoo","54",360,190,170
"Sipoo","55",365,183,182
"Sipoo","56",368,195,173
"Sipoo","57",323,162,161
"Sipoo","58",315,161,154
"Sipoo","59",298,154,144
"Sipoo","60",282,136,146
"Sipoo","61",278,131,147
"Sipoo","62",261,129,132
"Sipoo","63",252,131,121
"Sipoo","64",269,138,131
"Sipoo","65",217,98,119
"Sipoo","66",194,96,98
"Sipoo","67",218,100,118
"Sipoo","68",211,110,101
"Sipoo","69",200,89,111
"Sipoo","70",197,91,106
"Sipoo","71",252,120,132
"Sipoo","72",242,124,118
"Sipoo","73",222,98,124
"Sipoo","74",215,99,116
"Sipoo","75",193,94,99
"Sipoo","76",142,69,73
"Sipoo","77",134,60,74
"Sipoo","78",123,58,65
"Sipoo","79",150,67,83
"Sipoo","80",116,57,59
"Sipoo","81",103,49,54
"Sipoo","82",104,47,57
"Sipoo","83",84,38,46
"Sipoo","84",82,31,51
"Sipoo","85",80,32,48
"Sipoo","86",57,24,33
"Sipoo","87",53,21,32
"Sipoo","88",66,23,43
"Sipoo","89",52,20,32
"Sipoo","90",31,8,23
"Sipoo","91",36,15,21
"Sipoo","92",30,10,20
"Sipoo","93",20,5,15
"Sipoo","94",9,2,7
"Sipoo","95",7,1,6
"Sipoo","96",10,2,8
"Sipoo","97",5,1,4
"Sipoo","98",5,1,4
"Sipoo","99",2,0,2
"Sipoo","100 -",4,1,3
"Siuntio","0",36,18,18
"Siuntio","1",53,27,26
"Siuntio","2",47,24,23
"Siuntio","3",60,27,33
"Siuntio","4",68,36,32
"Siuntio","5",62,38,24
"Siuntio","6",66,34,32
"Siuntio","7",74,42,32
"Siuntio","8",69,42,27
"Siuntio","9",73,45,28
"Siuntio","10",90,37,53
"Siuntio","11",90,38,52
"Siuntio","12",93,49,44
"Siuntio","13",85,47,38
"Siuntio","14",96,52,44
"Siuntio","15",84,44,40
"Siuntio","16",77,41,36
"Siuntio","17",90,45,45
"Siuntio","18",81,49,32
"Siuntio","19",58,33,25
"Siuntio","20",47,27,20
"Siuntio","21",49,33,16
"Siuntio","22",37,26,11
"Siuntio","23",36,19,17
"Siuntio","24",33,13,20
"Siuntio","25",37,19,18
"Siuntio","26",42,23,19
"Siuntio","27",47,28,19
"Siuntio","28",59,29,30
"Siuntio","29",56,29,27
"Siuntio","30",48,23,25
"Siuntio","31",58,27,31
"Siuntio","32",64,34,30
"Siuntio","33",55,29,26
"Siuntio","34",62,35,27
"Siuntio","35",63,31,32
"Siuntio","36",70,35,35
"Siuntio","37",95,48,47
"Siuntio","38",60,28,32
"Siuntio","39",87,34,53
"Siuntio","40",99,52,47
"Siuntio","41",85,42,43
"Siuntio","42",99,45,54
"Siuntio","43",91,50,41
"Siuntio","44",103,47,56
"Siuntio","45",89,48,41
"Siuntio","46",106,56,50
"Siuntio","47",86,42,44
"Siuntio","48",83,48,35
"Siuntio","49",104,55,49
"Siuntio","50",99,47,52
"Siuntio","51",113,61,52
"Siuntio","52",113,43,70
"Siuntio","53",119,60,59
"Siuntio","54",105,46,59
"Siuntio","55",106,58,48
"Siuntio","56",111,51,60
"Siuntio","57",87,38,49
"Siuntio","58",89,55,34
"Siuntio","59",79,38,41
"Siuntio","60",84,50,34
"Siuntio","61",82,45,37
"Siuntio","62",83,48,35
"Siuntio","63",88,40,48
"Siuntio","64",78,32,46
"Siuntio","65",59,28,31
"Siuntio","66",80,41,39
"Siuntio","67",78,43,35
"Siuntio","68",75,43,32
"Siuntio","69",69,38,31
"Siuntio","70",78,35,43
"Siuntio","71",72,39,33
"Siuntio","72",103,46,57
"Siuntio","73",67,32,35
"Siuntio","74",73,40,33
"Siuntio","75",70,38,32
"Siuntio","76",52,24,28
"Siuntio","77",47,25,22
"Siuntio","78",25,13,12
"Siuntio","79",31,15,16
"Siuntio","80",26,9,17
"Siuntio","81",34,13,21
"Siuntio","82",22,10,12
"Siuntio","83",22,9,13
"Siuntio","84",23,7,16
"Siuntio","85",22,14,8
"Siuntio","86",13,6,7
"Siuntio","87",10,6,4
"Siuntio","88",10,7,3
"Siuntio","89",16,9,7
"Siuntio","90",8,4,4
"Siuntio","91",6,3,3
"Siuntio","92",4,3,1
"Siuntio","93",4,2,2
"Siuntio","94",5,0,5
"Siuntio","95",5,1,4
"Siuntio","96",2,0,2
"Siuntio","97",0,0,0
"Siuntio","98",0,0,0
"Siuntio","99",0,0,0
"Siuntio","100 -",0,0,0
"Sodankylä","0",46,25,21
"Sodankylä","1",60,40,20
"Sodankylä","2",53,21,32
"Sodankylä","3",61,35,26
"Sodankylä","4",67,36,31
"Sodankylä","5",83,39,44
"Sodankylä","6",82,30,52
"Sodankylä","7",84,42,42
"Sodankylä","8",82,45,37
"Sodankylä","9",84,37,47
"Sodankylä","10",87,52,35
"Sodankylä","11",72,32,40
"Sodankylä","12",88,49,39
"Sodankylä","13",84,41,43
"Sodankylä","14",66,42,24
"Sodankylä","15",72,38,34
"Sodankylä","16",68,36,32
"Sodankylä","17",59,35,24
"Sodankylä","18",67,31,36
"Sodankylä","19",60,33,27
"Sodankylä","20",50,35,15
"Sodankylä","21",55,34,21
"Sodankylä","22",68,45,23
"Sodankylä","23",63,45,18
"Sodankylä","24",52,34,18
"Sodankylä","25",70,37,33
"Sodankylä","26",85,50,35
"Sodankylä","27",80,39,41
"Sodankylä","28",97,54,43
"Sodankylä","29",92,54,38
"Sodankylä","30",97,53,44
"Sodankylä","31",100,52,48
"Sodankylä","32",95,48,47
"Sodankylä","33",96,48,48
"Sodankylä","34",111,56,55
"Sodankylä","35",99,60,39
"Sodankylä","36",93,46,47
"Sodankylä","37",92,59,33
"Sodankylä","38",92,56,36
"Sodankylä","39",97,59,38
"Sodankylä","40",69,41,28
"Sodankylä","41",86,52,34
"Sodankylä","42",88,44,44
"Sodankylä","43",78,43,35
"Sodankylä","44",74,38,36
"Sodankylä","45",83,41,42
"Sodankylä","46",75,34,41
"Sodankylä","47",70,37,33
"Sodankylä","48",73,37,36
"Sodankylä","49",76,40,36
"Sodankylä","50",102,39,63
"Sodankylä","51",97,52,45
"Sodankylä","52",114,60,54
"Sodankylä","53",109,57,52
"Sodankylä","54",128,59,69
"Sodankylä","55",156,85,71
"Sodankylä","56",123,54,69
"Sodankylä","57",153,87,66
"Sodankylä","58",148,81,67
"Sodankylä","59",166,88,78
"Sodankylä","60",164,88,76
"Sodankylä","61",163,85,78
"Sodankylä","62",138,61,77
"Sodankylä","63",158,79,79
"Sodankylä","64",133,75,58
"Sodankylä","65",140,81,59
"Sodankylä","66",149,86,63
"Sodankylä","67",136,93,43
"Sodankylä","68",124,55,69
"Sodankylä","69",125,60,65
"Sodankylä","70",141,86,55
"Sodankylä","71",151,71,80
"Sodankylä","72",134,79,55
"Sodankylä","73",117,71,46
"Sodankylä","74",148,77,71
"Sodankylä","75",79,44,35
"Sodankylä","76",74,38,36
"Sodankylä","77",79,40,39
"Sodankylä","78",54,28,26
"Sodankylä","79",90,39,51
"Sodankylä","80",55,28,27
"Sodankylä","81",78,36,42
"Sodankylä","82",69,30,39
"Sodankylä","83",80,29,51
"Sodankylä","84",50,23,27
"Sodankylä","85",44,15,29
"Sodankylä","86",50,17,33
"Sodankylä","87",28,10,18
"Sodankylä","88",31,13,18
"Sodankylä","89",28,7,21
"Sodankylä","90",17,5,12
"Sodankylä","91",21,11,10
"Sodankylä","92",16,5,11
"Sodankylä","93",8,3,5
"Sodankylä","94",6,3,3
"Sodankylä","95",3,1,2
"Sodankylä","96",2,2,0
"Sodankylä","97",4,2,2
"Sodankylä","98",2,0,2
"Sodankylä","99",0,0,0
"Sodankylä","100 -",0,0,0
"Soini","0",11,6,5
"Soini","1",18,11,7
"Soini","2",15,8,7
"Soini","3",17,5,12
"Soini","4",21,9,12
"Soini","5",16,7,9
"Soini","6",29,17,12
"Soini","7",31,18,13
"Soini","8",29,16,13
"Soini","9",29,16,13
"Soini","10",18,9,9
"Soini","11",24,14,10
"Soini","12",15,7,8
"Soini","13",23,11,12
"Soini","14",17,8,9
"Soini","15",16,7,9
"Soini","16",24,15,9
"Soini","17",18,7,11
"Soini","18",20,9,11
"Soini","19",23,12,11
"Soini","20",20,10,10
"Soini","21",15,10,5
"Soini","22",9,5,4
"Soini","23",16,10,6
"Soini","24",17,8,9
"Soini","25",13,7,6
"Soini","26",13,6,7
"Soini","27",18,11,7
"Soini","28",9,6,3
"Soini","29",12,7,5
"Soini","30",16,9,7
"Soini","31",17,14,3
"Soini","32",25,13,12
"Soini","33",20,9,11
"Soini","34",21,12,9
"Soini","35",16,8,8
"Soini","36",22,7,15
"Soini","37",16,8,8
"Soini","38",15,8,7
"Soini","39",19,12,7
"Soini","40",21,11,10
"Soini","41",17,9,8
"Soini","42",16,9,7
"Soini","43",16,8,8
"Soini","44",8,5,3
"Soini","45",16,6,10
"Soini","46",10,9,1
"Soini","47",13,7,6
"Soini","48",12,5,7
"Soini","49",20,10,10
"Soini","50",19,10,9
"Soini","51",20,11,9
"Soini","52",36,19,17
"Soini","53",34,17,17
"Soini","54",32,13,19
"Soini","55",21,10,11
"Soini","56",45,22,23
"Soini","57",33,14,19
"Soini","58",42,18,24
"Soini","59",35,20,15
"Soini","60",36,21,15
"Soini","61",27,13,14
"Soini","62",22,11,11
"Soini","63",41,29,12
"Soini","64",27,13,14
"Soini","65",47,27,20
"Soini","66",27,17,10
"Soini","67",38,22,16
"Soini","68",38,19,19
"Soini","69",30,17,13
"Soini","70",34,14,20
"Soini","71",31,17,14
"Soini","72",37,19,18
"Soini","73",33,14,19
"Soini","74",21,7,14
"Soini","75",35,15,20
"Soini","76",23,15,8
"Soini","77",27,11,16
"Soini","78",19,10,9
"Soini","79",14,3,11
"Soini","80",13,5,8
"Soini","81",14,7,7
"Soini","82",32,15,17
"Soini","83",20,8,12
"Soini","84",20,10,10
"Soini","85",13,11,2
"Soini","86",19,7,12
"Soini","87",13,5,8
"Soini","88",9,1,8
"Soini","89",8,4,4
"Soini","90",11,2,9
"Soini","91",3,0,3
"Soini","92",5,3,2
"Soini","93",6,2,4
"Soini","94",3,2,1
"Soini","95",2,0,2
"Soini","96",0,0,0
"Soini","97",0,0,0
"Soini","98",0,0,0
"Soini","99",0,0,0
"Soini","100 -",0,0,0
"Somero","0",46,22,24
"Somero","1",53,21,32
"Somero","2",60,29,31
"Somero","3",62,32,30
"Somero","4",68,40,28
"Somero","5",75,26,49
"Somero","6",75,39,36
"Somero","7",87,37,50
"Somero","8",86,45,41
"Somero","9",88,43,45
"Somero","10",82,43,39
"Somero","11",71,37,34
"Somero","12",102,57,45
"Somero","13",86,48,38
"Somero","14",101,54,47
"Somero","15",93,48,45
"Somero","16",101,61,40
"Somero","17",110,55,55
"Somero","18",89,45,44
"Somero","19",67,39,28
"Somero","20",59,34,25
"Somero","21",60,33,27
"Somero","22",47,22,25
"Somero","23",53,31,22
"Somero","24",58,28,30
"Somero","25",64,36,28
"Somero","26",69,36,33
"Somero","27",56,25,31
"Somero","28",59,39,20
"Somero","29",70,38,32
"Somero","30",60,29,31
"Somero","31",75,32,43
"Somero","32",62,33,29
"Somero","33",70,40,30
"Somero","34",82,37,45
"Somero","35",90,46,44
"Somero","36",78,43,35
"Somero","37",87,48,39
"Somero","38",80,31,49
"Somero","39",98,44,54
"Somero","40",78,44,34
"Somero","41",82,44,38
"Somero","42",102,44,58
"Somero","43",93,44,49
"Somero","44",92,51,41
"Somero","45",90,48,42
"Somero","46",90,42,48
"Somero","47",90,42,48
"Somero","48",97,46,51
"Somero","49",95,47,48
"Somero","50",100,55,45
"Somero","51",104,57,47
"Somero","52",131,70,61
"Somero","53",126,64,62
"Somero","54",138,75,63
"Somero","55",134,79,55
"Somero","56",131,55,76
"Somero","57",137,73,64
"Somero","58",128,75,53
"Somero","59",116,58,58
"Somero","60",124,57,67
"Somero","61",139,68,71
"Somero","62",136,71,65
"Somero","63",145,78,67
"Somero","64",142,80,62
"Somero","65",146,71,75
"Somero","66",137,69,68
"Somero","67",152,78,74
"Somero","68",148,70,78
"Somero","69",147,76,71
"Somero","70",151,69,82
"Somero","71",157,88,69
"Somero","72",120,64,56
"Somero","73",141,71,70
"Somero","74",153,81,72
"Somero","75",122,58,64
"Somero","76",112,55,57
"Somero","77",110,53,57
"Somero","78",72,28,44
"Somero","79",94,37,57
"Somero","80",99,49,50
"Somero","81",105,43,62
"Somero","82",81,27,54
"Somero","83",87,36,51
"Somero","84",69,29,40
"Somero","85",69,28,41
"Somero","86",45,12,33
"Somero","87",46,17,29
"Somero","88",44,14,30
"Somero","89",44,22,22
"Somero","90",47,13,34
"Somero","91",40,13,27
"Somero","92",31,13,18
"Somero","93",12,3,9
"Somero","94",14,4,10
"Somero","95",11,5,6
"Somero","96",10,2,8
"Somero","97",6,1,5
"Somero","98",3,1,2
"Somero","99",1,0,1
"Somero","100 -",1,0,1
"Sonkajärvi","0",20,13,7
"Sonkajärvi","1",19,11,8
"Sonkajärvi","2",21,12,9
"Sonkajärvi","3",28,13,15
"Sonkajärvi","4",31,15,16
"Sonkajärvi","5",22,10,12
"Sonkajärvi","6",26,15,11
"Sonkajärvi","7",40,19,21
"Sonkajärvi","8",28,11,17
"Sonkajärvi","9",39,22,17
"Sonkajärvi","10",42,22,20
"Sonkajärvi","11",29,10,19
"Sonkajärvi","12",42,26,16
"Sonkajärvi","13",36,15,21
"Sonkajärvi","14",44,21,23
"Sonkajärvi","15",33,19,14
"Sonkajärvi","16",44,20,24
"Sonkajärvi","17",28,17,11
"Sonkajärvi","18",43,22,21
"Sonkajärvi","19",27,18,9
"Sonkajärvi","20",15,9,6
"Sonkajärvi","21",12,7,5
"Sonkajärvi","22",23,17,6
"Sonkajärvi","23",21,8,13
"Sonkajärvi","24",26,16,10
"Sonkajärvi","25",20,10,10
"Sonkajärvi","26",27,18,9
"Sonkajärvi","27",23,11,12
"Sonkajärvi","28",22,11,11
"Sonkajärvi","29",32,13,19
"Sonkajärvi","30",21,12,9
"Sonkajärvi","31",37,20,17
"Sonkajärvi","32",32,17,15
"Sonkajärvi","33",28,15,13
"Sonkajärvi","34",33,18,15
"Sonkajärvi","35",30,21,9
"Sonkajärvi","36",35,18,17
"Sonkajärvi","37",36,23,13
"Sonkajärvi","38",37,21,16
"Sonkajärvi","39",42,20,22
"Sonkajärvi","40",35,21,14
"Sonkajärvi","41",27,15,12
"Sonkajärvi","42",29,13,16
"Sonkajärvi","43",35,21,14
"Sonkajärvi","44",52,29,23
"Sonkajärvi","45",42,27,15
"Sonkajärvi","46",26,14,12
"Sonkajärvi","47",31,13,18
"Sonkajärvi","48",30,13,17
"Sonkajärvi","49",36,15,21
"Sonkajärvi","50",43,23,20
"Sonkajärvi","51",45,23,22
"Sonkajärvi","52",52,25,27
"Sonkajärvi","53",56,35,21
"Sonkajärvi","54",60,35,25
"Sonkajärvi","55",65,35,30
"Sonkajärvi","56",68,34,34
"Sonkajärvi","57",68,43,25
"Sonkajärvi","58",65,33,32
"Sonkajärvi","59",64,32,32
"Sonkajärvi","60",80,48,32
"Sonkajärvi","61",83,51,32
"Sonkajärvi","62",65,31,34
"Sonkajärvi","63",81,41,40
"Sonkajärvi","64",85,43,42
"Sonkajärvi","65",92,49,43
"Sonkajärvi","66",85,54,31
"Sonkajärvi","67",71,41,30
"Sonkajärvi","68",77,46,31
"Sonkajärvi","69",78,43,35
"Sonkajärvi","70",64,32,32
"Sonkajärvi","71",73,39,34
"Sonkajärvi","72",80,43,37
"Sonkajärvi","73",81,44,37
"Sonkajärvi","74",61,30,31
"Sonkajärvi","75",62,29,33
"Sonkajärvi","76",42,23,19
"Sonkajärvi","77",43,13,30
"Sonkajärvi","78",33,15,18
"Sonkajärvi","79",37,21,16
"Sonkajärvi","80",22,7,15
"Sonkajärvi","81",41,19,22
"Sonkajärvi","82",40,22,18
"Sonkajärvi","83",41,16,25
"Sonkajärvi","84",31,16,15
"Sonkajärvi","85",26,9,17
"Sonkajärvi","86",29,11,18
"Sonkajärvi","87",21,7,14
"Sonkajärvi","88",18,8,10
"Sonkajärvi","89",14,4,10
"Sonkajärvi","90",12,7,5
"Sonkajärvi","91",19,6,13
"Sonkajärvi","92",7,1,6
"Sonkajärvi","93",15,7,8
"Sonkajärvi","94",5,3,2
"Sonkajärvi","95",2,1,1
"Sonkajärvi","96",0,0,0
"Sonkajärvi","97",1,0,1
"Sonkajärvi","98",1,1,0
"Sonkajärvi","99",0,0,0
"Sonkajärvi","100 -",0,0,0
"Sotkamo","0",76,36,40
"Sotkamo","1",75,33,42
"Sotkamo","2",67,31,36
"Sotkamo","3",103,47,56
"Sotkamo","4",98,56,42
"Sotkamo","5",98,46,52
"Sotkamo","6",109,56,53
"Sotkamo","7",126,71,55
"Sotkamo","8",103,53,50
"Sotkamo","9",104,48,56
"Sotkamo","10",124,71,53
"Sotkamo","11",112,58,54
"Sotkamo","12",112,55,57
"Sotkamo","13",109,54,55
"Sotkamo","14",116,54,62
"Sotkamo","15",125,60,65
"Sotkamo","16",106,48,58
"Sotkamo","17",120,70,50
"Sotkamo","18",107,61,46
"Sotkamo","19",92,43,49
"Sotkamo","20",89,58,31
"Sotkamo","21",70,48,22
"Sotkamo","22",61,42,19
"Sotkamo","23",64,29,35
"Sotkamo","24",71,39,32
"Sotkamo","25",76,42,34
"Sotkamo","26",75,38,37
"Sotkamo","27",82,47,35
"Sotkamo","28",100,57,43
"Sotkamo","29",87,47,40
"Sotkamo","30",99,51,48
"Sotkamo","31",95,49,46
"Sotkamo","32",89,48,41
"Sotkamo","33",89,40,49
"Sotkamo","34",112,52,60
"Sotkamo","35",122,58,64
"Sotkamo","36",127,63,64
"Sotkamo","37",132,66,66
"Sotkamo","38",136,78,58
"Sotkamo","39",120,56,64
"Sotkamo","40",128,69,59
"Sotkamo","41",134,70,64
"Sotkamo","42",143,70,73
"Sotkamo","43",119,70,49
"Sotkamo","44",136,75,61
"Sotkamo","45",99,44,55
"Sotkamo","46",94,44,50
"Sotkamo","47",105,47,58
"Sotkamo","48",121,66,55
"Sotkamo","49",123,51,72
"Sotkamo","50",120,59,61
"Sotkamo","51",132,68,64
"Sotkamo","52",119,64,55
"Sotkamo","53",144,86,58
"Sotkamo","54",148,81,67
"Sotkamo","55",162,90,72
"Sotkamo","56",154,76,78
"Sotkamo","57",146,83,63
"Sotkamo","58",170,85,85
"Sotkamo","59",148,67,81
"Sotkamo","60",194,95,99
"Sotkamo","61",157,77,80
"Sotkamo","62",162,77,85
"Sotkamo","63",183,92,91
"Sotkamo","64",186,92,94
"Sotkamo","65",165,88,77
"Sotkamo","66",174,91,83
"Sotkamo","67",178,88,90
"Sotkamo","68",170,93,77
"Sotkamo","69",166,81,85
"Sotkamo","70",161,86,75
"Sotkamo","71",155,80,75
"Sotkamo","72",164,82,82
"Sotkamo","73",142,62,80
"Sotkamo","74",119,62,57
"Sotkamo","75",120,56,64
"Sotkamo","76",110,56,54
"Sotkamo","77",82,42,40
"Sotkamo","78",73,32,41
"Sotkamo","79",105,43,62
"Sotkamo","80",72,24,48
"Sotkamo","81",95,47,48
"Sotkamo","82",60,25,35
"Sotkamo","83",60,26,34
"Sotkamo","84",51,18,33
"Sotkamo","85",63,27,36
"Sotkamo","86",48,24,24
"Sotkamo","87",46,17,29
"Sotkamo","88",39,14,25
"Sotkamo","89",33,11,22
"Sotkamo","90",45,19,26
"Sotkamo","91",23,8,15
"Sotkamo","92",21,9,12
"Sotkamo","93",12,2,10
"Sotkamo","94",12,4,8
"Sotkamo","95",15,4,11
"Sotkamo","96",4,3,1
"Sotkamo","97",2,0,2
"Sotkamo","98",5,1,4
"Sotkamo","99",2,0,2
"Sotkamo","100 -",4,0,4
"Sottunga","0",0,0,0
"Sottunga","1",1,0,1
"Sottunga","2",2,2,0
"Sottunga","3",0,0,0
"Sottunga","4",1,1,0
"Sottunga","5",2,1,1
"Sottunga","6",0,0,0
"Sottunga","7",2,1,1
"Sottunga","8",0,0,0
"Sottunga","9",0,0,0
"Sottunga","10",1,1,0
"Sottunga","11",1,0,1
"Sottunga","12",0,0,0
"Sottunga","13",1,1,0
"Sottunga","14",0,0,0
"Sottunga","15",0,0,0
"Sottunga","16",0,0,0
"Sottunga","17",1,1,0
"Sottunga","18",0,0,0
"Sottunga","19",0,0,0
"Sottunga","20",3,1,2
"Sottunga","21",0,0,0
"Sottunga","22",0,0,0
"Sottunga","23",1,0,1
"Sottunga","24",0,0,0
"Sottunga","25",0,0,0
"Sottunga","26",0,0,0
"Sottunga","27",3,0,3
"Sottunga","28",0,0,0
"Sottunga","29",2,1,1
"Sottunga","30",2,2,0
"Sottunga","31",0,0,0
"Sottunga","32",0,0,0
"Sottunga","33",2,1,1
"Sottunga","34",0,0,0
"Sottunga","35",0,0,0
"Sottunga","36",1,0,1
"Sottunga","37",0,0,0
"Sottunga","38",1,1,0
"Sottunga","39",1,0,1
"Sottunga","40",1,1,0
"Sottunga","41",0,0,0
"Sottunga","42",0,0,0
"Sottunga","43",0,0,0
"Sottunga","44",0,0,0
"Sottunga","45",1,0,1
"Sottunga","46",0,0,0
"Sottunga","47",0,0,0
"Sottunga","48",0,0,0
"Sottunga","49",0,0,0
"Sottunga","50",2,1,1
"Sottunga","51",3,2,1
"Sottunga","52",2,1,1
"Sottunga","53",3,2,1
"Sottunga","54",2,2,0
"Sottunga","55",1,1,0
"Sottunga","56",1,0,1
"Sottunga","57",3,2,1
"Sottunga","58",1,1,0
"Sottunga","59",0,0,0
"Sottunga","60",5,2,3
"Sottunga","61",4,3,1
"Sottunga","62",0,0,0
"Sottunga","63",4,2,2
"Sottunga","64",3,2,1
"Sottunga","65",0,0,0
"Sottunga","66",2,2,0
"Sottunga","67",5,2,3
"Sottunga","68",2,0,2
"Sottunga","69",1,0,1
"Sottunga","70",2,1,1
"Sottunga","71",1,1,0
"Sottunga","72",2,2,0
"Sottunga","73",0,0,0
"Sottunga","74",2,1,1
"Sottunga","75",4,3,1
"Sottunga","76",4,3,1
"Sottunga","77",1,1,0
"Sottunga","78",2,1,1
"Sottunga","79",1,0,1
"Sottunga","80",0,0,0
"Sottunga","81",1,0,1
"Sottunga","82",0,0,0
"Sottunga","83",1,0,1
"Sottunga","84",0,0,0
"Sottunga","85",1,1,0
"Sottunga","86",1,1,0
"Sottunga","87",0,0,0
"Sottunga","88",1,0,1
"Sottunga","89",0,0,0
"Sottunga","90",1,0,1
"Sottunga","91",0,0,0
"Sottunga","92",0,0,0
"Sottunga","93",1,0,1
"Sottunga","94",0,0,0
"Sottunga","95",1,1,0
"Sottunga","96",0,0,0
"Sottunga","97",0,0,0
"Sottunga","98",0,0,0
"Sottunga","99",0,0,0
"Sottunga","100 -",0,0,0
"Sulkava","0",9,3,6
"Sulkava","1",8,3,5
"Sulkava","2",4,3,1
"Sulkava","3",15,9,6
"Sulkava","4",17,10,7
"Sulkava","5",9,5,4
"Sulkava","6",16,5,11
"Sulkava","7",22,12,10
"Sulkava","8",12,3,9
"Sulkava","9",18,7,11
"Sulkava","10",16,6,10
"Sulkava","11",7,4,3
"Sulkava","12",16,10,6
"Sulkava","13",9,5,4
"Sulkava","14",25,12,13
"Sulkava","15",20,8,12
"Sulkava","16",27,12,15
"Sulkava","17",26,14,12
"Sulkava","18",19,5,14
"Sulkava","19",26,18,8
"Sulkava","20",15,11,4
"Sulkava","21",18,5,13
"Sulkava","22",13,6,7
"Sulkava","23",9,6,3
"Sulkava","24",24,12,12
"Sulkava","25",19,16,3
"Sulkava","26",16,8,8
"Sulkava","27",14,4,10
"Sulkava","28",19,13,6
"Sulkava","29",23,11,12
"Sulkava","30",21,8,13
"Sulkava","31",17,13,4
"Sulkava","32",19,10,9
"Sulkava","33",12,6,6
"Sulkava","34",15,12,3
"Sulkava","35",32,14,18
"Sulkava","36",15,7,8
"Sulkava","37",14,9,5
"Sulkava","38",22,8,14
"Sulkava","39",19,13,6
"Sulkava","40",19,9,10
"Sulkava","41",13,6,7
"Sulkava","42",16,11,5
"Sulkava","43",13,6,7
"Sulkava","44",16,13,3
"Sulkava","45",24,14,10
"Sulkava","46",25,12,13
"Sulkava","47",24,11,13
"Sulkava","48",26,12,14
"Sulkava","49",20,8,12
"Sulkava","50",23,9,14
"Sulkava","51",36,18,18
"Sulkava","52",32,15,17
"Sulkava","53",27,19,8
"Sulkava","54",35,17,18
"Sulkava","55",36,19,17
"Sulkava","56",40,22,18
"Sulkava","57",45,29,16
"Sulkava","58",58,33,25
"Sulkava","59",42,18,24
"Sulkava","60",43,26,17
"Sulkava","61",50,28,22
"Sulkava","62",45,25,20
"Sulkava","63",63,32,31
"Sulkava","64",57,32,25
"Sulkava","65",45,27,18
"Sulkava","66",45,19,26
"Sulkava","67",44,22,22
"Sulkava","68",63,26,37
"Sulkava","69",49,33,16
"Sulkava","70",50,23,27
"Sulkava","71",57,35,22
"Sulkava","72",49,27,22
"Sulkava","73",62,26,36
"Sulkava","74",51,24,27
"Sulkava","75",45,20,25
"Sulkava","76",32,18,14
"Sulkava","77",34,19,15
"Sulkava","78",22,10,12
"Sulkava","79",35,16,19
"Sulkava","80",33,13,20
"Sulkava","81",33,16,17
"Sulkava","82",32,13,19
"Sulkava","83",25,7,18
"Sulkava","84",25,13,12
"Sulkava","85",29,13,16
"Sulkava","86",19,6,13
"Sulkava","87",12,3,9
"Sulkava","88",15,3,12
"Sulkava","89",13,8,5
"Sulkava","90",18,5,13
"Sulkava","91",13,4,9
"Sulkava","92",7,3,4
"Sulkava","93",8,3,5
"Sulkava","94",8,2,6
"Sulkava","95",2,1,1
"Sulkava","96",1,0,1
"Sulkava","97",0,0,0
"Sulkava","98",1,0,1
"Sulkava","99",0,0,0
"Sulkava","100 -",0,0,0
"Sund","0",10,3,7
"Sund","1",5,3,2
"Sund","2",10,6,4
"Sund","3",5,2,3
"Sund","4",10,7,3
"Sund","5",7,6,1
"Sund","6",10,5,5
"Sund","7",12,7,5
"Sund","8",14,6,8
"Sund","9",13,6,7
"Sund","10",4,1,3
"Sund","11",15,9,6
"Sund","12",10,2,8
"Sund","13",16,8,8
"Sund","14",15,10,5
"Sund","15",10,8,2
"Sund","16",10,8,2
"Sund","17",6,3,3
"Sund","18",9,6,3
"Sund","19",2,2,0
"Sund","20",2,1,1
"Sund","21",8,6,2
"Sund","22",4,3,1
"Sund","23",7,4,3
"Sund","24",7,3,4
"Sund","25",18,10,8
"Sund","26",8,6,2
"Sund","27",9,6,3
"Sund","28",5,3,2
"Sund","29",7,5,2
"Sund","30",10,6,4
"Sund","31",16,8,8
"Sund","32",8,5,3
"Sund","33",16,7,9
"Sund","34",6,4,2
"Sund","35",7,2,5
"Sund","36",16,6,10
"Sund","37",13,5,8
"Sund","38",7,2,5
"Sund","39",12,9,3
"Sund","40",12,5,7
"Sund","41",6,4,2
"Sund","42",10,6,4
"Sund","43",17,7,10
"Sund","44",18,11,7
"Sund","45",15,10,5
"Sund","46",12,9,3
"Sund","47",24,9,15
"Sund","48",17,4,13
"Sund","49",14,8,6
"Sund","50",11,5,6
"Sund","51",8,5,3
"Sund","52",17,8,9
"Sund","53",15,9,6
"Sund","54",19,10,9
"Sund","55",14,8,6
"Sund","56",18,7,11
"Sund","57",12,6,6
"Sund","58",19,9,10
"Sund","59",12,5,7
"Sund","60",13,7,6
"Sund","61",12,8,4
"Sund","62",11,6,5
"Sund","63",25,18,7
"Sund","64",13,3,10
"Sund","65",11,8,3
"Sund","66",16,9,7
"Sund","67",16,4,12
"Sund","68",18,10,8
"Sund","69",15,9,6
"Sund","70",12,4,8
"Sund","71",16,7,9
"Sund","72",15,9,6
"Sund","73",16,7,9
"Sund","74",26,13,13
"Sund","75",10,5,5
"Sund","76",10,7,3
"Sund","77",6,4,2
"Sund","78",8,2,6
"Sund","79",11,6,5
"Sund","80",7,3,4
"Sund","81",3,1,2
"Sund","82",10,3,7
"Sund","83",7,4,3
"Sund","84",3,0,3
"Sund","85",7,1,6
"Sund","86",4,1,3
"Sund","87",1,0,1
"Sund","88",6,2,4
"Sund","89",4,2,2
"Sund","90",1,0,1
"Sund","91",2,1,1
"Sund","92",0,0,0
"Sund","93",2,1,1
"Sund","94",0,0,0
"Sund","95",0,0,0
"Sund","96",0,0,0
"Sund","97",0,0,0
"Sund","98",0,0,0
"Sund","99",0,0,0
"Sund","100 -",1,0,1
"Suomussalmi","0",30,15,15
"Suomussalmi","1",30,16,14
"Suomussalmi","2",43,19,24
"Suomussalmi","3",40,20,20
"Suomussalmi","4",47,31,16
"Suomussalmi","5",51,28,23
"Suomussalmi","6",57,32,25
"Suomussalmi","7",66,35,31
"Suomussalmi","8",56,29,27
"Suomussalmi","9",50,26,24
"Suomussalmi","10",51,30,21
"Suomussalmi","11",65,42,23
"Suomussalmi","12",54,28,26
"Suomussalmi","13",65,30,35
"Suomussalmi","14",62,32,30
"Suomussalmi","15",78,38,40
"Suomussalmi","16",56,32,24
"Suomussalmi","17",73,36,37
"Suomussalmi","18",64,36,28
"Suomussalmi","19",62,44,18
"Suomussalmi","20",36,29,7
"Suomussalmi","21",28,19,9
"Suomussalmi","22",40,22,18
"Suomussalmi","23",33,19,14
"Suomussalmi","24",29,18,11
"Suomussalmi","25",32,15,17
"Suomussalmi","26",38,20,18
"Suomussalmi","27",46,23,23
"Suomussalmi","28",39,30,9
"Suomussalmi","29",49,20,29
"Suomussalmi","30",51,30,21
"Suomussalmi","31",42,20,22
"Suomussalmi","32",51,23,28
"Suomussalmi","33",45,24,21
"Suomussalmi","34",61,37,24
"Suomussalmi","35",56,31,25
"Suomussalmi","36",65,36,29
"Suomussalmi","37",63,35,28
"Suomussalmi","38",67,38,29
"Suomussalmi","39",62,30,32
"Suomussalmi","40",77,49,28
"Suomussalmi","41",63,35,28
"Suomussalmi","42",64,35,29
"Suomussalmi","43",79,44,35
"Suomussalmi","44",70,35,35
"Suomussalmi","45",58,31,27
"Suomussalmi","46",65,32,33
"Suomussalmi","47",71,35,36
"Suomussalmi","48",71,35,36
"Suomussalmi","49",80,32,48
"Suomussalmi","50",102,56,46
"Suomussalmi","51",98,47,51
"Suomussalmi","52",116,66,50
"Suomussalmi","53",114,66,48
"Suomussalmi","54",106,60,46
"Suomussalmi","55",138,69,69
"Suomussalmi","56",131,69,62
"Suomussalmi","57",137,68,69
"Suomussalmi","58",139,73,66
"Suomussalmi","59",145,78,67
"Suomussalmi","60",142,70,72
"Suomussalmi","61",149,88,61
"Suomussalmi","62",134,59,75
"Suomussalmi","63",172,101,71
"Suomussalmi","64",164,94,70
"Suomussalmi","65",167,88,79
"Suomussalmi","66",195,111,84
"Suomussalmi","67",180,88,92
"Suomussalmi","68",176,86,90
"Suomussalmi","69",145,75,70
"Suomussalmi","70",160,87,73
"Suomussalmi","71",168,94,74
"Suomussalmi","72",152,70,82
"Suomussalmi","73",163,78,85
"Suomussalmi","74",125,62,63
"Suomussalmi","75",118,60,58
"Suomussalmi","76",106,44,62
"Suomussalmi","77",77,37,40
"Suomussalmi","78",73,36,37
"Suomussalmi","79",102,46,56
"Suomussalmi","80",64,27,37
"Suomussalmi","81",101,47,54
"Suomussalmi","82",81,37,44
"Suomussalmi","83",81,36,45
"Suomussalmi","84",53,14,39
"Suomussalmi","85",72,21,51
"Suomussalmi","86",50,17,33
"Suomussalmi","87",56,19,37
"Suomussalmi","88",35,11,24
"Suomussalmi","89",45,13,32
"Suomussalmi","90",33,15,18
"Suomussalmi","91",22,5,17
"Suomussalmi","92",18,7,11
"Suomussalmi","93",14,6,8
"Suomussalmi","94",13,5,8
"Suomussalmi","95",10,5,5
"Suomussalmi","96",5,0,5
"Suomussalmi","97",9,4,5
"Suomussalmi","98",4,0,4
"Suomussalmi","99",0,0,0
"Suomussalmi","100 -",3,0,3
"Suonenjoki","0",38,23,15
"Suonenjoki","1",37,19,18
"Suonenjoki","2",48,26,22
"Suonenjoki","3",50,29,21
"Suonenjoki","4",68,26,42
"Suonenjoki","5",62,28,34
"Suonenjoki","6",63,28,35
"Suonenjoki","7",69,39,30
"Suonenjoki","8",58,26,32
"Suonenjoki","9",70,47,23
"Suonenjoki","10",68,39,29
"Suonenjoki","11",72,32,40
"Suonenjoki","12",73,38,35
"Suonenjoki","13",66,31,35
"Suonenjoki","14",61,26,35
"Suonenjoki","15",58,32,26
"Suonenjoki","16",77,39,38
"Suonenjoki","17",67,32,35
"Suonenjoki","18",64,30,34
"Suonenjoki","19",56,33,23
"Suonenjoki","20",46,28,18
"Suonenjoki","21",56,30,26
"Suonenjoki","22",37,21,16
"Suonenjoki","23",46,26,20
"Suonenjoki","24",42,26,16
"Suonenjoki","25",42,22,20
"Suonenjoki","26",51,32,19
"Suonenjoki","27",54,29,25
"Suonenjoki","28",56,26,30
"Suonenjoki","29",59,34,25
"Suonenjoki","30",62,30,32
"Suonenjoki","31",57,29,28
"Suonenjoki","32",61,40,21
"Suonenjoki","33",65,35,30
"Suonenjoki","34",67,32,35
"Suonenjoki","35",62,28,34
"Suonenjoki","36",89,45,44
"Suonenjoki","37",91,40,51
"Suonenjoki","38",69,29,40
"Suonenjoki","39",66,34,32
"Suonenjoki","40",82,45,37
"Suonenjoki","41",63,30,33
"Suonenjoki","42",87,45,42
"Suonenjoki","43",81,42,39
"Suonenjoki","44",72,39,33
"Suonenjoki","45",91,52,39
"Suonenjoki","46",78,44,34
"Suonenjoki","47",65,34,31
"Suonenjoki","48",66,30,36
"Suonenjoki","49",82,43,39
"Suonenjoki","50",76,32,44
"Suonenjoki","51",83,35,48
"Suonenjoki","52",88,50,38
"Suonenjoki","53",85,44,41
"Suonenjoki","54",92,56,36
"Suonenjoki","55",89,48,41
"Suonenjoki","56",104,59,45
"Suonenjoki","57",122,57,65
"Suonenjoki","58",91,49,42
"Suonenjoki","59",118,63,55
"Suonenjoki","60",126,67,59
"Suonenjoki","61",122,65,57
"Suonenjoki","62",98,47,51
"Suonenjoki","63",110,48,62
"Suonenjoki","64",97,42,55
"Suonenjoki","65",138,76,62
"Suonenjoki","66",118,63,55
"Suonenjoki","67",132,64,68
"Suonenjoki","68",119,63,56
"Suonenjoki","69",112,50,62
"Suonenjoki","70",146,77,69
"Suonenjoki","71",119,61,58
"Suonenjoki","72",112,45,67
"Suonenjoki","73",121,58,63
"Suonenjoki","74",104,46,58
"Suonenjoki","75",96,50,46
"Suonenjoki","76",88,48,40
"Suonenjoki","77",71,34,37
"Suonenjoki","78",67,30,37
"Suonenjoki","79",90,38,52
"Suonenjoki","80",65,28,37
"Suonenjoki","81",83,33,50
"Suonenjoki","82",65,28,37
"Suonenjoki","83",49,21,28
"Suonenjoki","84",42,21,21
"Suonenjoki","85",54,25,29
"Suonenjoki","86",36,16,20
"Suonenjoki","87",31,12,19
"Suonenjoki","88",40,13,27
"Suonenjoki","89",35,17,18
"Suonenjoki","90",37,15,22
"Suonenjoki","91",21,6,15
"Suonenjoki","92",16,6,10
"Suonenjoki","93",11,3,8
"Suonenjoki","94",10,3,7
"Suonenjoki","95",10,3,7
"Suonenjoki","96",7,1,6
"Suonenjoki","97",8,0,8
"Suonenjoki","98",1,0,1
"Suonenjoki","99",1,0,1
"Suonenjoki","100 -",5,0,5
"Sysmä","0",15,7,8
"Sysmä","1",12,4,8
"Sysmä","2",15,5,10
"Sysmä","3",18,8,10
"Sysmä","4",18,8,10
"Sysmä","5",26,13,13
"Sysmä","6",20,9,11
"Sysmä","7",22,10,12
"Sysmä","8",23,13,10
"Sysmä","9",23,10,13
"Sysmä","10",14,6,8
"Sysmä","11",20,10,10
"Sysmä","12",27,9,18
"Sysmä","13",19,8,11
"Sysmä","14",31,15,16
"Sysmä","15",34,18,16
"Sysmä","16",36,19,17
"Sysmä","17",22,14,8
"Sysmä","18",32,24,8
"Sysmä","19",20,12,8
"Sysmä","20",20,12,8
"Sysmä","21",11,6,5
"Sysmä","22",15,11,4
"Sysmä","23",18,10,8
"Sysmä","24",17,12,5
"Sysmä","25",13,7,6
"Sysmä","26",23,16,7
"Sysmä","27",17,9,8
"Sysmä","28",23,12,11
"Sysmä","29",18,14,4
"Sysmä","30",13,8,5
"Sysmä","31",21,12,9
"Sysmä","32",26,14,12
"Sysmä","33",25,18,7
"Sysmä","34",18,9,9
"Sysmä","35",23,9,14
"Sysmä","36",26,9,17
"Sysmä","37",22,11,11
"Sysmä","38",19,9,10
"Sysmä","39",20,12,8
"Sysmä","40",27,15,12
"Sysmä","41",19,6,13
"Sysmä","42",27,15,12
"Sysmä","43",21,9,12
"Sysmä","44",22,12,10
"Sysmä","45",32,16,16
"Sysmä","46",38,23,15
"Sysmä","47",37,22,15
"Sysmä","48",30,12,18
"Sysmä","49",44,23,21
"Sysmä","50",39,14,25
"Sysmä","51",32,15,17
"Sysmä","52",53,25,28
"Sysmä","53",61,33,28
"Sysmä","54",60,35,25
"Sysmä","55",60,30,30
"Sysmä","56",69,41,28
"Sysmä","57",63,33,30
"Sysmä","58",73,32,41
"Sysmä","59",59,32,27
"Sysmä","60",70,44,26
"Sysmä","61",55,20,35
"Sysmä","62",78,34,44
"Sysmä","63",80,33,47
"Sysmä","64",78,38,40
"Sysmä","65",76,36,40
"Sysmä","66",76,43,33
"Sysmä","67",60,35,25
"Sysmä","68",87,53,34
"Sysmä","69",76,38,38
"Sysmä","70",80,43,37
"Sysmä","71",90,51,39
"Sysmä","72",88,46,42
"Sysmä","73",76,35,41
"Sysmä","74",75,43,32
"Sysmä","75",66,27,39
"Sysmä","76",78,40,38
"Sysmä","77",49,24,25
"Sysmä","78",54,23,31
"Sysmä","79",59,25,34
"Sysmä","80",45,22,23
"Sysmä","81",45,11,34
"Sysmä","82",48,20,28
"Sysmä","83",51,24,27
"Sysmä","84",49,26,23
"Sysmä","85",36,15,21
"Sysmä","86",38,10,28
"Sysmä","87",28,12,16
"Sysmä","88",23,9,14
"Sysmä","89",20,5,15
"Sysmä","90",27,11,16
"Sysmä","91",16,4,12
"Sysmä","92",13,1,12
"Sysmä","93",16,6,10
"Sysmä","94",8,2,6
"Sysmä","95",5,2,3
"Sysmä","96",6,0,6
"Sysmä","97",3,0,3
"Sysmä","98",1,0,1
"Sysmä","99",1,0,1
"Sysmä","100 -",0,0,0
"Säkylä","0",33,16,17
"Säkylä","1",47,30,17
"Säkylä","2",45,21,24
"Säkylä","3",44,18,26
"Säkylä","4",59,23,36
"Säkylä","5",49,23,26
"Säkylä","6",61,29,32
"Säkylä","7",62,33,29
"Säkylä","8",58,36,22
"Säkylä","9",60,31,29
"Säkylä","10",72,30,42
"Säkylä","11",70,36,34
"Säkylä","12",70,40,30
"Säkylä","13",66,31,35
"Säkylä","14",63,30,33
"Säkylä","15",79,42,37
"Säkylä","16",60,29,31
"Säkylä","17",63,26,37
"Säkylä","18",58,30,28
"Säkylä","19",56,37,19
"Säkylä","20",44,35,9
"Säkylä","21",45,30,15
"Säkylä","22",43,26,17
"Säkylä","23",41,24,17
"Säkylä","24",43,18,25
"Säkylä","25",55,32,23
"Säkylä","26",48,31,17
"Säkylä","27",48,21,27
"Säkylä","28",56,33,23
"Säkylä","29",38,22,16
"Säkylä","30",60,36,24
"Säkylä","31",59,32,27
"Säkylä","32",61,31,30
"Säkylä","33",57,26,31
"Säkylä","34",75,38,37
"Säkylä","35",68,33,35
"Säkylä","36",58,27,31
"Säkylä","37",73,43,30
"Säkylä","38",65,35,30
"Säkylä","39",70,39,31
"Säkylä","40",74,44,30
"Säkylä","41",60,30,30
"Säkylä","42",80,41,39
"Säkylä","43",55,25,30
"Säkylä","44",70,38,32
"Säkylä","45",71,30,41
"Säkylä","46",65,31,34
"Säkylä","47",65,40,25
"Säkylä","48",74,29,45
"Säkylä","49",72,38,34
"Säkylä","50",84,48,36
"Säkylä","51",93,42,51
"Säkylä","52",96,44,52
"Säkylä","53",107,63,44
"Säkylä","54",109,54,55
"Säkylä","55",102,52,50
"Säkylä","56",110,65,45
"Säkylä","57",107,44,63
"Säkylä","58",103,51,52
"Säkylä","59",104,50,54
"Säkylä","60",115,52,63
"Säkylä","61",108,58,50
"Säkylä","62",113,55,58
"Säkylä","63",110,55,55
"Säkylä","64",103,54,49
"Säkylä","65",121,65,56
"Säkylä","66",129,58,71
"Säkylä","67",109,59,50
"Säkylä","68",118,64,54
"Säkylä","69",113,52,61
"Säkylä","70",96,50,46
"Säkylä","71",119,58,61
"Säkylä","72",121,56,65
"Säkylä","73",127,62,65
"Säkylä","74",114,63,51
"Säkylä","75",101,43,58
"Säkylä","76",80,34,46
"Säkylä","77",73,32,41
"Säkylä","78",52,20,32
"Säkylä","79",91,46,45
"Säkylä","80",48,28,20
"Säkylä","81",52,20,32
"Säkylä","82",60,19,41
"Säkylä","83",50,21,29
"Säkylä","84",46,19,27
"Säkylä","85",50,24,26
"Säkylä","86",36,11,25
"Säkylä","87",44,18,26
"Säkylä","88",29,4,25
"Säkylä","89",37,14,23
"Säkylä","90",22,7,15
"Säkylä","91",18,3,15
"Säkylä","92",14,5,9
"Säkylä","93",10,1,9
"Säkylä","94",9,0,9
"Säkylä","95",11,2,9
"Säkylä","96",8,1,7
"Säkylä","97",2,1,1
"Säkylä","98",3,1,2
"Säkylä","99",0,0,0
"Säkylä","100 -",1,0,1
"Taipalsaari","0",29,17,12
"Taipalsaari","1",23,10,13
"Taipalsaari","2",34,18,16
"Taipalsaari","3",34,15,19
"Taipalsaari","4",35,18,17
"Taipalsaari","5",51,26,25
"Taipalsaari","6",54,24,30
"Taipalsaari","7",45,22,23
"Taipalsaari","8",49,30,19
"Taipalsaari","9",55,24,31
"Taipalsaari","10",61,29,32
"Taipalsaari","11",47,19,28
"Taipalsaari","12",52,28,24
"Taipalsaari","13",65,38,27
"Taipalsaari","14",60,27,33
"Taipalsaari","15",64,29,35
"Taipalsaari","16",64,36,28
"Taipalsaari","17",50,27,23
"Taipalsaari","18",57,36,21
"Taipalsaari","19",50,31,19
"Taipalsaari","20",22,14,8
"Taipalsaari","21",20,10,10
"Taipalsaari","22",21,14,7
"Taipalsaari","23",18,10,8
"Taipalsaari","24",23,11,12
"Taipalsaari","25",23,11,12
"Taipalsaari","26",28,13,15
"Taipalsaari","27",43,21,22
"Taipalsaari","28",39,18,21
"Taipalsaari","29",39,21,18
"Taipalsaari","30",39,25,14
"Taipalsaari","31",50,22,28
"Taipalsaari","32",29,14,15
"Taipalsaari","33",40,19,21
"Taipalsaari","34",41,21,20
"Taipalsaari","35",39,23,16
"Taipalsaari","36",47,25,22
"Taipalsaari","37",34,13,21
"Taipalsaari","38",50,24,26
"Taipalsaari","39",52,26,26
"Taipalsaari","40",49,24,25
"Taipalsaari","41",54,27,27
"Taipalsaari","42",63,33,30
"Taipalsaari","43",59,31,28
"Taipalsaari","44",74,37,37
"Taipalsaari","45",73,35,38
"Taipalsaari","46",44,23,21
"Taipalsaari","47",62,34,28
"Taipalsaari","48",52,29,23
"Taipalsaari","49",59,23,36
"Taipalsaari","50",57,30,27
"Taipalsaari","51",62,19,43
"Taipalsaari","52",67,31,36
"Taipalsaari","53",64,39,25
"Taipalsaari","54",78,40,38
"Taipalsaari","55",85,39,46
"Taipalsaari","56",75,34,41
"Taipalsaari","57",67,29,38
"Taipalsaari","58",83,40,43
"Taipalsaari","59",78,48,30
"Taipalsaari","60",88,44,44
"Taipalsaari","61",86,54,32
"Taipalsaari","62",91,50,41
"Taipalsaari","63",80,39,41
"Taipalsaari","64",81,42,39
"Taipalsaari","65",87,55,32
"Taipalsaari","66",83,41,42
"Taipalsaari","67",86,43,43
"Taipalsaari","68",61,28,33
"Taipalsaari","69",68,36,32
"Taipalsaari","70",63,39,24
"Taipalsaari","71",64,34,30
"Taipalsaari","72",64,36,28
"Taipalsaari","73",79,40,39
"Taipalsaari","74",74,37,37
"Taipalsaari","75",53,23,30
"Taipalsaari","76",40,19,21
"Taipalsaari","77",42,20,22
"Taipalsaari","78",29,18,11
"Taipalsaari","79",56,31,25
"Taipalsaari","80",32,15,17
"Taipalsaari","81",33,11,22
"Taipalsaari","82",30,18,12
"Taipalsaari","83",22,12,10
"Taipalsaari","84",27,15,12
"Taipalsaari","85",17,7,10
"Taipalsaari","86",29,10,19
"Taipalsaari","87",16,5,11
"Taipalsaari","88",13,6,7
"Taipalsaari","89",16,8,8
"Taipalsaari","90",8,3,5
"Taipalsaari","91",8,3,5
"Taipalsaari","92",6,2,4
"Taipalsaari","93",5,2,3
"Taipalsaari","94",5,1,4
"Taipalsaari","95",5,0,5
"Taipalsaari","96",0,0,0
"Taipalsaari","97",0,0,0
"Taipalsaari","98",0,0,0
"Taipalsaari","99",0,0,0
"Taipalsaari","100 -",0,0,0
"Taivalkoski","0",28,14,14
"Taivalkoski","1",27,14,13
"Taivalkoski","2",21,9,12
"Taivalkoski","3",34,22,12
"Taivalkoski","4",22,14,8
"Taivalkoski","5",38,19,19
"Taivalkoski","6",26,9,17
"Taivalkoski","7",42,27,15
"Taivalkoski","8",41,11,30
"Taivalkoski","9",32,12,20
"Taivalkoski","10",55,31,24
"Taivalkoski","11",58,31,27
"Taivalkoski","12",46,24,22
"Taivalkoski","13",46,25,21
"Taivalkoski","14",46,22,24
"Taivalkoski","15",49,26,23
"Taivalkoski","16",44,22,22
"Taivalkoski","17",46,24,22
"Taivalkoski","18",31,20,11
"Taivalkoski","19",33,19,14
"Taivalkoski","20",35,25,10
"Taivalkoski","21",15,9,6
"Taivalkoski","22",26,15,11
"Taivalkoski","23",25,18,7
"Taivalkoski","24",35,23,12
"Taivalkoski","25",19,11,8
"Taivalkoski","26",43,23,20
"Taivalkoski","27",30,16,14
"Taivalkoski","28",36,21,15
"Taivalkoski","29",35,18,17
"Taivalkoski","30",33,18,15
"Taivalkoski","31",41,23,18
"Taivalkoski","32",34,19,15
"Taivalkoski","33",23,17,6
"Taivalkoski","34",38,21,17
"Taivalkoski","35",46,26,20
"Taivalkoski","36",30,19,11
"Taivalkoski","37",29,20,9
"Taivalkoski","38",31,18,13
"Taivalkoski","39",23,17,6
"Taivalkoski","40",38,17,21
"Taivalkoski","41",28,13,15
"Taivalkoski","42",26,16,10
"Taivalkoski","43",28,16,12
"Taivalkoski","44",34,16,18
"Taivalkoski","45",35,17,18
"Taivalkoski","46",36,21,15
"Taivalkoski","47",30,18,12
"Taivalkoski","48",35,23,12
"Taivalkoski","49",38,20,18
"Taivalkoski","50",42,24,18
"Taivalkoski","51",44,23,21
"Taivalkoski","52",75,45,30
"Taivalkoski","53",65,30,35
"Taivalkoski","54",55,26,29
"Taivalkoski","55",61,39,22
"Taivalkoski","56",58,29,29
"Taivalkoski","57",56,32,24
"Taivalkoski","58",82,39,43
"Taivalkoski","59",68,34,34
"Taivalkoski","60",65,33,32
"Taivalkoski","61",77,34,43
"Taivalkoski","62",68,38,30
"Taivalkoski","63",85,44,41
"Taivalkoski","64",81,48,33
"Taivalkoski","65",86,53,33
"Taivalkoski","66",85,39,46
"Taivalkoski","67",65,35,30
"Taivalkoski","68",62,36,26
"Taivalkoski","69",71,35,36
"Taivalkoski","70",72,42,30
"Taivalkoski","71",72,38,34
"Taivalkoski","72",62,34,28
"Taivalkoski","73",68,32,36
"Taivalkoski","74",49,16,33
"Taivalkoski","75",38,19,19
"Taivalkoski","76",34,12,22
"Taivalkoski","77",47,22,25
"Taivalkoski","78",32,18,14
"Taivalkoski","79",57,28,29
"Taivalkoski","80",31,18,13
"Taivalkoski","81",44,20,24
"Taivalkoski","82",36,15,21
"Taivalkoski","83",40,23,17
"Taivalkoski","84",26,9,17
"Taivalkoski","85",23,11,12
"Taivalkoski","86",26,14,12
"Taivalkoski","87",21,9,12
"Taivalkoski","88",9,4,5
"Taivalkoski","89",13,8,5
"Taivalkoski","90",14,4,10
"Taivalkoski","91",12,2,10
"Taivalkoski","92",3,0,3
"Taivalkoski","93",3,2,1
"Taivalkoski","94",5,2,3
"Taivalkoski","95",7,3,4
"Taivalkoski","96",0,0,0
"Taivalkoski","97",1,0,1
"Taivalkoski","98",0,0,0
"Taivalkoski","99",0,0,0
"Taivalkoski","100 -",0,0,0
"Taivassalo","0",16,10,6
"Taivassalo","1",10,9,1
"Taivassalo","2",12,6,6
"Taivassalo","3",14,8,6
"Taivassalo","4",13,7,6
"Taivassalo","5",9,4,5
"Taivassalo","6",20,10,10
"Taivassalo","7",18,10,8
"Taivassalo","8",18,8,10
"Taivassalo","9",14,8,6
"Taivassalo","10",16,10,6
"Taivassalo","11",19,5,14
"Taivassalo","12",17,10,7
"Taivassalo","13",10,8,2
"Taivassalo","14",17,8,9
"Taivassalo","15",15,4,11
"Taivassalo","16",12,8,4
"Taivassalo","17",19,10,9
"Taivassalo","18",6,4,2
"Taivassalo","19",9,6,3
"Taivassalo","20",5,2,3
"Taivassalo","21",3,3,0
"Taivassalo","22",12,6,6
"Taivassalo","23",5,1,4
"Taivassalo","24",6,4,2
"Taivassalo","25",7,1,6
"Taivassalo","26",8,6,2
"Taivassalo","27",5,4,1
"Taivassalo","28",11,4,7
"Taivassalo","29",13,7,6
"Taivassalo","30",16,6,10
"Taivassalo","31",13,7,6
"Taivassalo","32",19,11,8
"Taivassalo","33",13,5,8
"Taivassalo","34",17,5,12
"Taivassalo","35",22,11,11
"Taivassalo","36",11,5,6
"Taivassalo","37",24,14,10
"Taivassalo","38",18,12,6
"Taivassalo","39",21,14,7
"Taivassalo","40",16,8,8
"Taivassalo","41",21,17,4
"Taivassalo","42",16,10,6
"Taivassalo","43",20,9,11
"Taivassalo","44",23,13,10
"Taivassalo","45",16,10,6
"Taivassalo","46",10,3,7
"Taivassalo","47",14,5,9
"Taivassalo","48",19,9,10
"Taivassalo","49",15,7,8
"Taivassalo","50",19,13,6
"Taivassalo","51",19,7,12
"Taivassalo","52",19,11,8
"Taivassalo","53",20,10,10
"Taivassalo","54",27,16,11
"Taivassalo","55",24,13,11
"Taivassalo","56",24,15,9
"Taivassalo","57",31,16,15
"Taivassalo","58",29,14,15
"Taivassalo","59",33,20,13
"Taivassalo","60",27,13,14
"Taivassalo","61",29,15,14
"Taivassalo","62",28,11,17
"Taivassalo","63",37,15,22
"Taivassalo","64",26,12,14
"Taivassalo","65",33,19,14
"Taivassalo","66",37,18,19
"Taivassalo","67",30,19,11
"Taivassalo","68",29,11,18
"Taivassalo","69",34,17,17
"Taivassalo","70",26,13,13
"Taivassalo","71",21,9,12
"Taivassalo","72",34,19,15
"Taivassalo","73",30,17,13
"Taivassalo","74",31,18,13
"Taivassalo","75",32,13,19
"Taivassalo","76",22,12,10
"Taivassalo","77",17,13,4
"Taivassalo","78",11,6,5
"Taivassalo","79",17,10,7
"Taivassalo","80",13,6,7
"Taivassalo","81",10,3,7
"Taivassalo","82",19,10,9
"Taivassalo","83",10,4,6
"Taivassalo","84",17,6,11
"Taivassalo","85",11,6,5
"Taivassalo","86",12,8,4
"Taivassalo","87",9,6,3
"Taivassalo","88",8,2,6
"Taivassalo","89",10,2,8
"Taivassalo","90",9,3,6
"Taivassalo","91",6,2,4
"Taivassalo","92",3,0,3
"Taivassalo","93",8,3,5
"Taivassalo","94",6,1,5
"Taivassalo","95",4,0,4
"Taivassalo","96",3,1,2
"Taivassalo","97",0,0,0
"Taivassalo","98",1,0,1
"Taivassalo","99",0,0,0
"Taivassalo","100 -",1,0,1
"Tammela","0",43,26,17
"Tammela","1",39,19,20
"Tammela","2",51,25,26
"Tammela","3",43,18,25
"Tammela","4",57,39,18
"Tammela","5",42,17,25
"Tammela","6",55,25,30
"Tammela","7",63,34,29
"Tammela","8",44,26,18
"Tammela","9",65,28,37
"Tammela","10",69,32,37
"Tammela","11",96,52,44
"Tammela","12",59,25,34
"Tammela","13",70,33,37
"Tammela","14",97,54,43
"Tammela","15",75,40,35
"Tammela","16",72,45,27
"Tammela","17",75,33,42
"Tammela","18",75,46,29
"Tammela","19",51,25,26
"Tammela","20",49,24,25
"Tammela","21",43,22,21
"Tammela","22",40,17,23
"Tammela","23",39,22,17
"Tammela","24",38,23,15
"Tammela","25",46,28,18
"Tammela","26",41,24,17
"Tammela","27",35,16,19
"Tammela","28",46,24,22
"Tammela","29",49,25,24
"Tammela","30",57,27,30
"Tammela","31",47,22,25
"Tammela","32",38,20,18
"Tammela","33",37,16,21
"Tammela","34",56,32,24
"Tammela","35",73,31,42
"Tammela","36",57,31,26
"Tammela","37",62,32,30
"Tammela","38",58,26,32
"Tammela","39",65,30,35
"Tammela","40",55,27,28
"Tammela","41",65,32,33
"Tammela","42",62,26,36
"Tammela","43",70,34,36
"Tammela","44",68,29,39
"Tammela","45",61,30,31
"Tammela","46",72,39,33
"Tammela","47",66,36,30
"Tammela","48",69,34,35
"Tammela","49",91,40,51
"Tammela","50",110,48,62
"Tammela","51",99,53,46
"Tammela","52",97,52,45
"Tammela","53",73,45,28
"Tammela","54",85,54,31
"Tammela","55",75,42,33
"Tammela","56",92,45,47
"Tammela","57",90,48,42
"Tammela","58",102,49,53
"Tammela","59",128,61,67
"Tammela","60",98,56,42
"Tammela","61",122,67,55
"Tammela","62",77,43,34
"Tammela","63",102,49,53
"Tammela","64",107,53,54
"Tammela","65",87,41,46
"Tammela","66",102,53,49
"Tammela","67",92,52,40
"Tammela","68",97,55,42
"Tammela","69",91,43,48
"Tammela","70",100,54,46
"Tammela","71",97,59,38
"Tammela","72",91,43,48
"Tammela","73",98,53,45
"Tammela","74",96,42,54
"Tammela","75",79,44,35
"Tammela","76",45,27,18
"Tammela","77",46,25,21
"Tammela","78",34,13,21
"Tammela","79",62,31,31
"Tammela","80",33,19,14
"Tammela","81",53,28,25
"Tammela","82",47,25,22
"Tammela","83",44,19,25
"Tammela","84",33,14,19
"Tammela","85",35,18,17
"Tammela","86",36,19,17
"Tammela","87",28,11,17
"Tammela","88",24,8,16
"Tammela","89",18,7,11
"Tammela","90",21,6,15
"Tammela","91",15,3,12
"Tammela","92",10,2,8
"Tammela","93",12,6,6
"Tammela","94",18,8,10
"Tammela","95",3,0,3
"Tammela","96",9,0,9
"Tammela","97",3,0,3
"Tammela","98",0,0,0
"Tammela","99",1,0,1
"Tammela","100 -",3,0,3
"Tampere","0",2097,1080,1017
"Tampere","1",1989,987,1002
"Tampere","2",2051,1059,992
"Tampere","3",2029,1014,1015
"Tampere","4",2123,1079,1044
"Tampere","5",2197,1144,1053
"Tampere","6",2177,1119,1058
"Tampere","7",2238,1159,1079
"Tampere","8",2366,1173,1193
"Tampere","9",2165,1134,1031
"Tampere","10",2220,1143,1077
"Tampere","11",2108,1076,1032
"Tampere","12",2167,1052,1115
"Tampere","13",2094,1051,1043
"Tampere","14",2060,1027,1033
"Tampere","15",1982,998,984
"Tampere","16",2079,1000,1079
"Tampere","17",2055,988,1067
"Tampere","18",2171,1003,1168
"Tampere","19",3091,1270,1821
"Tampere","20",4064,1790,2274
"Tampere","21",4583,2159,2424
"Tampere","22",4806,2364,2442
"Tampere","23",5039,2483,2556
"Tampere","24",4997,2535,2462
"Tampere","25",4988,2500,2488
"Tampere","26",4899,2510,2389
"Tampere","27",4886,2557,2329
"Tampere","28",4726,2514,2212
"Tampere","29",4559,2351,2208
"Tampere","30",4376,2273,2103
"Tampere","31",4301,2200,2101
"Tampere","32",4161,2154,2007
"Tampere","33",3822,2023,1799
"Tampere","34",3622,1863,1759
"Tampere","35",3719,1942,1777
"Tampere","36",3667,1955,1712
"Tampere","37",3661,1914,1747
"Tampere","38",3506,1858,1648
"Tampere","39",3237,1759,1478
"Tampere","40",3112,1607,1505
"Tampere","41",2975,1571,1404
"Tampere","42",2934,1500,1434
"Tampere","43",2799,1485,1314
"Tampere","44",2917,1544,1373
"Tampere","45",2656,1388,1268
"Tampere","46",2553,1315,1238
"Tampere","47",2236,1182,1054
"Tampere","48",2357,1200,1157
"Tampere","49",2382,1205,1177
"Tampere","50",2430,1202,1228
"Tampere","51",2419,1182,1237
"Tampere","52",2560,1273,1287
"Tampere","53",2687,1276,1411
"Tampere","54",2711,1316,1395
"Tampere","55",2637,1245,1392
"Tampere","56",2630,1287,1343
"Tampere","57",2678,1291,1387
"Tampere","58",2633,1259,1374
"Tampere","59",2642,1262,1380
"Tampere","60",2616,1294,1322
"Tampere","61",2588,1245,1343
"Tampere","62",2422,1133,1289
"Tampere","63",2548,1182,1366
"Tampere","64",2532,1222,1310
"Tampere","65",2485,1088,1397
"Tampere","66",2473,1056,1417
"Tampere","67",2435,1103,1332
"Tampere","68",2426,1035,1391
"Tampere","69",2528,1100,1428
"Tampere","70",2509,1121,1388
"Tampere","71",2543,1132,1411
"Tampere","72",2636,1183,1453
"Tampere","73",2673,1196,1477
"Tampere","74",2581,1121,1460
"Tampere","75",2240,962,1278
"Tampere","76",1795,744,1051
"Tampere","77",1606,675,931
"Tampere","78",1321,522,799
"Tampere","79",1808,746,1062
"Tampere","80",1327,517,810
"Tampere","81",1332,520,812
"Tampere","82",1283,477,806
"Tampere","83",1126,395,731
"Tampere","84",1034,373,661
"Tampere","85",923,334,589
"Tampere","86",894,268,626
"Tampere","87",734,245,489
"Tampere","88",654,190,464
"Tampere","89",609,185,424
"Tampere","90",548,156,392
"Tampere","91",434,110,324
"Tampere","92",362,95,267
"Tampere","93",291,67,224
"Tampere","94",215,40,175
"Tampere","95",155,31,124
"Tampere","96",106,28,78
"Tampere","97",73,13,60
"Tampere","98",44,6,38
"Tampere","99",35,6,29
"Tampere","100 -",39,8,31
"Tervo","0",13,6,7
"Tervo","1",5,2,3
"Tervo","2",8,5,3
"Tervo","3",7,3,4
"Tervo","4",10,6,4
"Tervo","5",14,7,7
"Tervo","6",6,2,4
"Tervo","7",8,3,5
"Tervo","8",17,12,5
"Tervo","9",14,6,8
"Tervo","10",8,2,6
"Tervo","11",5,4,1
"Tervo","12",8,5,3
"Tervo","13",5,2,3
"Tervo","14",11,6,5
"Tervo","15",10,4,6
"Tervo","16",7,2,5
"Tervo","17",13,8,5
"Tervo","18",9,7,2
"Tervo","19",18,10,8
"Tervo","20",6,2,4
"Tervo","21",6,4,2
"Tervo","22",7,3,4
"Tervo","23",7,5,2
"Tervo","24",4,2,2
"Tervo","25",11,4,7
"Tervo","26",7,4,3
"Tervo","27",6,4,2
"Tervo","28",11,6,5
"Tervo","29",9,3,6
"Tervo","30",6,4,2
"Tervo","31",10,6,4
"Tervo","32",13,8,5
"Tervo","33",14,6,8
"Tervo","34",10,4,6
"Tervo","35",16,7,9
"Tervo","36",14,10,4
"Tervo","37",11,7,4
"Tervo","38",16,6,10
"Tervo","39",16,5,11
"Tervo","40",14,8,6
"Tervo","41",13,8,5
"Tervo","42",11,8,3
"Tervo","43",10,6,4
"Tervo","44",9,4,5
"Tervo","45",20,11,9
"Tervo","46",12,6,6
"Tervo","47",13,10,3
"Tervo","48",15,8,7
"Tervo","49",11,4,7
"Tervo","50",12,5,7
"Tervo","51",17,7,10
"Tervo","52",17,7,10
"Tervo","53",18,9,9
"Tervo","54",20,10,10
"Tervo","55",14,9,5
"Tervo","56",31,14,17
"Tervo","57",12,7,5
"Tervo","58",38,21,17
"Tervo","59",30,13,17
"Tervo","60",32,18,14
"Tervo","61",38,21,17
"Tervo","62",37,19,18
"Tervo","63",33,18,15
"Tervo","64",41,18,23
"Tervo","65",23,8,15
"Tervo","66",38,21,17
"Tervo","67",42,26,16
"Tervo","68",40,29,11
"Tervo","69",41,26,15
"Tervo","70",38,25,13
"Tervo","71",25,9,16
"Tervo","72",35,19,16
"Tervo","73",25,15,10
"Tervo","74",31,16,15
"Tervo","75",19,8,11
"Tervo","76",11,3,8
"Tervo","77",18,11,7
"Tervo","78",13,0,13
"Tervo","79",19,6,13
"Tervo","80",15,9,6
"Tervo","81",13,8,5
"Tervo","82",10,4,6
"Tervo","83",17,10,7
"Tervo","84",14,6,8
"Tervo","85",21,6,15
"Tervo","86",10,2,8
"Tervo","87",15,6,9
"Tervo","88",8,3,5
"Tervo","89",14,7,7
"Tervo","90",13,7,6
"Tervo","91",1,1,0
"Tervo","92",5,0,5
"Tervo","93",5,3,2
"Tervo","94",3,1,2
"Tervo","95",3,1,2
"Tervo","96",2,0,2
"Tervo","97",1,0,1
"Tervo","98",1,0,1
"Tervo","99",0,0,0
"Tervo","100 -",0,0,0
"Tervola","0",22,10,12
"Tervola","1",18,10,8
"Tervola","2",36,23,13
"Tervola","3",24,9,15
"Tervola","4",26,13,13
"Tervola","5",39,18,21
"Tervola","6",32,22,10
"Tervola","7",37,10,27
"Tervola","8",25,18,7
"Tervola","9",31,14,17
"Tervola","10",31,20,11
"Tervola","11",37,19,18
"Tervola","12",32,19,13
"Tervola","13",33,17,16
"Tervola","14",28,17,11
"Tervola","15",33,14,19
"Tervola","16",28,16,12
"Tervola","17",42,28,14
"Tervola","18",31,19,12
"Tervola","19",23,16,7
"Tervola","20",18,9,9
"Tervola","21",25,14,11
"Tervola","22",19,14,5
"Tervola","23",19,9,10
"Tervola","24",20,14,6
"Tervola","25",18,13,5
"Tervola","26",24,11,13
"Tervola","27",29,15,14
"Tervola","28",25,12,13
"Tervola","29",32,20,12
"Tervola","30",25,16,9
"Tervola","31",25,13,12
"Tervola","32",30,16,14
"Tervola","33",19,9,10
"Tervola","34",18,9,9
"Tervola","35",26,13,13
"Tervola","36",31,22,9
"Tervola","37",39,23,16
"Tervola","38",21,8,13
"Tervola","39",31,15,16
"Tervola","40",19,10,9
"Tervola","41",25,13,12
"Tervola","42",22,14,8
"Tervola","43",26,14,12
"Tervola","44",24,11,13
"Tervola","45",23,14,9
"Tervola","46",21,12,9
"Tervola","47",24,16,8
"Tervola","48",20,10,10
"Tervola","49",37,18,19
"Tervola","50",35,16,19
"Tervola","51",42,16,26
"Tervola","52",34,16,18
"Tervola","53",44,26,18
"Tervola","54",30,17,13
"Tervola","55",53,31,22
"Tervola","56",47,26,21
"Tervola","57",50,22,28
"Tervola","58",59,29,30
"Tervola","59",53,24,29
"Tervola","60",45,19,26
"Tervola","61",57,36,21
"Tervola","62",54,35,19
"Tervola","63",50,28,22
"Tervola","64",62,35,27
"Tervola","65",46,27,19
"Tervola","66",49,35,14
"Tervola","67",42,22,20
"Tervola","68",45,20,25
"Tervola","69",40,20,20
"Tervola","70",42,29,13
"Tervola","71",39,18,21
"Tervola","72",41,28,13
"Tervola","73",50,24,26
"Tervola","74",35,18,17
"Tervola","75",40,18,22
"Tervola","76",34,16,18
"Tervola","77",27,11,16
"Tervola","78",28,16,12
"Tervola","79",45,19,26
"Tervola","80",21,5,16
"Tervola","81",37,15,22
"Tervola","82",31,11,20
"Tervola","83",27,9,18
"Tervola","84",13,9,4
"Tervola","85",20,8,12
"Tervola","86",21,12,9
"Tervola","87",18,6,12
"Tervola","88",15,6,9
"Tervola","89",18,10,8
"Tervola","90",11,3,8
"Tervola","91",11,3,8
"Tervola","92",7,4,3
"Tervola","93",5,1,4
"Tervola","94",3,2,1
"Tervola","95",4,0,4
"Tervola","96",0,0,0
"Tervola","97",0,0,0
"Tervola","98",0,0,0
"Tervola","99",2,0,2
"Tervola","100 -",0,0,0
"Teuva","0",28,12,16
"Teuva","1",31,15,16
"Teuva","2",39,24,15
"Teuva","3",32,18,14
"Teuva","4",50,20,30
"Teuva","5",38,23,15
"Teuva","6",56,29,27
"Teuva","7",49,25,24
"Teuva","8",53,26,27
"Teuva","9",58,31,27
"Teuva","10",51,28,23
"Teuva","11",58,26,32
"Teuva","12",60,31,29
"Teuva","13",51,31,20
"Teuva","14",52,28,24
"Teuva","15",47,34,13
"Teuva","16",59,37,22
"Teuva","17",51,24,27
"Teuva","18",59,35,24
"Teuva","19",52,35,17
"Teuva","20",39,23,16
"Teuva","21",35,21,14
"Teuva","22",30,18,12
"Teuva","23",29,15,14
"Teuva","24",36,24,12
"Teuva","25",31,14,17
"Teuva","26",21,12,9
"Teuva","27",29,18,11
"Teuva","28",29,18,11
"Teuva","29",32,19,13
"Teuva","30",55,31,24
"Teuva","31",38,22,16
"Teuva","32",36,17,19
"Teuva","33",45,22,23
"Teuva","34",39,26,13
"Teuva","35",47,22,25
"Teuva","36",40,17,23
"Teuva","37",50,27,23
"Teuva","38",35,20,15
"Teuva","39",49,30,19
"Teuva","40",45,25,20
"Teuva","41",56,27,29
"Teuva","42",37,20,17
"Teuva","43",40,21,19
"Teuva","44",50,27,23
"Teuva","45",36,20,16
"Teuva","46",55,26,29
"Teuva","47",51,32,19
"Teuva","48",32,10,22
"Teuva","49",65,31,34
"Teuva","50",47,25,22
"Teuva","51",73,34,39
"Teuva","52",53,28,25
"Teuva","53",74,38,36
"Teuva","54",57,27,30
"Teuva","55",79,39,40
"Teuva","56",76,44,32
"Teuva","57",82,43,39
"Teuva","58",91,42,49
"Teuva","59",72,40,32
"Teuva","60",81,45,36
"Teuva","61",75,42,33
"Teuva","62",71,31,40
"Teuva","63",72,40,32
"Teuva","64",93,45,48
"Teuva","65",103,54,49
"Teuva","66",86,52,34
"Teuva","67",88,43,45
"Teuva","68",84,41,43
"Teuva","69",82,40,42
"Teuva","70",100,49,51
"Teuva","71",88,43,45
"Teuva","72",96,54,42
"Teuva","73",75,38,37
"Teuva","74",95,55,40
"Teuva","75",86,41,45
"Teuva","76",50,27,23
"Teuva","77",51,18,33
"Teuva","78",50,20,30
"Teuva","79",69,27,42
"Teuva","80",43,19,24
"Teuva","81",57,22,35
"Teuva","82",41,20,21
"Teuva","83",49,22,27
"Teuva","84",38,22,16
"Teuva","85",45,19,26
"Teuva","86",42,19,23
"Teuva","87",32,14,18
"Teuva","88",36,17,19
"Teuva","89",22,8,14
"Teuva","90",27,11,16
"Teuva","91",17,4,13
"Teuva","92",16,5,11
"Teuva","93",10,4,6
"Teuva","94",10,3,7
"Teuva","95",7,1,6
"Teuva","96",3,0,3
"Teuva","97",2,1,1
"Teuva","98",2,0,2
"Teuva","99",3,0,3
"Teuva","100 -",7,1,6
"Tohmajärvi","0",26,10,16
"Tohmajärvi","1",29,13,16
"Tohmajärvi","2",26,10,16
"Tohmajärvi","3",26,15,11
"Tohmajärvi","4",40,20,20
"Tohmajärvi","5",37,25,12
"Tohmajärvi","6",42,28,14
"Tohmajärvi","7",42,19,23
"Tohmajärvi","8",40,26,14
"Tohmajärvi","9",37,21,16
"Tohmajärvi","10",46,25,21
"Tohmajärvi","11",42,27,15
"Tohmajärvi","12",45,24,21
"Tohmajärvi","13",30,12,18
"Tohmajärvi","14",45,20,25
"Tohmajärvi","15",44,20,24
"Tohmajärvi","16",34,21,13
"Tohmajärvi","17",30,14,16
"Tohmajärvi","18",43,23,20
"Tohmajärvi","19",30,21,9
"Tohmajärvi","20",22,16,6
"Tohmajärvi","21",27,17,10
"Tohmajärvi","22",23,11,12
"Tohmajärvi","23",21,11,10
"Tohmajärvi","24",17,10,7
"Tohmajärvi","25",21,11,10
"Tohmajärvi","26",31,25,6
"Tohmajärvi","27",24,12,12
"Tohmajärvi","28",25,15,10
"Tohmajärvi","29",21,8,13
"Tohmajärvi","30",30,12,18
"Tohmajärvi","31",21,9,12
"Tohmajärvi","32",31,18,13
"Tohmajärvi","33",39,21,18
"Tohmajärvi","34",36,20,16
"Tohmajärvi","35",37,24,13
"Tohmajärvi","36",30,18,12
"Tohmajärvi","37",69,41,28
"Tohmajärvi","38",29,14,15
"Tohmajärvi","39",43,21,22
"Tohmajärvi","40",33,18,15
"Tohmajärvi","41",44,19,25
"Tohmajärvi","42",47,20,27
"Tohmajärvi","43",39,20,19
"Tohmajärvi","44",47,27,20
"Tohmajärvi","45",50,20,30
"Tohmajärvi","46",58,31,27
"Tohmajärvi","47",50,26,24
"Tohmajärvi","48",43,23,20
"Tohmajärvi","49",53,34,19
"Tohmajärvi","50",45,24,21
"Tohmajärvi","51",58,30,28
"Tohmajärvi","52",56,34,22
"Tohmajärvi","53",63,26,37
"Tohmajärvi","54",63,31,32
"Tohmajärvi","55",53,29,24
"Tohmajärvi","56",72,36,36
"Tohmajärvi","57",79,38,41
"Tohmajärvi","58",87,50,37
"Tohmajärvi","59",82,36,46
"Tohmajärvi","60",75,43,32
"Tohmajärvi","61",83,50,33
"Tohmajärvi","62",72,37,35
"Tohmajärvi","63",101,53,48
"Tohmajärvi","64",85,39,46
"Tohmajärvi","65",89,49,40
"Tohmajärvi","66",92,45,47
"Tohmajärvi","67",86,48,38
"Tohmajärvi","68",88,49,39
"Tohmajärvi","69",84,43,41
"Tohmajärvi","70",77,44,33
"Tohmajärvi","71",92,52,40
"Tohmajärvi","72",69,33,36
"Tohmajärvi","73",77,45,32
"Tohmajärvi","74",75,47,28
"Tohmajärvi","75",63,37,26
"Tohmajärvi","76",45,28,17
"Tohmajärvi","77",54,21,33
"Tohmajärvi","78",39,21,18
"Tohmajärvi","79",59,24,35
"Tohmajärvi","80",39,13,26
"Tohmajärvi","81",32,16,16
"Tohmajärvi","82",42,16,26
"Tohmajärvi","83",46,21,25
"Tohmajärvi","84",24,15,9
"Tohmajärvi","85",26,12,14
"Tohmajärvi","86",19,11,8
"Tohmajärvi","87",25,14,11
"Tohmajärvi","88",10,6,4
"Tohmajärvi","89",19,5,14
"Tohmajärvi","90",15,4,11
"Tohmajärvi","91",15,6,9
"Tohmajärvi","92",12,5,7
"Tohmajärvi","93",4,1,3
"Tohmajärvi","94",12,5,7
"Tohmajärvi","95",1,0,1
"Tohmajärvi","96",4,0,4
"Tohmajärvi","97",0,0,0
"Tohmajärvi","98",2,1,1
"Tohmajärvi","99",1,0,1
"Tohmajärvi","100 -",1,0,1
"Toholampi","0",26,13,13
"Toholampi","1",20,11,9
"Toholampi","2",28,15,13
"Toholampi","3",30,18,12
"Toholampi","4",32,16,16
"Toholampi","5",30,18,12
"Toholampi","6",37,17,20
"Toholampi","7",48,19,29
"Toholampi","8",31,14,17
"Toholampi","9",44,20,24
"Toholampi","10",48,27,21
"Toholampi","11",40,22,18
"Toholampi","12",43,23,20
"Toholampi","13",53,22,31
"Toholampi","14",32,16,16
"Toholampi","15",52,22,30
"Toholampi","16",42,18,24
"Toholampi","17",42,23,19
"Toholampi","18",43,18,25
"Toholampi","19",29,19,10
"Toholampi","20",16,14,2
"Toholampi","21",16,8,8
"Toholampi","22",10,6,4
"Toholampi","23",17,9,8
"Toholampi","24",24,11,13
"Toholampi","25",22,13,9
"Toholampi","26",20,11,9
"Toholampi","27",26,18,8
"Toholampi","28",20,7,13
"Toholampi","29",17,5,12
"Toholampi","30",40,23,17
"Toholampi","31",25,15,10
"Toholampi","32",22,12,10
"Toholampi","33",21,12,9
"Toholampi","34",29,13,16
"Toholampi","35",21,10,11
"Toholampi","36",25,13,12
"Toholampi","37",24,12,12
"Toholampi","38",27,13,14
"Toholampi","39",22,13,9
"Toholampi","40",34,21,13
"Toholampi","41",29,12,17
"Toholampi","42",29,17,12
"Toholampi","43",32,21,11
"Toholampi","44",35,19,16
"Toholampi","45",34,11,23
"Toholampi","46",32,19,13
"Toholampi","47",20,13,7
"Toholampi","48",25,12,13
"Toholampi","49",21,12,9
"Toholampi","50",40,20,20
"Toholampi","51",33,17,16
"Toholampi","52",40,25,15
"Toholampi","53",42,20,22
"Toholampi","54",45,23,22
"Toholampi","55",44,16,28
"Toholampi","56",38,16,22
"Toholampi","57",43,23,20
"Toholampi","58",43,24,19
"Toholampi","59",42,22,20
"Toholampi","60",47,19,28
"Toholampi","61",53,27,26
"Toholampi","62",39,24,15
"Toholampi","63",51,21,30
"Toholampi","64",49,25,24
"Toholampi","65",46,32,14
"Toholampi","66",43,28,15
"Toholampi","67",44,24,20
"Toholampi","68",45,25,20
"Toholampi","69",32,16,16
"Toholampi","70",36,14,22
"Toholampi","71",52,32,20
"Toholampi","72",42,22,20
"Toholampi","73",57,35,22
"Toholampi","74",49,22,27
"Toholampi","75",37,19,18
"Toholampi","76",36,18,18
"Toholampi","77",37,16,21
"Toholampi","78",27,9,18
"Toholampi","79",27,12,15
"Toholampi","80",19,11,8
"Toholampi","81",27,15,12
"Toholampi","82",28,16,12
"Toholampi","83",23,14,9
"Toholampi","84",17,7,10
"Toholampi","85",20,10,10
"Toholampi","86",12,2,10
"Toholampi","87",16,5,11
"Toholampi","88",10,5,5
"Toholampi","89",11,5,6
"Toholampi","90",12,2,10
"Toholampi","91",7,4,3
"Toholampi","92",5,1,4
"Toholampi","93",5,1,4
"Toholampi","94",3,2,1
"Toholampi","95",4,2,2
"Toholampi","96",1,0,1
"Toholampi","97",0,0,0
"Toholampi","98",1,0,1
"Toholampi","99",1,0,1
"Toholampi","100 -",0,0,0
"Toivakka","0",22,12,10
"Toivakka","1",18,7,11
"Toivakka","2",26,16,10
"Toivakka","3",17,9,8
"Toivakka","4",22,11,11
"Toivakka","5",27,18,9
"Toivakka","6",27,13,14
"Toivakka","7",34,21,13
"Toivakka","8",34,21,13
"Toivakka","9",44,18,26
"Toivakka","10",44,21,23
"Toivakka","11",43,22,21
"Toivakka","12",29,15,14
"Toivakka","13",26,16,10
"Toivakka","14",36,22,14
"Toivakka","15",30,16,14
"Toivakka","16",30,11,19
"Toivakka","17",21,14,7
"Toivakka","18",20,13,7
"Toivakka","19",14,10,4
"Toivakka","20",10,8,2
"Toivakka","21",13,7,6
"Toivakka","22",3,2,1
"Toivakka","23",14,7,7
"Toivakka","24",4,3,1
"Toivakka","25",10,7,3
"Toivakka","26",9,2,7
"Toivakka","27",11,5,6
"Toivakka","28",18,7,11
"Toivakka","29",19,9,10
"Toivakka","30",24,17,7
"Toivakka","31",25,15,10
"Toivakka","32",16,11,5
"Toivakka","33",19,7,12
"Toivakka","34",24,9,15
"Toivakka","35",29,17,12
"Toivakka","36",34,17,17
"Toivakka","37",29,16,13
"Toivakka","38",24,12,12
"Toivakka","39",25,11,14
"Toivakka","40",26,14,12
"Toivakka","41",35,22,13
"Toivakka","42",21,11,10
"Toivakka","43",24,8,16
"Toivakka","44",32,17,15
"Toivakka","45",40,18,22
"Toivakka","46",35,18,17
"Toivakka","47",16,10,6
"Toivakka","48",32,17,15
"Toivakka","49",33,22,11
"Toivakka","50",28,15,13
"Toivakka","51",27,15,12
"Toivakka","52",34,17,17
"Toivakka","53",30,19,11
"Toivakka","54",35,18,17
"Toivakka","55",21,13,8
"Toivakka","56",36,19,17
"Toivakka","57",35,17,18
"Toivakka","58",37,20,17
"Toivakka","59",35,17,18
"Toivakka","60",25,9,16
"Toivakka","61",38,17,21
"Toivakka","62",43,26,17
"Toivakka","63",43,26,17
"Toivakka","64",38,28,10
"Toivakka","65",43,19,24
"Toivakka","66",37,17,20
"Toivakka","67",28,16,12
"Toivakka","68",42,21,21
"Toivakka","69",35,15,20
"Toivakka","70",33,16,17
"Toivakka","71",35,19,16
"Toivakka","72",64,38,26
"Toivakka","73",40,22,18
"Toivakka","74",32,16,16
"Toivakka","75",36,18,18
"Toivakka","76",26,12,14
"Toivakka","77",24,12,12
"Toivakka","78",21,6,15
"Toivakka","79",19,8,11
"Toivakka","80",14,4,10
"Toivakka","81",28,15,13
"Toivakka","82",16,5,11
"Toivakka","83",15,8,7
"Toivakka","84",10,3,7
"Toivakka","85",19,11,8
"Toivakka","86",10,2,8
"Toivakka","87",6,1,5
"Toivakka","88",11,4,7
"Toivakka","89",5,1,4
"Toivakka","90",3,1,2
"Toivakka","91",14,3,11
"Toivakka","92",5,1,4
"Toivakka","93",2,1,1
"Toivakka","94",1,1,0
"Toivakka","95",1,0,1
"Toivakka","96",1,0,1
"Toivakka","97",0,0,0
"Toivakka","98",0,0,0
"Toivakka","99",1,0,1
"Toivakka","100 -",1,1,0
"Tornio","0",186,99,87
"Tornio","1",197,106,91
"Tornio","2",201,92,109
"Tornio","3",206,106,100
"Tornio","4",220,111,109
"Tornio","5",234,120,114
"Tornio","6",213,117,96
"Tornio","7",255,121,134
"Tornio","8",254,126,128
"Tornio","9",292,148,144
"Tornio","10",288,157,131
"Tornio","11",282,127,155
"Tornio","12",266,127,139
"Tornio","13",264,139,125
"Tornio","14",261,129,132
"Tornio","15",275,146,129
"Tornio","16",259,129,130
"Tornio","17",284,151,133
"Tornio","18",254,136,118
"Tornio","19",240,132,108
"Tornio","20",219,117,102
"Tornio","21",208,110,98
"Tornio","22",215,124,91
"Tornio","23",197,114,83
"Tornio","24",214,130,84
"Tornio","25",235,124,111
"Tornio","26",221,121,100
"Tornio","27",246,121,125
"Tornio","28",242,126,116
"Tornio","29",274,161,113
"Tornio","30",250,140,110
"Tornio","31",233,118,115
"Tornio","32",200,107,93
"Tornio","33",210,108,102
"Tornio","34",235,126,109
"Tornio","35",232,112,120
"Tornio","36",252,135,117
"Tornio","37",252,131,121
"Tornio","38",244,130,114
"Tornio","39",242,124,118
"Tornio","40",237,121,116
"Tornio","41",258,138,120
"Tornio","42",262,140,122
"Tornio","43",263,137,126
"Tornio","44",266,135,131
"Tornio","45",285,149,136
"Tornio","46",237,128,109
"Tornio","47",230,122,108
"Tornio","48",212,115,97
"Tornio","49",270,131,139
"Tornio","50",255,141,114
"Tornio","51",243,139,104
"Tornio","52",241,111,130
"Tornio","53",254,146,108
"Tornio","54",258,137,121
"Tornio","55",247,130,117
"Tornio","56",246,130,116
"Tornio","57",307,151,156
"Tornio","58",323,163,160
"Tornio","59",307,165,142
"Tornio","60",296,145,151
"Tornio","61",274,141,133
"Tornio","62",276,131,145
"Tornio","63",324,156,168
"Tornio","64",339,157,182
"Tornio","65",315,145,170
"Tornio","66",319,166,153
"Tornio","67",348,178,170
"Tornio","68",341,174,167
"Tornio","69",322,165,157
"Tornio","70",314,152,162
"Tornio","71",292,146,146
"Tornio","72",316,143,173
"Tornio","73",349,179,170
"Tornio","74",286,134,152
"Tornio","75",215,106,109
"Tornio","76",136,59,77
"Tornio","77",157,81,76
"Tornio","78",136,56,80
"Tornio","79",190,81,109
"Tornio","80",122,55,67
"Tornio","81",122,50,72
"Tornio","82",113,43,70
"Tornio","83",113,44,69
"Tornio","84",113,43,70
"Tornio","85",91,29,62
"Tornio","86",83,34,49
"Tornio","87",69,23,46
"Tornio","88",64,23,41
"Tornio","89",52,20,32
"Tornio","90",60,19,41
"Tornio","91",41,10,31
"Tornio","92",32,11,21
"Tornio","93",25,9,16
"Tornio","94",13,1,12
"Tornio","95",14,2,12
"Tornio","96",7,2,5
"Tornio","97",11,1,10
"Tornio","98",4,1,3
"Tornio","99",8,1,7
"Tornio","100 -",12,5,7
"Turku","0",1676,873,803
"Turku","1",1504,774,730
"Turku","2",1592,827,765
"Turku","3",1601,788,813
"Turku","4",1641,842,799
"Turku","5",1744,932,812
"Turku","6",1706,873,833
"Turku","7",1641,823,818
"Turku","8",1660,841,819
"Turku","9",1621,838,783
"Turku","10",1696,869,827
"Turku","11",1627,815,812
"Turku","12",1626,847,779
"Turku","13",1562,769,793
"Turku","14",1541,782,759
"Turku","15",1464,765,699
"Turku","16",1620,880,740
"Turku","17",1585,785,800
"Turku","18",1702,808,894
"Turku","19",2404,1011,1393
"Turku","20",3502,1473,2029
"Turku","21",3934,1734,2200
"Turku","22",4008,1811,2197
"Turku","23",4328,2011,2317
"Turku","24",4223,2065,2158
"Turku","25",4057,2053,2004
"Turku","26",3973,1986,1987
"Turku","27",3742,1900,1842
"Turku","28",3742,1915,1827
"Turku","29",3555,1867,1688
"Turku","30",3438,1815,1623
"Turku","31",3155,1627,1528
"Turku","32",3160,1697,1463
"Turku","33",2710,1462,1248
"Turku","34",2718,1413,1305
"Turku","35",2744,1429,1315
"Turku","36",2749,1438,1311
"Turku","37",2673,1385,1288
"Turku","38",2609,1382,1227
"Turku","39",2491,1274,1217
"Turku","40",2317,1153,1164
"Turku","41",2277,1175,1102
"Turku","42",2305,1185,1120
"Turku","43",2301,1136,1165
"Turku","44",2219,1175,1044
"Turku","45",2187,1126,1061
"Turku","46",2051,1051,1000
"Turku","47",1809,939,870
"Turku","48",1868,984,884
"Turku","49",1866,959,907
"Turku","50",1997,976,1021
"Turku","51",2061,1022,1039
"Turku","52",2122,1071,1051
"Turku","53",2200,1062,1138
"Turku","54",2198,1049,1149
"Turku","55",2279,1125,1154
"Turku","56",2166,1023,1143
"Turku","57",2196,1065,1131
"Turku","58",2093,984,1109
"Turku","59",2075,1007,1068
"Turku","60",2154,988,1166
"Turku","61",2062,1000,1062
"Turku","62",1983,921,1062
"Turku","63",2042,932,1110
"Turku","64",2194,1020,1174
"Turku","65",2046,939,1107
"Turku","66",2118,936,1182
"Turku","67",2115,932,1183
"Turku","68",2215,973,1242
"Turku","69",2066,886,1180
"Turku","70",2143,905,1238
"Turku","71",2194,922,1272
"Turku","72",2337,1039,1298
"Turku","73",2394,1053,1341
"Turku","74",2249,986,1263
"Turku","75",2077,888,1189
"Turku","76",1647,693,954
"Turku","77",1390,573,817
"Turku","78",1175,526,649
"Turku","79",1596,634,962
"Turku","80",1085,411,674
"Turku","81",1163,464,699
"Turku","82",1117,413,704
"Turku","83",978,357,621
"Turku","84",896,328,568
"Turku","85",827,290,537
"Turku","86",719,257,462
"Turku","87",648,222,426
"Turku","88",604,186,418
"Turku","89",588,170,418
"Turku","90",476,122,354
"Turku","91",460,124,336
"Turku","92",340,86,254
"Turku","93",289,65,224
"Turku","94",181,34,147
"Turku","95",167,28,139
"Turku","96",122,29,93
"Turku","97",92,17,75
"Turku","98",53,6,47
"Turku","99",23,3,20
"Turku","100 -",55,7,48
"Tuusniemi","0",15,7,8
"Tuusniemi","1",12,7,5
"Tuusniemi","2",6,3,3
"Tuusniemi","3",13,7,6
"Tuusniemi","4",11,7,4
"Tuusniemi","5",11,5,6
"Tuusniemi","6",21,10,11
"Tuusniemi","7",11,5,6
"Tuusniemi","8",24,13,11
"Tuusniemi","9",19,9,10
"Tuusniemi","10",21,8,13
"Tuusniemi","11",21,9,12
"Tuusniemi","12",19,13,6
"Tuusniemi","13",22,12,10
"Tuusniemi","14",18,9,9
"Tuusniemi","15",29,12,17
"Tuusniemi","16",25,11,14
"Tuusniemi","17",11,7,4
"Tuusniemi","18",14,8,6
"Tuusniemi","19",19,10,9
"Tuusniemi","20",10,8,2
"Tuusniemi","21",9,5,4
"Tuusniemi","22",10,7,3
"Tuusniemi","23",10,5,5
"Tuusniemi","24",7,6,1
"Tuusniemi","25",10,6,4
"Tuusniemi","26",13,7,6
"Tuusniemi","27",10,7,3
"Tuusniemi","28",9,5,4
"Tuusniemi","29",9,5,4
"Tuusniemi","30",15,9,6
"Tuusniemi","31",17,8,9
"Tuusniemi","32",15,8,7
"Tuusniemi","33",18,7,11
"Tuusniemi","34",18,9,9
"Tuusniemi","35",25,13,12
"Tuusniemi","36",20,8,12
"Tuusniemi","37",29,17,12
"Tuusniemi","38",30,18,12
"Tuusniemi","39",25,13,12
"Tuusniemi","40",12,6,6
"Tuusniemi","41",26,13,13
"Tuusniemi","42",16,9,7
"Tuusniemi","43",16,9,7
"Tuusniemi","44",23,12,11
"Tuusniemi","45",21,8,13
"Tuusniemi","46",9,6,3
"Tuusniemi","47",20,8,12
"Tuusniemi","48",17,10,7
"Tuusniemi","49",32,16,16
"Tuusniemi","50",33,17,16
"Tuusniemi","51",30,15,15
"Tuusniemi","52",35,20,15
"Tuusniemi","53",39,17,22
"Tuusniemi","54",36,18,18
"Tuusniemi","55",34,16,18
"Tuusniemi","56",48,28,20
"Tuusniemi","57",48,28,20
"Tuusniemi","58",59,27,32
"Tuusniemi","59",36,23,13
"Tuusniemi","60",55,26,29
"Tuusniemi","61",62,32,30
"Tuusniemi","62",63,35,28
"Tuusniemi","63",64,43,21
"Tuusniemi","64",58,29,29
"Tuusniemi","65",59,27,32
"Tuusniemi","66",51,28,23
"Tuusniemi","67",52,27,25
"Tuusniemi","68",59,36,23
"Tuusniemi","69",52,31,21
"Tuusniemi","70",60,31,29
"Tuusniemi","71",51,27,24
"Tuusniemi","72",44,24,20
"Tuusniemi","73",49,23,26
"Tuusniemi","74",42,18,24
"Tuusniemi","75",31,14,17
"Tuusniemi","76",28,11,17
"Tuusniemi","77",35,15,20
"Tuusniemi","78",21,10,11
"Tuusniemi","79",35,15,20
"Tuusniemi","80",25,10,15
"Tuusniemi","81",26,13,13
"Tuusniemi","82",26,13,13
"Tuusniemi","83",25,9,16
"Tuusniemi","84",18,8,10
"Tuusniemi","85",16,4,12
"Tuusniemi","86",15,6,9
"Tuusniemi","87",12,4,8
"Tuusniemi","88",12,2,10
"Tuusniemi","89",10,4,6
"Tuusniemi","90",10,3,7
"Tuusniemi","91",3,1,2
"Tuusniemi","92",6,0,6
"Tuusniemi","93",4,0,4
"Tuusniemi","94",6,1,5
"Tuusniemi","95",3,3,0
"Tuusniemi","96",0,0,0
"Tuusniemi","97",2,1,1
"Tuusniemi","98",0,0,0
"Tuusniemi","99",0,0,0
"Tuusniemi","100 -",2,1,1
"Tuusula","0",291,155,136
"Tuusula","1",314,170,144
"Tuusula","2",333,177,156
"Tuusula","3",380,200,180
"Tuusula","4",413,220,193
"Tuusula","5",444,216,228
"Tuusula","6",476,224,252
"Tuusula","7",475,250,225
"Tuusula","8",527,272,255
"Tuusula","9",507,248,259
"Tuusula","10",587,294,293
"Tuusula","11",591,290,301
"Tuusula","12",583,303,280
"Tuusula","13",535,265,270
"Tuusula","14",564,293,271
"Tuusula","15",550,284,266
"Tuusula","16",607,314,293
"Tuusula","17",556,301,255
"Tuusula","18",548,267,281
"Tuusula","19",434,233,201
"Tuusula","20",321,204,117
"Tuusula","21",256,147,109
"Tuusula","22",247,156,91
"Tuusula","23",247,135,112
"Tuusula","24",274,147,127
"Tuusula","25",307,154,153
"Tuusula","26",291,145,146
"Tuusula","27",302,168,134
"Tuusula","28",331,164,167
"Tuusula","29",351,183,168
"Tuusula","30",391,205,186
"Tuusula","31",427,211,216
"Tuusula","32",411,209,202
"Tuusula","33",388,194,194
"Tuusula","34",438,238,200
"Tuusula","35",455,204,251
"Tuusula","36",497,251,246
"Tuusula","37",522,270,252
"Tuusula","38",534,248,286
"Tuusula","39",558,288,270
"Tuusula","40",527,257,270
"Tuusula","41",594,315,279
"Tuusula","42",580,296,284
"Tuusula","43",649,329,320
"Tuusula","44",612,306,306
"Tuusula","45",652,325,327
"Tuusula","46",642,314,328
"Tuusula","47",594,312,282
"Tuusula","48",573,308,265
"Tuusula","49",548,266,282
"Tuusula","50",594,295,299
"Tuusula","51",600,322,278
"Tuusula","52",669,347,322
"Tuusula","53",641,328,313
"Tuusula","54",635,322,313
"Tuusula","55",600,284,316
"Tuusula","56",580,313,267
"Tuusula","57",585,293,292
"Tuusula","58",554,294,260
"Tuusula","59",527,278,249
"Tuusula","60",506,270,236
"Tuusula","61",489,235,254
"Tuusula","62",479,218,261
"Tuusula","63",457,226,231
"Tuusula","64",432,220,212
"Tuusula","65",437,210,227
"Tuusula","66",447,201,246
"Tuusula","67",415,189,226
"Tuusula","68",411,201,210
"Tuusula","69",430,205,225
"Tuusula","70",452,212,240
"Tuusula","71",440,217,223
"Tuusula","72",455,218,237
"Tuusula","73",416,211,205
"Tuusula","74",435,194,241
"Tuusula","75",399,191,208
"Tuusula","76",289,144,145
"Tuusula","77",249,124,125
"Tuusula","78",183,92,91
"Tuusula","79",261,117,144
"Tuusula","80",201,90,111
"Tuusula","81",203,94,109
"Tuusula","82",161,63,98
"Tuusula","83",134,60,74
"Tuusula","84",132,51,81
"Tuusula","85",108,43,65
"Tuusula","86",113,41,72
"Tuusula","87",85,26,59
"Tuusula","88",79,33,46
"Tuusula","89",72,22,50
"Tuusula","90",43,13,30
"Tuusula","91",36,10,26
"Tuusula","92",33,10,23
"Tuusula","93",27,7,20
"Tuusula","94",17,5,12
"Tuusula","95",11,0,11
"Tuusula","96",13,2,11
"Tuusula","97",5,0,5
"Tuusula","98",3,1,2
"Tuusula","99",3,0,3
"Tuusula","100 -",3,0,3
"Tyrnävä","0",63,27,36
"Tyrnävä","1",103,50,53
"Tyrnävä","2",114,55,59
"Tyrnävä","3",107,56,51
"Tyrnävä","4",120,64,56
"Tyrnävä","5",125,65,60
"Tyrnävä","6",146,78,68
"Tyrnävä","7",152,76,76
"Tyrnävä","8",168,86,82
"Tyrnävä","9",142,72,70
"Tyrnävä","10",172,87,85
"Tyrnävä","11",156,74,82
"Tyrnävä","12",173,94,79
"Tyrnävä","13",147,75,72
"Tyrnävä","14",147,65,82
"Tyrnävä","15",125,64,61
"Tyrnävä","16",127,67,60
"Tyrnävä","17",88,49,39
"Tyrnävä","18",92,41,51
"Tyrnävä","19",62,38,24
"Tyrnävä","20",47,34,13
"Tyrnävä","21",40,24,16
"Tyrnävä","22",38,18,20
"Tyrnävä","23",46,31,15
"Tyrnävä","24",30,17,13
"Tyrnävä","25",49,25,24
"Tyrnävä","26",70,37,33
"Tyrnävä","27",43,24,19
"Tyrnävä","28",48,30,18
"Tyrnävä","29",73,27,46
"Tyrnävä","30",58,32,26
"Tyrnävä","31",74,28,46
"Tyrnävä","32",81,44,37
"Tyrnävä","33",86,40,46
"Tyrnävä","34",85,46,39
"Tyrnävä","35",102,50,52
"Tyrnävä","36",88,42,46
"Tyrnävä","37",83,40,43
"Tyrnävä","38",97,48,49
"Tyrnävä","39",79,39,40
"Tyrnävä","40",90,45,45
"Tyrnävä","41",80,44,36
"Tyrnävä","42",95,50,45
"Tyrnävä","43",84,37,47
"Tyrnävä","44",78,39,39
"Tyrnävä","45",81,49,32
"Tyrnävä","46",68,41,27
"Tyrnävä","47",64,37,27
"Tyrnävä","48",65,27,38
"Tyrnävä","49",80,42,38
"Tyrnävä","50",71,37,34
"Tyrnävä","51",74,49,25
"Tyrnävä","52",63,32,31
"Tyrnävä","53",86,42,44
"Tyrnävä","54",60,34,26
"Tyrnävä","55",82,46,36
"Tyrnävä","56",80,45,35
"Tyrnävä","57",64,35,29
"Tyrnävä","58",73,35,38
"Tyrnävä","59",62,28,34
"Tyrnävä","60",63,34,29
"Tyrnävä","61",70,40,30
"Tyrnävä","62",77,36,41
"Tyrnävä","63",64,35,29
"Tyrnävä","64",74,34,40
"Tyrnävä","65",64,33,31
"Tyrnävä","66",66,31,35
"Tyrnävä","67",60,32,28
"Tyrnävä","68",43,25,18
"Tyrnävä","69",51,31,20
"Tyrnävä","70",62,38,24
"Tyrnävä","71",47,22,25
"Tyrnävä","72",58,35,23
"Tyrnävä","73",38,22,16
"Tyrnävä","74",41,14,27
"Tyrnävä","75",33,13,20
"Tyrnävä","76",30,16,14
"Tyrnävä","77",30,12,18
"Tyrnävä","78",18,6,12
"Tyrnävä","79",38,20,18
"Tyrnävä","80",29,14,15
"Tyrnävä","81",23,12,11
"Tyrnävä","82",23,11,12
"Tyrnävä","83",19,5,14
"Tyrnävä","84",24,17,7
"Tyrnävä","85",17,7,10
"Tyrnävä","86",19,5,14
"Tyrnävä","87",14,3,11
"Tyrnävä","88",8,5,3
"Tyrnävä","89",13,4,9
"Tyrnävä","90",4,2,2
"Tyrnävä","91",8,4,4
"Tyrnävä","92",11,3,8
"Tyrnävä","93",6,0,6
"Tyrnävä","94",5,0,5
"Tyrnävä","95",1,0,1
"Tyrnävä","96",4,0,4
"Tyrnävä","97",1,0,1
"Tyrnävä","98",0,0,0
"Tyrnävä","99",0,0,0
"Tyrnävä","100 -",1,1,0
"Ulvila","0",81,34,47
"Ulvila","1",88,42,46
"Ulvila","2",94,50,44
"Ulvila","3",124,52,72
"Ulvila","4",130,56,74
"Ulvila","5",134,65,69
"Ulvila","6",153,81,72
"Ulvila","7",159,76,83
"Ulvila","8",163,81,82
"Ulvila","9",159,89,70
"Ulvila","10",171,88,83
"Ulvila","11",172,80,92
"Ulvila","12",167,92,75
"Ulvila","13",152,83,69
"Ulvila","14",151,87,64
"Ulvila","15",148,79,69
"Ulvila","16",156,76,80
"Ulvila","17",140,66,74
"Ulvila","18",156,88,68
"Ulvila","19",110,67,43
"Ulvila","20",72,46,26
"Ulvila","21",69,44,25
"Ulvila","22",77,44,33
"Ulvila","23",80,45,35
"Ulvila","24",81,47,34
"Ulvila","25",104,56,48
"Ulvila","26",124,50,74
"Ulvila","27",111,60,51
"Ulvila","28",118,54,64
"Ulvila","29",127,74,53
"Ulvila","30",115,54,61
"Ulvila","31",128,54,74
"Ulvila","32",126,73,53
"Ulvila","33",117,62,55
"Ulvila","34",142,70,72
"Ulvila","35",143,77,66
"Ulvila","36",146,73,73
"Ulvila","37",152,70,82
"Ulvila","38",166,72,94
"Ulvila","39",180,84,96
"Ulvila","40",148,76,72
"Ulvila","41",183,102,81
"Ulvila","42",156,84,72
"Ulvila","43",170,88,82
"Ulvila","44",161,75,86
"Ulvila","45",151,77,74
"Ulvila","46",159,71,88
"Ulvila","47",139,68,71
"Ulvila","48",136,79,57
"Ulvila","49",147,75,72
"Ulvila","50",158,84,74
"Ulvila","51",164,82,82
"Ulvila","52",177,85,92
"Ulvila","53",168,84,84
"Ulvila","54",169,93,76
"Ulvila","55",168,86,82
"Ulvila","56",174,88,86
"Ulvila","57",169,78,91
"Ulvila","58",174,87,87
"Ulvila","59",166,93,73
"Ulvila","60",182,87,95
"Ulvila","61",170,81,89
"Ulvila","62",186,90,96
"Ulvila","63",187,89,98
"Ulvila","64",176,78,98
"Ulvila","65",179,81,98
"Ulvila","66",161,104,57
"Ulvila","67",183,100,83
"Ulvila","68",188,99,89
"Ulvila","69",178,79,99
"Ulvila","70",195,84,111
"Ulvila","71",233,109,124
"Ulvila","72",202,97,105
"Ulvila","73",188,89,99
"Ulvila","74",201,98,103
"Ulvila","75",167,77,90
"Ulvila","76",135,59,76
"Ulvila","77",113,50,63
"Ulvila","78",92,43,49
"Ulvila","79",142,63,79
"Ulvila","80",99,43,56
"Ulvila","81",108,47,61
"Ulvila","82",107,46,61
"Ulvila","83",95,35,60
"Ulvila","84",90,48,42
"Ulvila","85",65,29,36
"Ulvila","86",65,27,38
"Ulvila","87",41,19,22
"Ulvila","88",35,12,23
"Ulvila","89",25,8,17
"Ulvila","90",35,9,26
"Ulvila","91",27,8,19
"Ulvila","92",20,6,14
"Ulvila","93",18,2,16
"Ulvila","94",7,4,3
"Ulvila","95",5,3,2
"Ulvila","96",7,1,6
"Ulvila","97",1,0,1
"Ulvila","98",2,0,2
"Ulvila","99",2,0,2
"Ulvila","100 -",0,0,0
"Urjala","0",27,11,16
"Urjala","1",21,7,14
"Urjala","2",34,21,13
"Urjala","3",37,17,20
"Urjala","4",34,15,19
"Urjala","5",44,20,24
"Urjala","6",44,23,21
"Urjala","7",45,17,28
"Urjala","8",41,20,21
"Urjala","9",35,16,19
"Urjala","10",54,29,25
"Urjala","11",41,22,19
"Urjala","12",39,19,20
"Urjala","13",55,29,26
"Urjala","14",49,30,19
"Urjala","15",53,25,28
"Urjala","16",47,27,20
"Urjala","17",35,16,19
"Urjala","18",36,18,18
"Urjala","19",36,25,11
"Urjala","20",31,19,12
"Urjala","21",28,19,9
"Urjala","22",24,12,12
"Urjala","23",19,6,13
"Urjala","24",27,21,6
"Urjala","25",30,14,16
"Urjala","26",28,12,16
"Urjala","27",30,15,15
"Urjala","28",32,17,15
"Urjala","29",29,16,13
"Urjala","30",43,25,18
"Urjala","31",28,17,11
"Urjala","32",37,22,15
"Urjala","33",41,25,16
"Urjala","34",49,24,25
"Urjala","35",53,31,22
"Urjala","36",51,28,23
"Urjala","37",53,22,31
"Urjala","38",51,26,25
"Urjala","39",33,13,20
"Urjala","40",42,20,22
"Urjala","41",47,24,23
"Urjala","42",56,32,24
"Urjala","43",56,30,26
"Urjala","44",66,34,32
"Urjala","45",54,28,26
"Urjala","46",69,34,35
"Urjala","47",57,27,30
"Urjala","48",50,31,19
"Urjala","49",57,27,30
"Urjala","50",55,28,27
"Urjala","51",63,36,27
"Urjala","52",62,38,24
"Urjala","53",61,39,22
"Urjala","54",54,29,25
"Urjala","55",59,24,35
"Urjala","56",78,40,38
"Urjala","57",80,37,43
"Urjala","58",69,35,34
"Urjala","59",72,38,34
"Urjala","60",85,36,49
"Urjala","61",68,32,36
"Urjala","62",67,36,31
"Urjala","63",73,43,30
"Urjala","64",83,47,36
"Urjala","65",85,39,46
"Urjala","66",78,44,34
"Urjala","67",78,34,44
"Urjala","68",80,38,42
"Urjala","69",101,45,56
"Urjala","70",86,49,37
"Urjala","71",65,33,32
"Urjala","72",88,50,38
"Urjala","73",91,47,44
"Urjala","74",82,41,41
"Urjala","75",72,38,34
"Urjala","76",53,25,28
"Urjala","77",53,30,23
"Urjala","78",48,24,24
"Urjala","79",48,22,26
"Urjala","80",44,13,31
"Urjala","81",44,21,23
"Urjala","82",51,23,28
"Urjala","83",43,16,27
"Urjala","84",35,16,19
"Urjala","85",30,15,15
"Urjala","86",23,10,13
"Urjala","87",24,8,16
"Urjala","88",21,7,14
"Urjala","89",23,8,15
"Urjala","90",29,9,20
"Urjala","91",16,2,14
"Urjala","92",13,1,12
"Urjala","93",6,2,4
"Urjala","94",9,2,7
"Urjala","95",6,3,3
"Urjala","96",6,2,4
"Urjala","97",3,1,2
"Urjala","98",1,1,0
"Urjala","99",2,0,2
"Urjala","100 -",0,0,0
"Utajärvi","0",12,5,7
"Utajärvi","1",20,10,10
"Utajärvi","2",15,4,11
"Utajärvi","3",19,13,6
"Utajärvi","4",18,10,8
"Utajärvi","5",19,9,10
"Utajärvi","6",28,15,13
"Utajärvi","7",30,13,17
"Utajärvi","8",38,19,19
"Utajärvi","9",31,19,12
"Utajärvi","10",30,18,12
"Utajärvi","11",27,8,19
"Utajärvi","12",21,8,13
"Utajärvi","13",33,17,16
"Utajärvi","14",43,17,26
"Utajärvi","15",33,20,13
"Utajärvi","16",31,20,11
"Utajärvi","17",38,17,21
"Utajärvi","18",37,23,14
"Utajärvi","19",20,12,8
"Utajärvi","20",8,6,2
"Utajärvi","21",13,8,5
"Utajärvi","22",15,10,5
"Utajärvi","23",22,8,14
"Utajärvi","24",24,15,9
"Utajärvi","25",20,9,11
"Utajärvi","26",14,9,5
"Utajärvi","27",18,13,5
"Utajärvi","28",14,5,9
"Utajärvi","29",16,5,11
"Utajärvi","30",25,18,7
"Utajärvi","31",20,9,11
"Utajärvi","32",25,16,9
"Utajärvi","33",23,17,6
"Utajärvi","34",21,13,8
"Utajärvi","35",24,12,12
"Utajärvi","36",26,11,15
"Utajärvi","37",28,19,9
"Utajärvi","38",21,10,11
"Utajärvi","39",20,13,7
"Utajärvi","40",23,14,9
"Utajärvi","41",23,10,13
"Utajärvi","42",18,7,11
"Utajärvi","43",26,14,12
"Utajärvi","44",19,8,11
"Utajärvi","45",28,14,14
"Utajärvi","46",24,11,13
"Utajärvi","47",23,10,13
"Utajärvi","48",21,10,11
"Utajärvi","49",26,19,7
"Utajärvi","50",21,9,12
"Utajärvi","51",29,16,13
"Utajärvi","52",31,16,15
"Utajärvi","53",32,15,17
"Utajärvi","54",39,22,17
"Utajärvi","55",44,20,24
"Utajärvi","56",53,34,19
"Utajärvi","57",42,21,21
"Utajärvi","58",49,26,23
"Utajärvi","59",50,33,17
"Utajärvi","60",39,22,17
"Utajärvi","61",43,22,21
"Utajärvi","62",46,27,19
"Utajärvi","63",53,23,30
"Utajärvi","64",44,23,21
"Utajärvi","65",54,28,26
"Utajärvi","66",47,27,20
"Utajärvi","67",48,27,21
"Utajärvi","68",51,31,20
"Utajärvi","69",57,33,24
"Utajärvi","70",43,26,17
"Utajärvi","71",39,26,13
"Utajärvi","72",47,27,20
"Utajärvi","73",41,21,20
"Utajärvi","74",41,23,18
"Utajärvi","75",39,21,18
"Utajärvi","76",27,12,15
"Utajärvi","77",21,7,14
"Utajärvi","78",22,13,9
"Utajärvi","79",30,14,16
"Utajärvi","80",17,6,11
"Utajärvi","81",22,4,18
"Utajärvi","82",16,8,8
"Utajärvi","83",26,14,12
"Utajärvi","84",12,6,6
"Utajärvi","85",19,7,12
"Utajärvi","86",16,3,13
"Utajärvi","87",20,11,9
"Utajärvi","88",21,8,13
"Utajärvi","89",12,5,7
"Utajärvi","90",16,7,9
"Utajärvi","91",11,5,6
"Utajärvi","92",4,3,1
"Utajärvi","93",3,0,3
"Utajärvi","94",6,3,3
"Utajärvi","95",1,1,0
"Utajärvi","96",2,0,2
"Utajärvi","97",0,0,0
"Utajärvi","98",1,1,0
"Utajärvi","99",0,0,0
"Utajärvi","100 -",1,0,1
"Utsjoki","0",6,3,3
"Utsjoki","1",12,6,6
"Utsjoki","2",6,4,2
"Utsjoki","3",8,5,3
"Utsjoki","4",13,7,6
"Utsjoki","5",12,5,7
"Utsjoki","6",2,0,2
"Utsjoki","7",8,2,6
"Utsjoki","8",10,6,4
"Utsjoki","9",9,8,1
"Utsjoki","10",14,8,6
"Utsjoki","11",7,3,4
"Utsjoki","12",17,10,7
"Utsjoki","13",14,9,5
"Utsjoki","14",16,10,6
"Utsjoki","15",17,9,8
"Utsjoki","16",9,6,3
"Utsjoki","17",10,7,3
"Utsjoki","18",13,10,3
"Utsjoki","19",4,3,1
"Utsjoki","20",11,8,3
"Utsjoki","21",8,4,4
"Utsjoki","22",2,0,2
"Utsjoki","23",7,4,3
"Utsjoki","24",7,5,2
"Utsjoki","25",16,8,8
"Utsjoki","26",12,5,7
"Utsjoki","27",9,3,6
"Utsjoki","28",13,7,6
"Utsjoki","29",12,4,8
"Utsjoki","30",11,8,3
"Utsjoki","31",14,5,9
"Utsjoki","32",14,8,6
"Utsjoki","33",15,8,7
"Utsjoki","34",14,7,7
"Utsjoki","35",12,5,7
"Utsjoki","36",13,11,2
"Utsjoki","37",13,5,8
"Utsjoki","38",12,7,5
"Utsjoki","39",21,13,8
"Utsjoki","40",13,7,6
"Utsjoki","41",12,5,7
"Utsjoki","42",11,7,4
"Utsjoki","43",11,6,5
"Utsjoki","44",7,2,5
"Utsjoki","45",13,5,8
"Utsjoki","46",10,6,4
"Utsjoki","47",12,5,7
"Utsjoki","48",12,7,5
"Utsjoki","49",20,11,9
"Utsjoki","50",19,10,9
"Utsjoki","51",17,6,11
"Utsjoki","52",11,5,6
"Utsjoki","53",18,13,5
"Utsjoki","54",18,9,9
"Utsjoki","55",16,6,10
"Utsjoki","56",23,14,9
"Utsjoki","57",15,12,3
"Utsjoki","58",18,10,8
"Utsjoki","59",21,7,14
"Utsjoki","60",26,16,10
"Utsjoki","61",13,4,9
"Utsjoki","62",23,15,8
"Utsjoki","63",20,15,5
"Utsjoki","64",20,9,11
"Utsjoki","65",28,16,12
"Utsjoki","66",17,7,10
"Utsjoki","67",25,13,12
"Utsjoki","68",25,15,10
"Utsjoki","69",16,9,7
"Utsjoki","70",20,13,7
"Utsjoki","71",16,9,7
"Utsjoki","72",26,14,12
"Utsjoki","73",28,19,9
"Utsjoki","74",21,12,9
"Utsjoki","75",15,8,7
"Utsjoki","76",12,4,8
"Utsjoki","77",7,4,3
"Utsjoki","78",17,6,11
"Utsjoki","79",13,7,6
"Utsjoki","80",6,3,3
"Utsjoki","81",11,4,7
"Utsjoki","82",8,4,4
"Utsjoki","83",10,6,4
"Utsjoki","84",8,1,7
"Utsjoki","85",8,6,2
"Utsjoki","86",7,4,3
"Utsjoki","87",8,4,4
"Utsjoki","88",2,1,1
"Utsjoki","89",4,0,4
"Utsjoki","90",6,3,3
"Utsjoki","91",4,3,1
"Utsjoki","92",4,0,4
"Utsjoki","93",2,0,2
"Utsjoki","94",1,1,0
"Utsjoki","95",1,0,1
"Utsjoki","96",1,1,0
"Utsjoki","97",0,0,0
"Utsjoki","98",0,0,0
"Utsjoki","99",0,0,0
"Utsjoki","100 -",0,0,0
"Uurainen","0",45,21,24
"Uurainen","1",43,26,17
"Uurainen","2",51,31,20
"Uurainen","3",53,34,19
"Uurainen","4",62,33,29
"Uurainen","5",64,33,31
"Uurainen","6",56,26,30
"Uurainen","7",67,38,29
"Uurainen","8",75,29,46
"Uurainen","9",70,37,33
"Uurainen","10",71,36,35
"Uurainen","11",81,40,41
"Uurainen","12",72,38,34
"Uurainen","13",62,25,37
"Uurainen","14",51,31,20
"Uurainen","15",60,39,21
"Uurainen","16",52,29,23
"Uurainen","17",50,26,24
"Uurainen","18",28,17,11
"Uurainen","19",20,19,1
"Uurainen","20",15,12,3
"Uurainen","21",13,8,5
"Uurainen","22",13,7,6
"Uurainen","23",13,5,8
"Uurainen","24",23,8,15
"Uurainen","25",22,8,14
"Uurainen","26",29,16,13
"Uurainen","27",25,15,10
"Uurainen","28",31,14,17
"Uurainen","29",39,21,18
"Uurainen","30",40,22,18
"Uurainen","31",47,32,15
"Uurainen","32",43,23,20
"Uurainen","33",32,16,16
"Uurainen","34",43,21,22
"Uurainen","35",38,24,14
"Uurainen","36",34,11,23
"Uurainen","37",41,19,22
"Uurainen","38",52,24,28
"Uurainen","39",45,24,21
"Uurainen","40",57,26,31
"Uurainen","41",51,33,18
"Uurainen","42",46,21,25
"Uurainen","43",53,30,23
"Uurainen","44",59,25,34
"Uurainen","45",64,33,31
"Uurainen","46",48,26,22
"Uurainen","47",52,29,23
"Uurainen","48",41,20,21
"Uurainen","49",43,22,21
"Uurainen","50",41,20,21
"Uurainen","51",46,26,20
"Uurainen","52",33,18,15
"Uurainen","53",44,22,22
"Uurainen","54",52,26,26
"Uurainen","55",41,25,16
"Uurainen","56",54,29,25
"Uurainen","57",37,17,20
"Uurainen","58",43,25,18
"Uurainen","59",40,24,16
"Uurainen","60",42,28,14
"Uurainen","61",40,21,19
"Uurainen","62",35,14,21
"Uurainen","63",42,22,20
"Uurainen","64",36,19,17
"Uurainen","65",44,20,24
"Uurainen","66",39,29,10
"Uurainen","67",54,27,27
"Uurainen","68",49,24,25
"Uurainen","69",37,22,15
"Uurainen","70",42,21,21
"Uurainen","71",51,25,26
"Uurainen","72",36,18,18
"Uurainen","73",51,26,25
"Uurainen","74",43,25,18
"Uurainen","75",34,12,22
"Uurainen","76",28,13,15
"Uurainen","77",38,19,19
"Uurainen","78",14,6,8
"Uurainen","79",27,14,13
"Uurainen","80",13,9,4
"Uurainen","81",18,8,10
"Uurainen","82",22,8,14
"Uurainen","83",13,7,6
"Uurainen","84",12,7,5
"Uurainen","85",17,8,9
"Uurainen","86",16,10,6
"Uurainen","87",6,1,5
"Uurainen","88",6,2,4
"Uurainen","89",4,1,3
"Uurainen","90",5,0,5
"Uurainen","91",4,1,3
"Uurainen","92",2,0,2
"Uurainen","93",6,4,2
"Uurainen","94",0,0,0
"Uurainen","95",1,0,1
"Uurainen","96",2,0,2
"Uurainen","97",0,0,0
"Uurainen","98",1,0,1
"Uurainen","99",0,0,0
"Uurainen","100 -",0,0,0
"Uusikaarlepyy","0",70,34,36
"Uusikaarlepyy","1",82,38,44
"Uusikaarlepyy","2",71,42,29
"Uusikaarlepyy","3",68,34,34
"Uusikaarlepyy","4",90,51,39
"Uusikaarlepyy","5",105,56,49
"Uusikaarlepyy","6",98,50,48
"Uusikaarlepyy","7",72,37,35
"Uusikaarlepyy","8",114,50,64
"Uusikaarlepyy","9",93,47,46
"Uusikaarlepyy","10",92,47,45
"Uusikaarlepyy","11",96,45,51
"Uusikaarlepyy","12",116,65,51
"Uusikaarlepyy","13",107,62,45
"Uusikaarlepyy","14",99,53,46
"Uusikaarlepyy","15",72,43,29
"Uusikaarlepyy","16",76,38,38
"Uusikaarlepyy","17",83,39,44
"Uusikaarlepyy","18",83,34,49
"Uusikaarlepyy","19",57,44,13
"Uusikaarlepyy","20",57,33,24
"Uusikaarlepyy","21",59,36,23
"Uusikaarlepyy","22",45,30,15
"Uusikaarlepyy","23",66,33,33
"Uusikaarlepyy","24",58,25,33
"Uusikaarlepyy","25",80,52,28
"Uusikaarlepyy","26",73,30,43
"Uusikaarlepyy","27",76,39,37
"Uusikaarlepyy","28",95,46,49
"Uusikaarlepyy","29",88,46,42
"Uusikaarlepyy","30",96,54,42
"Uusikaarlepyy","31",95,47,48
"Uusikaarlepyy","32",110,61,49
"Uusikaarlepyy","33",107,52,55
"Uusikaarlepyy","34",98,56,42
"Uusikaarlepyy","35",90,50,40
"Uusikaarlepyy","36",96,60,36
"Uusikaarlepyy","37",95,44,51
"Uusikaarlepyy","38",95,56,39
"Uusikaarlepyy","39",89,40,49
"Uusikaarlepyy","40",95,53,42
"Uusikaarlepyy","41",84,51,33
"Uusikaarlepyy","42",84,45,39
"Uusikaarlepyy","43",72,40,32
"Uusikaarlepyy","44",85,46,39
"Uusikaarlepyy","45",71,35,36
"Uusikaarlepyy","46",89,48,41
"Uusikaarlepyy","47",78,40,38
"Uusikaarlepyy","48",99,49,50
"Uusikaarlepyy","49",103,53,50
"Uusikaarlepyy","50",92,46,46
"Uusikaarlepyy","51",89,56,33
"Uusikaarlepyy","52",87,51,36
"Uusikaarlepyy","53",69,43,26
"Uusikaarlepyy","54",85,50,35
"Uusikaarlepyy","55",81,48,33
"Uusikaarlepyy","56",99,50,49
"Uusikaarlepyy","57",84,32,52
"Uusikaarlepyy","58",82,37,45
"Uusikaarlepyy","59",78,36,42
"Uusikaarlepyy","60",83,49,34
"Uusikaarlepyy","61",80,40,40
"Uusikaarlepyy","62",96,49,47
"Uusikaarlepyy","63",79,33,46
"Uusikaarlepyy","64",102,48,54
"Uusikaarlepyy","65",100,41,59
"Uusikaarlepyy","66",94,49,45
"Uusikaarlepyy","67",108,55,53
"Uusikaarlepyy","68",91,43,48
"Uusikaarlepyy","69",103,55,48
"Uusikaarlepyy","70",108,51,57
"Uusikaarlepyy","71",94,50,44
"Uusikaarlepyy","72",89,39,50
"Uusikaarlepyy","73",87,48,39
"Uusikaarlepyy","74",126,63,63
"Uusikaarlepyy","75",98,56,42
"Uusikaarlepyy","76",73,37,36
"Uusikaarlepyy","77",74,40,34
"Uusikaarlepyy","78",56,29,27
"Uusikaarlepyy","79",80,35,45
"Uusikaarlepyy","80",52,22,30
"Uusikaarlepyy","81",62,32,30
"Uusikaarlepyy","82",47,28,19
"Uusikaarlepyy","83",49,17,32
"Uusikaarlepyy","84",42,17,25
"Uusikaarlepyy","85",42,17,25
"Uusikaarlepyy","86",43,19,24
"Uusikaarlepyy","87",31,9,22
"Uusikaarlepyy","88",30,11,19
"Uusikaarlepyy","89",39,16,23
"Uusikaarlepyy","90",20,4,16
"Uusikaarlepyy","91",19,5,14
"Uusikaarlepyy","92",15,8,7
"Uusikaarlepyy","93",12,3,9
"Uusikaarlepyy","94",9,4,5
"Uusikaarlepyy","95",9,3,6
"Uusikaarlepyy","96",7,1,6
"Uusikaarlepyy","97",4,1,3
"Uusikaarlepyy","98",2,0,2
"Uusikaarlepyy","99",3,0,3
"Uusikaarlepyy","100 -",3,0,3
"Uusikaupunki","0",112,59,53
"Uusikaupunki","1",88,45,43
"Uusikaupunki","2",107,55,52
"Uusikaupunki","3",106,54,52
"Uusikaupunki","4",127,74,53
"Uusikaupunki","5",150,70,80
"Uusikaupunki","6",152,78,74
"Uusikaupunki","7",143,65,78
"Uusikaupunki","8",144,90,54
"Uusikaupunki","9",155,87,68
"Uusikaupunki","10",166,85,81
"Uusikaupunki","11",132,75,57
"Uusikaupunki","12",154,72,82
"Uusikaupunki","13",144,71,73
"Uusikaupunki","14",160,86,74
"Uusikaupunki","15",152,69,83
"Uusikaupunki","16",158,75,83
"Uusikaupunki","17",136,71,65
"Uusikaupunki","18",123,55,68
"Uusikaupunki","19",117,68,49
"Uusikaupunki","20",102,59,43
"Uusikaupunki","21",122,84,38
"Uusikaupunki","22",113,69,44
"Uusikaupunki","23",127,77,50
"Uusikaupunki","24",135,76,59
"Uusikaupunki","25",135,84,51
"Uusikaupunki","26",171,107,64
"Uusikaupunki","27",160,100,60
"Uusikaupunki","28",193,122,71
"Uusikaupunki","29",173,113,60
"Uusikaupunki","30",186,104,82
"Uusikaupunki","31",187,119,68
"Uusikaupunki","32",168,100,68
"Uusikaupunki","33",151,77,74
"Uusikaupunki","34",165,85,80
"Uusikaupunki","35",194,103,91
"Uusikaupunki","36",187,98,89
"Uusikaupunki","37",149,88,61
"Uusikaupunki","38",165,89,76
"Uusikaupunki","39",170,107,63
"Uusikaupunki","40",170,102,68
"Uusikaupunki","41",168,81,87
"Uusikaupunki","42",175,91,84
"Uusikaupunki","43",187,103,84
"Uusikaupunki","44",185,96,89
"Uusikaupunki","45",185,92,93
"Uusikaupunki","46",188,98,90
"Uusikaupunki","47",144,74,70
"Uusikaupunki","48",158,92,66
"Uusikaupunki","49",207,110,97
"Uusikaupunki","50",159,75,84
"Uusikaupunki","51",176,97,79
"Uusikaupunki","52",205,109,96
"Uusikaupunki","53",215,117,98
"Uusikaupunki","54",195,102,93
"Uusikaupunki","55",216,114,102
"Uusikaupunki","56",228,110,118
"Uusikaupunki","57",235,116,119
"Uusikaupunki","58",242,129,113
"Uusikaupunki","59",253,125,128
"Uusikaupunki","60",221,109,112
"Uusikaupunki","61",226,115,111
"Uusikaupunki","62",215,97,118
"Uusikaupunki","63",211,91,120
"Uusikaupunki","64",228,114,114
"Uusikaupunki","65",243,122,121
"Uusikaupunki","66",267,115,152
"Uusikaupunki","67",250,128,122
"Uusikaupunki","68",240,103,137
"Uusikaupunki","69",233,118,115
"Uusikaupunki","70",225,102,123
"Uusikaupunki","71",281,133,148
"Uusikaupunki","72",273,128,145
"Uusikaupunki","73",282,138,144
"Uusikaupunki","74",257,109,148
"Uusikaupunki","75",229,122,107
"Uusikaupunki","76",160,77,83
"Uusikaupunki","77",161,73,88
"Uusikaupunki","78",138,66,72
"Uusikaupunki","79",155,71,84
"Uusikaupunki","80",119,48,71
"Uusikaupunki","81",141,65,76
"Uusikaupunki","82",126,51,75
"Uusikaupunki","83",109,44,65
"Uusikaupunki","84",96,40,56
"Uusikaupunki","85",94,32,62
"Uusikaupunki","86",72,29,43
"Uusikaupunki","87",69,29,40
"Uusikaupunki","88",52,24,28
"Uusikaupunki","89",37,16,21
"Uusikaupunki","90",37,13,24
"Uusikaupunki","91",35,6,29
"Uusikaupunki","92",36,8,28
"Uusikaupunki","93",25,9,16
"Uusikaupunki","94",15,8,7
"Uusikaupunki","95",20,2,18
"Uusikaupunki","96",9,1,8
"Uusikaupunki","97",4,0,4
"Uusikaupunki","98",7,2,5
"Uusikaupunki","99",4,0,4
"Uusikaupunki","100 -",6,0,6
"Vaala","0",7,5,2
"Vaala","1",18,10,8
"Vaala","2",16,7,9
"Vaala","3",14,5,9
"Vaala","4",30,17,13
"Vaala","5",17,10,7
"Vaala","6",21,8,13
"Vaala","7",19,10,9
"Vaala","8",19,11,8
"Vaala","9",26,12,14
"Vaala","10",20,10,10
"Vaala","11",19,9,10
"Vaala","12",28,15,13
"Vaala","13",25,13,12
"Vaala","14",26,16,10
"Vaala","15",32,14,18
"Vaala","16",30,18,12
"Vaala","17",26,10,16
"Vaala","18",32,14,18
"Vaala","19",14,9,5
"Vaala","20",14,10,4
"Vaala","21",19,10,9
"Vaala","22",8,6,2
"Vaala","23",18,12,6
"Vaala","24",17,11,6
"Vaala","25",12,7,5
"Vaala","26",23,17,6
"Vaala","27",20,13,7
"Vaala","28",22,11,11
"Vaala","29",15,8,7
"Vaala","30",12,6,6
"Vaala","31",15,9,6
"Vaala","32",17,13,4
"Vaala","33",18,12,6
"Vaala","34",12,7,5
"Vaala","35",17,11,6
"Vaala","36",16,7,9
"Vaala","37",22,11,11
"Vaala","38",21,8,13
"Vaala","39",24,14,10
"Vaala","40",20,9,11
"Vaala","41",25,17,8
"Vaala","42",18,9,9
"Vaala","43",20,8,12
"Vaala","44",15,7,8
"Vaala","45",24,12,12
"Vaala","46",20,7,13
"Vaala","47",33,21,12
"Vaala","48",18,9,9
"Vaala","49",27,15,12
"Vaala","50",27,15,12
"Vaala","51",29,18,11
"Vaala","52",38,24,14
"Vaala","53",51,23,28
"Vaala","54",44,21,23
"Vaala","55",38,23,15
"Vaala","56",48,26,22
"Vaala","57",54,22,32
"Vaala","58",44,24,20
"Vaala","59",64,35,29
"Vaala","60",57,34,23
"Vaala","61",50,25,25
"Vaala","62",59,38,21
"Vaala","63",55,23,32
"Vaala","64",53,31,22
"Vaala","65",54,29,25
"Vaala","66",66,39,27
"Vaala","67",63,30,33
"Vaala","68",50,27,23
"Vaala","69",70,40,30
"Vaala","70",49,24,25
"Vaala","71",61,34,27
"Vaala","72",55,24,31
"Vaala","73",44,19,25
"Vaala","74",58,27,31
"Vaala","75",39,19,20
"Vaala","76",32,19,13
"Vaala","77",37,21,16
"Vaala","78",30,14,16
"Vaala","79",53,25,28
"Vaala","80",21,5,16
"Vaala","81",31,13,18
"Vaala","82",31,14,17
"Vaala","83",31,14,17
"Vaala","84",24,14,10
"Vaala","85",20,9,11
"Vaala","86",25,10,15
"Vaala","87",11,6,5
"Vaala","88",16,6,10
"Vaala","89",14,8,6
"Vaala","90",10,3,7
"Vaala","91",13,3,10
"Vaala","92",4,2,2
"Vaala","93",5,1,4
"Vaala","94",2,0,2
"Vaala","95",0,0,0
"Vaala","96",3,0,3
"Vaala","97",2,1,1
"Vaala","98",0,0,0
"Vaala","99",0,0,0
"Vaala","100 -",1,0,1
"Vaasa","0",575,286,289
"Vaasa","1",565,307,258
"Vaasa","2",573,302,271
"Vaasa","3",587,280,307
"Vaasa","4",674,347,327
"Vaasa","5",679,363,316
"Vaasa","6",695,374,321
"Vaasa","7",682,341,341
"Vaasa","8",742,373,369
"Vaasa","9",695,336,359
"Vaasa","10",764,380,384
"Vaasa","11",735,386,349
"Vaasa","12",721,366,355
"Vaasa","13",730,364,366
"Vaasa","14",710,387,323
"Vaasa","15",732,392,340
"Vaasa","16",681,346,335
"Vaasa","17",746,363,383
"Vaasa","18",785,388,397
"Vaasa","19",922,420,502
"Vaasa","20",1211,605,606
"Vaasa","21",1431,742,689
"Vaasa","22",1299,680,619
"Vaasa","23",1276,714,562
"Vaasa","24",1204,672,532
"Vaasa","25",1124,590,534
"Vaasa","26",1070,612,458
"Vaasa","27",1035,556,479
"Vaasa","28",1034,557,477
"Vaasa","29",974,549,425
"Vaasa","30",957,524,433
"Vaasa","31",885,487,398
"Vaasa","32",917,511,406
"Vaasa","33",815,416,399
"Vaasa","34",895,460,435
"Vaasa","35",899,489,410
"Vaasa","36",887,469,418
"Vaasa","37",896,476,420
"Vaasa","38",911,494,417
"Vaasa","39",875,459,416
"Vaasa","40",883,451,432
"Vaasa","41",820,444,376
"Vaasa","42",828,456,372
"Vaasa","43",820,430,390
"Vaasa","44",802,410,392
"Vaasa","45",771,375,396
"Vaasa","46",729,382,347
"Vaasa","47",649,318,331
"Vaasa","48",688,372,316
"Vaasa","49",737,385,352
"Vaasa","50",751,396,355
"Vaasa","51",753,371,382
"Vaasa","52",787,393,394
"Vaasa","53",831,437,394
"Vaasa","54",815,413,402
"Vaasa","55",719,361,358
"Vaasa","56",767,407,360
"Vaasa","57",790,380,410
"Vaasa","58",793,408,385
"Vaasa","59",734,345,389
"Vaasa","60",699,327,372
"Vaasa","61",715,342,373
"Vaasa","62",708,359,349
"Vaasa","63",730,345,385
"Vaasa","64",713,344,369
"Vaasa","65",745,362,383
"Vaasa","66",795,389,406
"Vaasa","67",776,359,417
"Vaasa","68",795,397,398
"Vaasa","69",697,337,360
"Vaasa","70",767,359,408
"Vaasa","71",763,351,412
"Vaasa","72",727,346,381
"Vaasa","73",708,339,369
"Vaasa","74",755,345,410
"Vaasa","75",679,303,376
"Vaasa","76",529,239,290
"Vaasa","77",455,219,236
"Vaasa","78",390,166,224
"Vaasa","79",564,251,313
"Vaasa","80",364,169,195
"Vaasa","81",431,178,253
"Vaasa","82",388,161,227
"Vaasa","83",395,152,243
"Vaasa","84",295,114,181
"Vaasa","85",298,125,173
"Vaasa","86",271,118,153
"Vaasa","87",237,86,151
"Vaasa","88",222,80,142
"Vaasa","89",182,58,124
"Vaasa","90",149,45,104
"Vaasa","91",125,31,94
"Vaasa","92",134,34,100
"Vaasa","93",77,22,55
"Vaasa","94",56,11,45
"Vaasa","95",58,18,40
"Vaasa","96",42,14,28
"Vaasa","97",23,5,18
"Vaasa","98",16,0,16
"Vaasa","99",9,1,8
"Vaasa","100 -",14,2,12
"Valkeakoski","0",143,75,68
"Valkeakoski","1",141,60,81
"Valkeakoski","2",176,99,77
"Valkeakoski","3",164,85,79
"Valkeakoski","4",178,93,85
"Valkeakoski","5",193,100,93
"Valkeakoski","6",240,120,120
"Valkeakoski","7",215,119,96
"Valkeakoski","8",260,145,115
"Valkeakoski","9",231,108,123
"Valkeakoski","10",270,132,138
"Valkeakoski","11",266,137,129
"Valkeakoski","12",256,136,120
"Valkeakoski","13",252,134,118
"Valkeakoski","14",242,121,121
"Valkeakoski","15",244,116,128
"Valkeakoski","16",242,119,123
"Valkeakoski","17",232,112,120
"Valkeakoski","18",212,110,102
"Valkeakoski","19",199,113,86
"Valkeakoski","20",197,117,80
"Valkeakoski","21",173,97,76
"Valkeakoski","22",177,107,70
"Valkeakoski","23",158,93,65
"Valkeakoski","24",173,95,78
"Valkeakoski","25",162,83,79
"Valkeakoski","26",178,98,80
"Valkeakoski","27",177,100,77
"Valkeakoski","28",201,109,92
"Valkeakoski","29",164,95,69
"Valkeakoski","30",174,86,88
"Valkeakoski","31",191,92,99
"Valkeakoski","32",201,100,101
"Valkeakoski","33",222,105,117
"Valkeakoski","34",235,126,109
"Valkeakoski","35",244,122,122
"Valkeakoski","36",250,127,123
"Valkeakoski","37",247,140,107
"Valkeakoski","38",256,131,125
"Valkeakoski","39",269,126,143
"Valkeakoski","40",242,117,125
"Valkeakoski","41",240,133,107
"Valkeakoski","42",284,129,155
"Valkeakoski","43",276,147,129
"Valkeakoski","44",297,157,140
"Valkeakoski","45",265,121,144
"Valkeakoski","46",290,150,140
"Valkeakoski","47",251,122,129
"Valkeakoski","48",271,141,130
"Valkeakoski","49",261,137,124
"Valkeakoski","50",271,140,131
"Valkeakoski","51",253,137,116
"Valkeakoski","52",280,141,139
"Valkeakoski","53",248,140,108
"Valkeakoski","54",260,133,127
"Valkeakoski","55",270,143,127
"Valkeakoski","56",267,138,129
"Valkeakoski","57",246,130,116
"Valkeakoski","58",275,142,133
"Valkeakoski","59",276,144,132
"Valkeakoski","60",255,133,122
"Valkeakoski","61",246,116,130
"Valkeakoski","62",213,103,110
"Valkeakoski","63",272,135,137
"Valkeakoski","64",301,141,160
"Valkeakoski","65",260,130,130
"Valkeakoski","66",294,138,156
"Valkeakoski","67",302,156,146
"Valkeakoski","68",308,144,164
"Valkeakoski","69",302,133,169
"Valkeakoski","70",323,154,169
"Valkeakoski","71",379,198,181
"Valkeakoski","72",344,151,193
"Valkeakoski","73",354,155,199
"Valkeakoski","74",341,165,176
"Valkeakoski","75",291,125,166
"Valkeakoski","76",219,101,118
"Valkeakoski","77",201,98,103
"Valkeakoski","78",173,88,85
"Valkeakoski","79",207,81,126
"Valkeakoski","80",149,67,82
"Valkeakoski","81",149,59,90
"Valkeakoski","82",176,61,115
"Valkeakoski","83",148,57,91
"Valkeakoski","84",113,40,73
"Valkeakoski","85",112,39,73
"Valkeakoski","86",81,25,56
"Valkeakoski","87",93,37,56
"Valkeakoski","88",68,19,49
"Valkeakoski","89",82,28,54
"Valkeakoski","90",50,16,34
"Valkeakoski","91",57,13,44
"Valkeakoski","92",49,13,36
"Valkeakoski","93",30,5,25
"Valkeakoski","94",30,9,21
"Valkeakoski","95",21,5,16
"Valkeakoski","96",15,5,10
"Valkeakoski","97",11,3,8
"Valkeakoski","98",10,1,9
"Valkeakoski","99",4,1,3
"Valkeakoski","100 -",4,1,3
"Vantaa","0",2486,1253,1233
"Vantaa","1",2525,1277,1248
"Vantaa","2",2623,1341,1282
"Vantaa","3",2669,1367,1302
"Vantaa","4",2711,1416,1295
"Vantaa","5",2647,1400,1247
"Vantaa","6",2810,1442,1368
"Vantaa","7",2810,1448,1362
"Vantaa","8",2708,1416,1292
"Vantaa","9",2801,1452,1349
"Vantaa","10",2864,1529,1335
"Vantaa","11",2837,1456,1381
"Vantaa","12",2773,1449,1324
"Vantaa","13",2705,1388,1317
"Vantaa","14",2780,1436,1344
"Vantaa","15",2570,1303,1267
"Vantaa","16",2665,1333,1332
"Vantaa","17",2579,1308,1271
"Vantaa","18",2572,1303,1269
"Vantaa","19",2661,1312,1349
"Vantaa","20",2782,1316,1466
"Vantaa","21",2917,1492,1425
"Vantaa","22",2890,1464,1426
"Vantaa","23",3092,1531,1561
"Vantaa","24",3128,1587,1541
"Vantaa","25",3459,1703,1756
"Vantaa","26",3669,1889,1780
"Vantaa","27",3759,1911,1848
"Vantaa","28",3926,2033,1893
"Vantaa","29",4031,2061,1970
"Vantaa","30",4058,2150,1908
"Vantaa","31",3955,2054,1901
"Vantaa","32",3941,2090,1851
"Vantaa","33",3726,1952,1774
"Vantaa","34",3783,2023,1760
"Vantaa","35",3769,2052,1717
"Vantaa","36",3827,2062,1765
"Vantaa","37",3913,2041,1872
"Vantaa","38",3846,2074,1772
"Vantaa","39",3621,1848,1773
"Vantaa","40",3513,1844,1669
"Vantaa","41",3467,1823,1644
"Vantaa","42",3437,1798,1639
"Vantaa","43",3333,1704,1629
"Vantaa","44",3358,1794,1564
"Vantaa","45",3319,1778,1541
"Vantaa","46",3158,1661,1497
"Vantaa","47",2782,1460,1322
"Vantaa","48",2924,1489,1435
"Vantaa","49",2923,1498,1425
"Vantaa","50",2996,1562,1434
"Vantaa","51",2973,1527,1446
"Vantaa","52",3081,1607,1474
"Vantaa","53",3137,1583,1554
"Vantaa","54",3055,1537,1518
"Vantaa","55",3082,1560,1522
"Vantaa","56",3180,1552,1628
"Vantaa","57",3003,1490,1513
"Vantaa","58",2799,1401,1398
"Vantaa","59",2727,1324,1403
"Vantaa","60",2610,1274,1336
"Vantaa","61",2572,1265,1307
"Vantaa","62",2384,1164,1220
"Vantaa","63",2374,1167,1207
"Vantaa","64",2357,1093,1264
"Vantaa","65",2291,1060,1231
"Vantaa","66",2189,978,1211
"Vantaa","67",2125,937,1188
"Vantaa","68",2171,976,1195
"Vantaa","69",2053,917,1136
"Vantaa","70",2060,923,1137
"Vantaa","71",2225,971,1254
"Vantaa","72",2226,993,1233
"Vantaa","73",2187,949,1238
"Vantaa","74",2143,957,1186
"Vantaa","75",1879,775,1104
"Vantaa","76",1535,663,872
"Vantaa","77",1361,564,797
"Vantaa","78",1033,439,594
"Vantaa","79",1426,587,839
"Vantaa","80",1002,419,583
"Vantaa","81",1018,395,623
"Vantaa","82",942,375,567
"Vantaa","83",798,313,485
"Vantaa","84",719,272,447
"Vantaa","85",613,241,372
"Vantaa","86",553,197,356
"Vantaa","87",433,144,289
"Vantaa","88",419,139,280
"Vantaa","89",362,111,251
"Vantaa","90",269,81,188
"Vantaa","91",200,60,140
"Vantaa","92",156,43,113
"Vantaa","93",124,28,96
"Vantaa","94",99,20,79
"Vantaa","95",74,17,57
"Vantaa","96",50,10,40
"Vantaa","97",29,4,25
"Vantaa","98",11,4,7
"Vantaa","99",8,1,7
"Vantaa","100 -",16,4,12
"Varkaus","0",108,56,52
"Varkaus","1",121,65,56
"Varkaus","2",130,70,60
"Varkaus","3",146,77,69
"Varkaus","4",128,62,66
"Varkaus","5",159,74,85
"Varkaus","6",162,72,90
"Varkaus","7",180,93,87
"Varkaus","8",166,78,88
"Varkaus","9",157,75,82
"Varkaus","10",202,107,95
"Varkaus","11",196,110,86
"Varkaus","12",188,95,93
"Varkaus","13",193,101,92
"Varkaus","14",197,105,92
"Varkaus","15",200,96,104
"Varkaus","16",204,105,99
"Varkaus","17",194,89,105
"Varkaus","18",214,111,103
"Varkaus","19",196,111,85
"Varkaus","20",188,108,80
"Varkaus","21",153,86,67
"Varkaus","22",135,83,52
"Varkaus","23",125,62,63
"Varkaus","24",173,97,76
"Varkaus","25",149,76,73
"Varkaus","26",201,107,94
"Varkaus","27",176,102,74
"Varkaus","28",219,111,108
"Varkaus","29",198,119,79
"Varkaus","30",189,103,86
"Varkaus","31",159,90,69
"Varkaus","32",183,103,80
"Varkaus","33",151,71,80
"Varkaus","34",200,110,90
"Varkaus","35",196,101,95
"Varkaus","36",193,108,85
"Varkaus","37",183,100,83
"Varkaus","38",198,113,85
"Varkaus","39",219,115,104
"Varkaus","40",220,115,105
"Varkaus","41",204,102,102
"Varkaus","42",194,109,85
"Varkaus","43",215,105,110
"Varkaus","44",248,127,121
"Varkaus","45",235,127,108
"Varkaus","46",196,101,95
"Varkaus","47",228,116,112
"Varkaus","48",203,118,85
"Varkaus","49",212,104,108
"Varkaus","50",269,128,141
"Varkaus","51",226,117,109
"Varkaus","52",236,123,113
"Varkaus","53",246,126,120
"Varkaus","54",294,143,151
"Varkaus","55",320,157,163
"Varkaus","56",337,192,145
"Varkaus","57",327,152,175
"Varkaus","58",343,173,170
"Varkaus","59",322,181,141
"Varkaus","60",349,173,176
"Varkaus","61",341,163,178
"Varkaus","62",334,154,180
"Varkaus","63",385,191,194
"Varkaus","64",348,173,175
"Varkaus","65",359,181,178
"Varkaus","66",421,200,221
"Varkaus","67",345,170,175
"Varkaus","68",391,208,183
"Varkaus","69",348,166,182
"Varkaus","70",366,187,179
"Varkaus","71",358,169,189
"Varkaus","72",402,202,200
"Varkaus","73",307,140,167
"Varkaus","74",282,115,167
"Varkaus","75",289,119,170
"Varkaus","76",210,97,113
"Varkaus","77",213,87,126
"Varkaus","78",176,74,102
"Varkaus","79",268,123,145
"Varkaus","80",169,80,89
"Varkaus","81",185,78,107
"Varkaus","82",193,74,119
"Varkaus","83",145,55,90
"Varkaus","84",125,46,79
"Varkaus","85",135,57,78
"Varkaus","86",133,46,87
"Varkaus","87",107,41,66
"Varkaus","88",87,33,54
"Varkaus","89",89,30,59
"Varkaus","90",72,20,52
"Varkaus","91",67,13,54
"Varkaus","92",50,16,34
"Varkaus","93",47,11,36
"Varkaus","94",28,7,21
"Varkaus","95",18,4,14
"Varkaus","96",9,2,7
"Varkaus","97",6,1,5
"Varkaus","98",5,1,4
"Varkaus","99",4,0,4
"Varkaus","100 -",8,1,7
"Vehmaa","0",16,11,5
"Vehmaa","1",21,12,9
"Vehmaa","2",21,9,12
"Vehmaa","3",16,11,5
"Vehmaa","4",20,6,14
"Vehmaa","5",21,11,10
"Vehmaa","6",25,12,13
"Vehmaa","7",35,19,16
"Vehmaa","8",19,5,14
"Vehmaa","9",18,8,10
"Vehmaa","10",21,10,11
"Vehmaa","11",28,10,18
"Vehmaa","12",24,15,9
"Vehmaa","13",21,10,11
"Vehmaa","14",25,10,15
"Vehmaa","15",23,10,13
"Vehmaa","16",22,13,9
"Vehmaa","17",20,10,10
"Vehmaa","18",29,18,11
"Vehmaa","19",14,5,9
"Vehmaa","20",15,11,4
"Vehmaa","21",13,11,2
"Vehmaa","22",16,8,8
"Vehmaa","23",10,7,3
"Vehmaa","24",16,9,7
"Vehmaa","25",20,8,12
"Vehmaa","26",16,7,9
"Vehmaa","27",22,11,11
"Vehmaa","28",25,14,11
"Vehmaa","29",32,18,14
"Vehmaa","30",29,17,12
"Vehmaa","31",23,13,10
"Vehmaa","32",20,12,8
"Vehmaa","33",21,15,6
"Vehmaa","34",26,13,13
"Vehmaa","35",21,11,10
"Vehmaa","36",21,14,7
"Vehmaa","37",27,20,7
"Vehmaa","38",21,12,9
"Vehmaa","39",22,10,12
"Vehmaa","40",32,18,14
"Vehmaa","41",28,13,15
"Vehmaa","42",29,14,15
"Vehmaa","43",37,24,13
"Vehmaa","44",22,9,13
"Vehmaa","45",27,14,13
"Vehmaa","46",20,12,8
"Vehmaa","47",27,13,14
"Vehmaa","48",21,10,11
"Vehmaa","49",31,17,14
"Vehmaa","50",34,13,21
"Vehmaa","51",33,22,11
"Vehmaa","52",27,13,14
"Vehmaa","53",30,17,13
"Vehmaa","54",27,15,12
"Vehmaa","55",31,15,16
"Vehmaa","56",36,16,20
"Vehmaa","57",36,23,13
"Vehmaa","58",31,13,18
"Vehmaa","59",36,23,13
"Vehmaa","60",39,23,16
"Vehmaa","61",33,16,17
"Vehmaa","62",29,11,18
"Vehmaa","63",37,22,15
"Vehmaa","64",39,22,17
"Vehmaa","65",46,33,13
"Vehmaa","66",28,11,17
"Vehmaa","67",48,19,29
"Vehmaa","68",28,10,18
"Vehmaa","69",39,23,16
"Vehmaa","70",26,17,9
"Vehmaa","71",54,27,27
"Vehmaa","72",32,9,23
"Vehmaa","73",31,17,14
"Vehmaa","74",32,19,13
"Vehmaa","75",31,11,20
"Vehmaa","76",18,13,5
"Vehmaa","77",20,11,9
"Vehmaa","78",22,6,16
"Vehmaa","79",24,10,14
"Vehmaa","80",15,5,10
"Vehmaa","81",22,12,10
"Vehmaa","82",17,6,11
"Vehmaa","83",15,5,10
"Vehmaa","84",11,4,7
"Vehmaa","85",10,5,5
"Vehmaa","86",9,2,7
"Vehmaa","87",13,7,6
"Vehmaa","88",18,6,12
"Vehmaa","89",17,4,13
"Vehmaa","90",12,5,7
"Vehmaa","91",6,3,3
"Vehmaa","92",8,3,5
"Vehmaa","93",6,1,5
"Vehmaa","94",2,0,2
"Vehmaa","95",1,0,1
"Vehmaa","96",2,0,2
"Vehmaa","97",1,0,1
"Vehmaa","98",0,0,0
"Vehmaa","99",1,0,1
"Vehmaa","100 -",0,0,0
"Vesanto","0",5,4,1
"Vesanto","1",7,4,3
"Vesanto","2",7,3,4
"Vesanto","3",6,4,2
"Vesanto","4",13,8,5
"Vesanto","5",15,6,9
"Vesanto","6",6,3,3
"Vesanto","7",10,4,6
"Vesanto","8",12,8,4
"Vesanto","9",16,7,9
"Vesanto","10",14,7,7
"Vesanto","11",19,13,6
"Vesanto","12",14,6,8
"Vesanto","13",20,8,12
"Vesanto","14",16,10,6
"Vesanto","15",13,7,6
"Vesanto","16",17,7,10
"Vesanto","17",13,4,9
"Vesanto","18",22,12,10
"Vesanto","19",11,7,4
"Vesanto","20",12,7,5
"Vesanto","21",10,5,5
"Vesanto","22",15,11,4
"Vesanto","23",6,2,4
"Vesanto","24",7,5,2
"Vesanto","25",12,6,6
"Vesanto","26",13,9,4
"Vesanto","27",5,2,3
"Vesanto","28",11,6,5
"Vesanto","29",12,8,4
"Vesanto","30",8,5,3
"Vesanto","31",8,8,0
"Vesanto","32",11,7,4
"Vesanto","33",13,9,4
"Vesanto","34",18,12,6
"Vesanto","35",7,3,4
"Vesanto","36",15,5,10
"Vesanto","37",13,6,7
"Vesanto","38",18,8,10
"Vesanto","39",18,8,10
"Vesanto","40",17,11,6
"Vesanto","41",15,6,9
"Vesanto","42",18,8,10
"Vesanto","43",13,6,7
"Vesanto","44",12,6,6
"Vesanto","45",9,7,2
"Vesanto","46",14,6,8
"Vesanto","47",24,12,12
"Vesanto","48",19,12,7
"Vesanto","49",18,9,9
"Vesanto","50",27,11,16
"Vesanto","51",23,15,8
"Vesanto","52",23,12,11
"Vesanto","53",31,20,11
"Vesanto","54",34,17,17
"Vesanto","55",32,20,12
"Vesanto","56",36,15,21
"Vesanto","57",32,16,16
"Vesanto","58",30,18,12
"Vesanto","59",30,14,16
"Vesanto","60",35,17,18
"Vesanto","61",42,18,24
"Vesanto","62",43,25,18
"Vesanto","63",39,19,20
"Vesanto","64",32,19,13
"Vesanto","65",39,14,25
"Vesanto","66",38,21,17
"Vesanto","67",44,21,23
"Vesanto","68",48,28,20
"Vesanto","69",42,25,17
"Vesanto","70",44,24,20
"Vesanto","71",57,31,26
"Vesanto","72",46,26,20
"Vesanto","73",46,27,19
"Vesanto","74",49,29,20
"Vesanto","75",35,18,17
"Vesanto","76",28,11,17
"Vesanto","77",24,13,11
"Vesanto","78",20,9,11
"Vesanto","79",37,19,18
"Vesanto","80",13,4,9
"Vesanto","81",24,7,17
"Vesanto","82",28,11,17
"Vesanto","83",16,7,9
"Vesanto","84",25,15,10
"Vesanto","85",18,7,11
"Vesanto","86",24,12,12
"Vesanto","87",16,7,9
"Vesanto","88",9,1,8
"Vesanto","89",14,8,6
"Vesanto","90",11,5,6
"Vesanto","91",9,1,8
"Vesanto","92",9,5,4
"Vesanto","93",6,1,5
"Vesanto","94",6,2,4
"Vesanto","95",3,2,1
"Vesanto","96",1,0,1
"Vesanto","97",2,0,2
"Vesanto","98",2,0,2
"Vesanto","99",2,1,1
"Vesanto","100 -",1,0,1
"Vesilahti","0",32,24,8
"Vesilahti","1",30,15,15
"Vesilahti","2",39,18,21
"Vesilahti","3",46,24,22
"Vesilahti","4",51,27,24
"Vesilahti","5",55,27,28
"Vesilahti","6",48,25,23
"Vesilahti","7",67,36,31
"Vesilahti","8",73,37,36
"Vesilahti","9",64,23,41
"Vesilahti","10",69,42,27
"Vesilahti","11",75,39,36
"Vesilahti","12",74,42,32
"Vesilahti","13",49,26,23
"Vesilahti","14",80,44,36
"Vesilahti","15",78,44,34
"Vesilahti","16",60,31,29
"Vesilahti","17",77,42,35
"Vesilahti","18",62,32,30
"Vesilahti","19",42,21,21
"Vesilahti","20",28,21,7
"Vesilahti","21",26,16,10
"Vesilahti","22",12,5,7
"Vesilahti","23",18,6,12
"Vesilahti","24",22,14,8
"Vesilahti","25",32,19,13
"Vesilahti","26",24,10,14
"Vesilahti","27",32,22,10
"Vesilahti","28",36,15,21
"Vesilahti","29",39,17,22
"Vesilahti","30",23,8,15
"Vesilahti","31",28,11,17
"Vesilahti","32",32,20,12
"Vesilahti","33",44,21,23
"Vesilahti","34",47,23,24
"Vesilahti","35",57,33,24
"Vesilahti","36",56,35,21
"Vesilahti","37",58,29,29
"Vesilahti","38",51,22,29
"Vesilahti","39",46,21,25
"Vesilahti","40",62,26,36
"Vesilahti","41",59,30,29
"Vesilahti","42",69,34,35
"Vesilahti","43",75,34,41
"Vesilahti","44",84,37,47
"Vesilahti","45",64,28,36
"Vesilahti","46",63,34,29
"Vesilahti","47",66,38,28
"Vesilahti","48",74,41,33
"Vesilahti","49",71,37,34
"Vesilahti","50",75,41,34
"Vesilahti","51",72,35,37
"Vesilahti","52",71,43,28
"Vesilahti","53",67,35,32
"Vesilahti","54",73,41,32
"Vesilahti","55",67,32,35
"Vesilahti","56",73,38,35
"Vesilahti","57",69,38,31
"Vesilahti","58",61,32,29
"Vesilahti","59",57,33,24
"Vesilahti","60",65,36,29
"Vesilahti","61",56,26,30
"Vesilahti","62",50,32,18
"Vesilahti","63",57,34,23
"Vesilahti","64",64,29,35
"Vesilahti","65",48,30,18
"Vesilahti","66",44,27,17
"Vesilahti","67",48,22,26
"Vesilahti","68",58,29,29
"Vesilahti","69",48,23,25
"Vesilahti","70",42,24,18
"Vesilahti","71",52,29,23
"Vesilahti","72",50,29,21
"Vesilahti","73",47,26,21
"Vesilahti","74",38,21,17
"Vesilahti","75",39,13,26
"Vesilahti","76",21,11,10
"Vesilahti","77",25,16,9
"Vesilahti","78",27,9,18
"Vesilahti","79",24,10,14
"Vesilahti","80",19,12,7
"Vesilahti","81",26,10,16
"Vesilahti","82",16,9,7
"Vesilahti","83",15,8,7
"Vesilahti","84",21,8,13
"Vesilahti","85",22,8,14
"Vesilahti","86",10,2,8
"Vesilahti","87",11,6,5
"Vesilahti","88",16,7,9
"Vesilahti","89",13,6,7
"Vesilahti","90",9,3,6
"Vesilahti","91",12,3,9
"Vesilahti","92",4,2,2
"Vesilahti","93",3,2,1
"Vesilahti","94",5,3,2
"Vesilahti","95",4,1,3
"Vesilahti","96",2,1,1
"Vesilahti","97",1,0,1
"Vesilahti","98",0,0,0
"Vesilahti","99",1,0,1
"Vesilahti","100 -",0,0,0
"Veteli","0",23,14,9
"Veteli","1",19,10,9
"Veteli","2",22,11,11
"Veteli","3",28,15,13
"Veteli","4",19,8,11
"Veteli","5",29,17,12
"Veteli","6",31,18,13
"Veteli","7",32,16,16
"Veteli","8",38,19,19
"Veteli","9",34,17,17
"Veteli","10",35,16,19
"Veteli","11",51,27,24
"Veteli","12",49,27,22
"Veteli","13",26,13,13
"Veteli","14",46,20,26
"Veteli","15",28,15,13
"Veteli","16",30,17,13
"Veteli","17",37,19,18
"Veteli","18",37,21,16
"Veteli","19",28,17,11
"Veteli","20",17,13,4
"Veteli","21",23,14,9
"Veteli","22",21,12,9
"Veteli","23",26,14,12
"Veteli","24",21,13,8
"Veteli","25",25,12,13
"Veteli","26",29,20,9
"Veteli","27",23,15,8
"Veteli","28",25,14,11
"Veteli","29",22,8,14
"Veteli","30",30,19,11
"Veteli","31",20,11,9
"Veteli","32",18,11,7
"Veteli","33",29,17,12
"Veteli","34",32,22,10
"Veteli","35",29,10,19
"Veteli","36",21,9,12
"Veteli","37",44,23,21
"Veteli","38",31,19,12
"Veteli","39",33,12,21
"Veteli","40",34,19,15
"Veteli","41",40,17,23
"Veteli","42",30,19,11
"Veteli","43",29,17,12
"Veteli","44",35,19,16
"Veteli","45",37,18,19
"Veteli","46",29,15,14
"Veteli","47",30,17,13
"Veteli","48",31,20,11
"Veteli","49",35,14,21
"Veteli","50",34,18,16
"Veteli","51",26,10,16
"Veteli","52",38,20,18
"Veteli","53",32,22,10
"Veteli","54",41,23,18
"Veteli","55",37,19,18
"Veteli","56",34,19,15
"Veteli","57",35,16,19
"Veteli","58",48,22,26
"Veteli","59",51,25,26
"Veteli","60",40,22,18
"Veteli","61",49,27,22
"Veteli","62",51,23,28
"Veteli","63",43,27,16
"Veteli","64",53,24,29
"Veteli","65",67,35,32
"Veteli","66",59,35,24
"Veteli","67",59,27,32
"Veteli","68",53,29,24
"Veteli","69",58,27,31
"Veteli","70",57,31,26
"Veteli","71",51,25,26
"Veteli","72",45,25,20
"Veteli","73",49,23,26
"Veteli","74",49,29,20
"Veteli","75",27,11,16
"Veteli","76",33,15,18
"Veteli","77",30,18,12
"Veteli","78",25,9,16
"Veteli","79",36,13,23
"Veteli","80",23,11,12
"Veteli","81",20,10,10
"Veteli","82",38,13,25
"Veteli","83",25,7,18
"Veteli","84",21,7,14
"Veteli","85",26,18,8
"Veteli","86",14,5,9
"Veteli","87",27,11,16
"Veteli","88",21,10,11
"Veteli","89",11,4,7
"Veteli","90",10,5,5
"Veteli","91",5,1,4
"Veteli","92",4,2,2
"Veteli","93",4,0,4
"Veteli","94",7,3,4
"Veteli","95",4,2,2
"Veteli","96",0,0,0
"Veteli","97",2,0,2
"Veteli","98",1,1,0
"Veteli","99",1,0,1
"Veteli","100 -",0,0,0
"Vieremä","0",28,11,17
"Vieremä","1",10,3,7
"Vieremä","2",32,16,16
"Vieremä","3",26,12,14
"Vieremä","4",34,15,19
"Vieremä","5",29,10,19
"Vieremä","6",31,19,12
"Vieremä","7",46,22,24
"Vieremä","8",44,14,30
"Vieremä","9",44,19,25
"Vieremä","10",51,22,29
"Vieremä","11",34,15,19
"Vieremä","12",28,15,13
"Vieremä","13",33,15,18
"Vieremä","14",39,25,14
"Vieremä","15",42,23,19
"Vieremä","16",47,22,25
"Vieremä","17",32,12,20
"Vieremä","18",35,21,14
"Vieremä","19",36,23,13
"Vieremä","20",19,10,9
"Vieremä","21",27,16,11
"Vieremä","22",33,19,14
"Vieremä","23",21,12,9
"Vieremä","24",30,19,11
"Vieremä","25",30,18,12
"Vieremä","26",35,25,10
"Vieremä","27",26,16,10
"Vieremä","28",20,7,13
"Vieremä","29",36,19,17
"Vieremä","30",34,19,15
"Vieremä","31",37,21,16
"Vieremä","32",40,26,14
"Vieremä","33",29,19,10
"Vieremä","34",34,14,20
"Vieremä","35",34,16,18
"Vieremä","36",28,15,13
"Vieremä","37",37,19,18
"Vieremä","38",30,16,14
"Vieremä","39",40,25,15
"Vieremä","40",43,30,13
"Vieremä","41",41,22,19
"Vieremä","42",44,22,22
"Vieremä","43",32,17,15
"Vieremä","44",43,23,20
"Vieremä","45",44,19,25
"Vieremä","46",33,21,12
"Vieremä","47",38,18,20
"Vieremä","48",39,20,19
"Vieremä","49",38,15,23
"Vieremä","50",49,31,18
"Vieremä","51",50,30,20
"Vieremä","52",60,30,30
"Vieremä","53",53,28,25
"Vieremä","54",54,28,26
"Vieremä","55",47,31,16
"Vieremä","56",60,35,25
"Vieremä","57",56,25,31
"Vieremä","58",52,24,28
"Vieremä","59",61,34,27
"Vieremä","60",54,29,25
"Vieremä","61",66,34,32
"Vieremä","62",63,34,29
"Vieremä","63",49,21,28
"Vieremä","64",64,33,31
"Vieremä","65",60,35,25
"Vieremä","66",55,28,27
"Vieremä","67",58,35,23
"Vieremä","68",55,28,27
"Vieremä","69",67,37,30
"Vieremä","70",43,23,20
"Vieremä","71",56,25,31
"Vieremä","72",63,41,22
"Vieremä","73",49,23,26
"Vieremä","74",42,23,19
"Vieremä","75",43,21,22
"Vieremä","76",34,18,16
"Vieremä","77",32,14,18
"Vieremä","78",27,11,16
"Vieremä","79",36,16,20
"Vieremä","80",24,8,16
"Vieremä","81",27,7,20
"Vieremä","82",27,15,12
"Vieremä","83",22,8,14
"Vieremä","84",17,5,12
"Vieremä","85",22,8,14
"Vieremä","86",20,8,12
"Vieremä","87",13,4,9
"Vieremä","88",14,6,8
"Vieremä","89",16,8,8
"Vieremä","90",8,4,4
"Vieremä","91",11,5,6
"Vieremä","92",13,4,9
"Vieremä","93",4,1,3
"Vieremä","94",4,1,3
"Vieremä","95",4,0,4
"Vieremä","96",1,0,1
"Vieremä","97",0,0,0
"Vieremä","98",1,0,1
"Vieremä","99",0,0,0
"Vieremä","100 -",0,0,0
"Vihti","0",223,112,111
"Vihti","1",254,125,129
"Vihti","2",269,141,128
"Vihti","3",302,153,149
"Vihti","4",298,170,128
"Vihti","5",313,168,145
"Vihti","6",349,190,159
"Vihti","7",358,185,173
"Vihti","8",400,216,184
"Vihti","9",395,209,186
"Vihti","10",445,249,196
"Vihti","11",411,219,192
"Vihti","12",446,236,210
"Vihti","13",405,218,187
"Vihti","14",453,237,216
"Vihti","15",376,182,194
"Vihti","16",385,199,186
"Vihti","17",354,152,202
"Vihti","18",370,185,185
"Vihti","19",305,173,132
"Vihti","20",277,172,105
"Vihti","21",250,142,108
"Vihti","22",219,116,103
"Vihti","23",209,117,92
"Vihti","24",195,104,91
"Vihti","25",205,107,98
"Vihti","26",217,102,115
"Vihti","27",240,130,110
"Vihti","28",288,150,138
"Vihti","29",274,123,151
"Vihti","30",318,166,152
"Vihti","31",311,162,149
"Vihti","32",351,181,170
"Vihti","33",309,148,161
"Vihti","34",311,159,152
"Vihti","35",356,174,182
"Vihti","36",377,191,186
"Vihti","37",414,188,226
"Vihti","38",397,198,199
"Vihti","39",411,197,214
"Vihti","40",386,200,186
"Vihti","41",442,208,234
"Vihti","42",437,211,226
"Vihti","43",486,250,236
"Vihti","44",442,231,211
"Vihti","45",437,241,196
"Vihti","46",466,223,243
"Vihti","47",371,184,187
"Vihti","48",394,207,187
"Vihti","49",403,190,213
"Vihti","50",417,193,224
"Vihti","51",399,213,186
"Vihti","52",431,221,210
"Vihti","53",436,230,206
"Vihti","54",462,224,238
"Vihti","55",424,218,206
"Vihti","56",413,205,208
"Vihti","57",428,214,214
"Vihti","58",415,222,193
"Vihti","59",394,191,203
"Vihti","60",406,192,214
"Vihti","61",371,194,177
"Vihti","62",313,165,148
"Vihti","63",373,177,196
"Vihti","64",361,172,189
"Vihti","65",349,187,162
"Vihti","66",349,159,190
"Vihti","67",383,178,205
"Vihti","68",335,157,178
"Vihti","69",388,191,197
"Vihti","70",380,165,215
"Vihti","71",345,160,185
"Vihti","72",378,178,200
"Vihti","73",322,153,169
"Vihti","74",336,152,184
"Vihti","75",288,148,140
"Vihti","76",227,95,132
"Vihti","77",207,88,119
"Vihti","78",154,65,89
"Vihti","79",191,83,108
"Vihti","80",125,50,75
"Vihti","81",156,63,93
"Vihti","82",139,60,79
"Vihti","83",120,51,69
"Vihti","84",100,38,62
"Vihti","85",88,33,55
"Vihti","86",80,28,52
"Vihti","87",55,24,31
"Vihti","88",72,26,46
"Vihti","89",57,15,42
"Vihti","90",39,13,26
"Vihti","91",48,18,30
"Vihti","92",25,9,16
"Vihti","93",25,7,18
"Vihti","94",17,3,14
"Vihti","95",6,1,5
"Vihti","96",13,3,10
"Vihti","97",8,0,8
"Vihti","98",3,1,2
"Vihti","99",4,0,4
"Vihti","100 -",1,1,0
"Viitasaari","0",30,14,16
"Viitasaari","1",43,15,28
"Viitasaari","2",44,20,24
"Viitasaari","3",54,21,33
"Viitasaari","4",48,23,25
"Viitasaari","5",35,15,20
"Viitasaari","6",44,19,25
"Viitasaari","7",54,20,34
"Viitasaari","8",46,24,22
"Viitasaari","9",48,22,26
"Viitasaari","10",59,29,30
"Viitasaari","11",55,30,25
"Viitasaari","12",48,21,27
"Viitasaari","13",50,20,30
"Viitasaari","14",50,24,26
"Viitasaari","15",47,27,20
"Viitasaari","16",65,27,38
"Viitasaari","17",61,30,31
"Viitasaari","18",56,26,30
"Viitasaari","19",51,32,19
"Viitasaari","20",50,32,18
"Viitasaari","21",36,24,12
"Viitasaari","22",38,23,15
"Viitasaari","23",35,20,15
"Viitasaari","24",46,23,23
"Viitasaari","25",49,25,24
"Viitasaari","26",49,25,24
"Viitasaari","27",39,21,18
"Viitasaari","28",41,26,15
"Viitasaari","29",54,28,26
"Viitasaari","30",50,33,17
"Viitasaari","31",53,26,27
"Viitasaari","32",47,26,21
"Viitasaari","33",57,31,26
"Viitasaari","34",48,26,22
"Viitasaari","35",57,30,27
"Viitasaari","36",73,45,28
"Viitasaari","37",45,26,19
"Viitasaari","38",47,23,24
"Viitasaari","39",49,29,20
"Viitasaari","40",53,22,31
"Viitasaari","41",55,32,23
"Viitasaari","42",47,23,24
"Viitasaari","43",53,29,24
"Viitasaari","44",53,26,27
"Viitasaari","45",46,28,18
"Viitasaari","46",48,24,24
"Viitasaari","47",45,27,18
"Viitasaari","48",48,23,25
"Viitasaari","49",64,21,43
"Viitasaari","50",60,26,34
"Viitasaari","51",59,35,24
"Viitasaari","52",67,28,39
"Viitasaari","53",84,45,39
"Viitasaari","54",81,44,37
"Viitasaari","55",87,46,41
"Viitasaari","56",99,41,58
"Viitasaari","57",102,52,50
"Viitasaari","58",113,59,54
"Viitasaari","59",109,54,55
"Viitasaari","60",105,59,46
"Viitasaari","61",102,47,55
"Viitasaari","62",92,44,48
"Viitasaari","63",122,61,61
"Viitasaari","64",129,69,60
"Viitasaari","65",113,48,65
"Viitasaari","66",137,68,69
"Viitasaari","67",118,60,58
"Viitasaari","68",142,75,67
"Viitasaari","69",101,46,55
"Viitasaari","70",123,65,58
"Viitasaari","71",140,66,74
"Viitasaari","72",93,57,36
"Viitasaari","73",113,62,51
"Viitasaari","74",104,53,51
"Viitasaari","75",101,50,51
"Viitasaari","76",69,30,39
"Viitasaari","77",76,44,32
"Viitasaari","78",65,26,39
"Viitasaari","79",72,22,50
"Viitasaari","80",60,26,34
"Viitasaari","81",62,24,38
"Viitasaari","82",67,33,34
"Viitasaari","83",69,28,41
"Viitasaari","84",58,18,40
"Viitasaari","85",47,26,21
"Viitasaari","86",55,19,36
"Viitasaari","87",51,23,28
"Viitasaari","88",30,10,20
"Viitasaari","89",45,16,29
"Viitasaari","90",30,8,22
"Viitasaari","91",25,5,20
"Viitasaari","92",25,4,21
"Viitasaari","93",4,0,4
"Viitasaari","94",8,1,7
"Viitasaari","95",4,2,2
"Viitasaari","96",3,1,2
"Viitasaari","97",6,1,5
"Viitasaari","98",2,0,2
"Viitasaari","99",2,1,1
"Viitasaari","100 -",3,0,3
"Vimpeli","0",16,6,10
"Vimpeli","1",10,5,5
"Vimpeli","2",15,11,4
"Vimpeli","3",17,8,9
"Vimpeli","4",22,13,9
"Vimpeli","5",29,12,17
"Vimpeli","6",25,17,8
"Vimpeli","7",28,15,13
"Vimpeli","8",34,15,19
"Vimpeli","9",31,18,13
"Vimpeli","10",34,18,16
"Vimpeli","11",30,12,18
"Vimpeli","12",28,14,14
"Vimpeli","13",20,10,10
"Vimpeli","14",47,31,16
"Vimpeli","15",50,26,24
"Vimpeli","16",38,19,19
"Vimpeli","17",26,17,9
"Vimpeli","18",43,19,24
"Vimpeli","19",19,12,7
"Vimpeli","20",25,16,9
"Vimpeli","21",19,10,9
"Vimpeli","22",12,7,5
"Vimpeli","23",15,9,6
"Vimpeli","24",16,10,6
"Vimpeli","25",16,9,7
"Vimpeli","26",19,14,5
"Vimpeli","27",19,8,11
"Vimpeli","28",22,9,13
"Vimpeli","29",26,14,12
"Vimpeli","30",18,14,4
"Vimpeli","31",18,8,10
"Vimpeli","32",24,13,11
"Vimpeli","33",23,14,9
"Vimpeli","34",15,12,3
"Vimpeli","35",19,8,11
"Vimpeli","36",35,20,15
"Vimpeli","37",30,11,19
"Vimpeli","38",29,18,11
"Vimpeli","39",28,14,14
"Vimpeli","40",33,19,14
"Vimpeli","41",39,17,22
"Vimpeli","42",29,15,14
"Vimpeli","43",32,22,10
"Vimpeli","44",25,14,11
"Vimpeli","45",34,19,15
"Vimpeli","46",32,18,14
"Vimpeli","47",24,15,9
"Vimpeli","48",21,11,10
"Vimpeli","49",31,11,20
"Vimpeli","50",31,17,14
"Vimpeli","51",38,17,21
"Vimpeli","52",32,16,16
"Vimpeli","53",50,29,21
"Vimpeli","54",40,24,16
"Vimpeli","55",40,20,20
"Vimpeli","56",46,19,27
"Vimpeli","57",37,13,24
"Vimpeli","58",40,28,12
"Vimpeli","59",46,24,22
"Vimpeli","60",48,29,19
"Vimpeli","61",60,24,36
"Vimpeli","62",38,18,20
"Vimpeli","63",44,21,23
"Vimpeli","64",58,27,31
"Vimpeli","65",61,35,26
"Vimpeli","66",56,29,27
"Vimpeli","67",52,27,25
"Vimpeli","68",52,25,27
"Vimpeli","69",47,28,19
"Vimpeli","70",44,26,18
"Vimpeli","71",48,26,22
"Vimpeli","72",49,26,23
"Vimpeli","73",48,26,22
"Vimpeli","74",41,16,25
"Vimpeli","75",34,21,13
"Vimpeli","76",27,16,11
"Vimpeli","77",25,8,17
"Vimpeli","78",14,10,4
"Vimpeli","79",25,10,15
"Vimpeli","80",16,4,12
"Vimpeli","81",30,17,13
"Vimpeli","82",22,7,15
"Vimpeli","83",18,8,10
"Vimpeli","84",18,7,11
"Vimpeli","85",13,7,6
"Vimpeli","86",18,6,12
"Vimpeli","87",20,7,13
"Vimpeli","88",13,4,9
"Vimpeli","89",5,3,2
"Vimpeli","90",12,5,7
"Vimpeli","91",15,2,13
"Vimpeli","92",4,3,1
"Vimpeli","93",10,1,9
"Vimpeli","94",2,0,2
"Vimpeli","95",1,0,1
"Vimpeli","96",2,1,1
"Vimpeli","97",3,1,2
"Vimpeli","98",0,0,0
"Vimpeli","99",0,0,0
"Vimpeli","100 -",1,0,1
"Virolahti","0",14,6,8
"Virolahti","1",15,6,9
"Virolahti","2",15,8,7
"Virolahti","3",17,11,6
"Virolahti","4",18,10,8
"Virolahti","5",23,11,12
"Virolahti","6",24,7,17
"Virolahti","7",27,11,16
"Virolahti","8",25,14,11
"Virolahti","9",30,16,14
"Virolahti","10",36,17,19
"Virolahti","11",26,14,12
"Virolahti","12",30,16,14
"Virolahti","13",27,18,9
"Virolahti","14",34,18,16
"Virolahti","15",24,11,13
"Virolahti","16",47,23,24
"Virolahti","17",37,14,23
"Virolahti","18",20,11,9
"Virolahti","19",16,7,9
"Virolahti","20",15,14,1
"Virolahti","21",13,7,6
"Virolahti","22",14,9,5
"Virolahti","23",20,13,7
"Virolahti","24",23,10,13
"Virolahti","25",14,12,2
"Virolahti","26",15,11,4
"Virolahti","27",20,11,9
"Virolahti","28",16,10,6
"Virolahti","29",16,8,8
"Virolahti","30",20,11,9
"Virolahti","31",27,18,9
"Virolahti","32",18,5,13
"Virolahti","33",26,15,11
"Virolahti","34",25,13,12
"Virolahti","35",26,13,13
"Virolahti","36",26,16,10
"Virolahti","37",32,16,16
"Virolahti","38",35,21,14
"Virolahti","39",40,21,19
"Virolahti","40",40,23,17
"Virolahti","41",33,16,17
"Virolahti","42",38,19,19
"Virolahti","43",42,20,22
"Virolahti","44",32,13,19
"Virolahti","45",44,23,21
"Virolahti","46",28,15,13
"Virolahti","47",34,21,13
"Virolahti","48",38,20,18
"Virolahti","49",46,23,23
"Virolahti","50",33,16,17
"Virolahti","51",40,20,20
"Virolahti","52",53,26,27
"Virolahti","53",41,23,18
"Virolahti","54",47,23,24
"Virolahti","55",41,19,22
"Virolahti","56",47,26,21
"Virolahti","57",53,30,23
"Virolahti","58",54,32,22
"Virolahti","59",58,28,30
"Virolahti","60",57,33,24
"Virolahti","61",50,18,32
"Virolahti","62",72,32,40
"Virolahti","63",55,28,27
"Virolahti","64",45,23,22
"Virolahti","65",61,35,26
"Virolahti","66",63,33,30
"Virolahti","67",50,26,24
"Virolahti","68",61,26,35
"Virolahti","69",52,26,26
"Virolahti","70",60,30,30
"Virolahti","71",57,30,27
"Virolahti","72",41,24,17
"Virolahti","73",59,36,23
"Virolahti","74",64,31,33
"Virolahti","75",59,26,33
"Virolahti","76",32,20,12
"Virolahti","77",37,18,19
"Virolahti","78",32,15,17
"Virolahti","79",34,17,17
"Virolahti","80",32,19,13
"Virolahti","81",28,14,14
"Virolahti","82",25,14,11
"Virolahti","83",25,12,13
"Virolahti","84",22,11,11
"Virolahti","85",14,5,9
"Virolahti","86",20,6,14
"Virolahti","87",17,3,14
"Virolahti","88",9,4,5
"Virolahti","89",12,5,7
"Virolahti","90",8,2,6
"Virolahti","91",11,1,10
"Virolahti","92",16,5,11
"Virolahti","93",4,1,3
"Virolahti","94",4,1,3
"Virolahti","95",3,0,3
"Virolahti","96",3,0,3
"Virolahti","97",2,0,2
"Virolahti","98",0,0,0
"Virolahti","99",3,3,0
"Virolahti","100 -",0,0,0
"Virrat","0",35,18,17
"Virrat","1",28,15,13
"Virrat","2",37,23,14
"Virrat","3",39,25,14
"Virrat","4",47,24,23
"Virrat","5",45,26,19
"Virrat","6",48,24,24
"Virrat","7",56,28,28
"Virrat","8",56,27,29
"Virrat","9",60,36,24
"Virrat","10",59,35,24
"Virrat","11",72,34,38
"Virrat","12",52,23,29
"Virrat","13",63,28,35
"Virrat","14",66,39,27
"Virrat","15",64,28,36
"Virrat","16",65,39,26
"Virrat","17",67,40,27
"Virrat","18",62,40,22
"Virrat","19",58,32,26
"Virrat","20",42,27,15
"Virrat","21",34,23,11
"Virrat","22",37,20,17
"Virrat","23",39,17,22
"Virrat","24",43,25,18
"Virrat","25",38,28,10
"Virrat","26",42,22,20
"Virrat","27",34,16,18
"Virrat","28",42,22,20
"Virrat","29",28,12,16
"Virrat","30",52,24,28
"Virrat","31",51,28,23
"Virrat","32",59,30,29
"Virrat","33",47,24,23
"Virrat","34",56,29,27
"Virrat","35",51,28,23
"Virrat","36",63,38,25
"Virrat","37",51,28,23
"Virrat","38",50,25,25
"Virrat","39",57,33,24
"Virrat","40",57,35,22
"Virrat","41",49,23,26
"Virrat","42",50,25,25
"Virrat","43",52,25,27
"Virrat","44",72,30,42
"Virrat","45",82,34,48
"Virrat","46",67,35,32
"Virrat","47",74,34,40
"Virrat","48",63,30,33
"Virrat","49",80,49,31
"Virrat","50",80,42,38
"Virrat","51",71,38,33
"Virrat","52",94,51,43
"Virrat","53",72,33,39
"Virrat","54",101,60,41
"Virrat","55",101,60,41
"Virrat","56",95,46,49
"Virrat","57",110,58,52
"Virrat","58",86,48,38
"Virrat","59",118,65,53
"Virrat","60",107,62,45
"Virrat","61",91,48,43
"Virrat","62",86,41,45
"Virrat","63",111,59,52
"Virrat","64",100,40,60
"Virrat","65",129,70,59
"Virrat","66",138,70,68
"Virrat","67",123,55,68
"Virrat","68",118,55,63
"Virrat","69",129,65,64
"Virrat","70",129,65,64
"Virrat","71",126,65,61
"Virrat","72",139,72,67
"Virrat","73",154,71,83
"Virrat","74",132,70,62
"Virrat","75",89,44,45
"Virrat","76",93,43,50
"Virrat","77",95,39,56
"Virrat","78",72,35,37
"Virrat","79",76,32,44
"Virrat","80",52,23,29
"Virrat","81",59,25,34
"Virrat","82",64,24,40
"Virrat","83",82,36,46
"Virrat","84",57,25,32
"Virrat","85",61,22,39
"Virrat","86",55,21,34
"Virrat","87",50,22,28
"Virrat","88",39,19,20
"Virrat","89",40,16,24
"Virrat","90",31,12,19
"Virrat","91",36,3,33
"Virrat","92",19,8,11
"Virrat","93",20,5,15
"Virrat","94",5,2,3
"Virrat","95",12,3,9
"Virrat","96",7,1,6
"Virrat","97",6,0,6
"Virrat","98",5,0,5
"Virrat","99",0,0,0
"Virrat","100 -",4,1,3
"Vårdö","0",6,4,2
"Vårdö","1",5,3,2
"Vårdö","2",8,2,6
"Vårdö","3",4,3,1
"Vårdö","4",8,7,1
"Vårdö","5",2,1,1
"Vårdö","6",4,2,2
"Vårdö","7",6,1,5
"Vårdö","8",4,1,3
"Vårdö","9",1,0,1
"Vårdö","10",2,0,2
"Vårdö","11",5,2,3
"Vårdö","12",6,4,2
"Vårdö","13",8,2,6
"Vårdö","14",8,1,7
"Vårdö","15",4,2,2
"Vårdö","16",3,2,1
"Vårdö","17",5,2,3
"Vårdö","18",5,1,4
"Vårdö","19",5,3,2
"Vårdö","20",3,1,2
"Vårdö","21",0,0,0
"Vårdö","22",4,3,1
"Vårdö","23",2,1,1
"Vårdö","24",3,1,2
"Vårdö","25",2,1,1
"Vårdö","26",6,2,4
"Vårdö","27",4,2,2
"Vårdö","28",4,1,3
"Vårdö","29",5,3,2
"Vårdö","30",7,4,3
"Vårdö","31",10,5,5
"Vårdö","32",9,4,5
"Vårdö","33",5,4,1
"Vårdö","34",2,1,1
"Vårdö","35",3,3,0
"Vårdö","36",2,1,1
"Vårdö","37",2,1,1
"Vårdö","38",6,1,5
"Vårdö","39",1,1,0
"Vårdö","40",6,5,1
"Vårdö","41",10,5,5
"Vårdö","42",5,2,3
"Vårdö","43",6,2,4
"Vårdö","44",6,4,2
"Vårdö","45",2,2,0
"Vårdö","46",2,1,1
"Vårdö","47",2,1,1
"Vårdö","48",9,7,2
"Vårdö","49",2,0,2
"Vårdö","50",7,4,3
"Vårdö","51",5,4,1
"Vårdö","52",4,1,3
"Vårdö","53",8,5,3
"Vårdö","54",7,1,6
"Vårdö","55",11,6,5
"Vårdö","56",8,4,4
"Vårdö","57",6,4,2
"Vårdö","58",6,3,3
"Vårdö","59",6,3,3
"Vårdö","60",8,6,2
"Vårdö","61",3,1,2
"Vårdö","62",4,2,2
"Vårdö","63",8,5,3
"Vårdö","64",2,1,1
"Vårdö","65",4,4,0
"Vårdö","66",4,1,3
"Vårdö","67",9,2,7
"Vårdö","68",10,3,7
"Vårdö","69",7,6,1
"Vårdö","70",7,4,3
"Vårdö","71",11,6,5
"Vårdö","72",9,3,6
"Vårdö","73",2,1,1
"Vårdö","74",4,4,0
"Vårdö","75",5,3,2
"Vårdö","76",8,6,2
"Vårdö","77",3,1,2
"Vårdö","78",3,2,1
"Vårdö","79",4,1,3
"Vårdö","80",6,3,3
"Vårdö","81",5,3,2
"Vårdö","82",1,0,1
"Vårdö","83",4,3,1
"Vårdö","84",5,2,3
"Vårdö","85",1,0,1
"Vårdö","86",5,2,3
"Vårdö","87",6,6,0
"Vårdö","88",5,4,1
"Vårdö","89",2,0,2
"Vårdö","90",2,1,1
"Vårdö","91",2,1,1
"Vårdö","92",0,0,0
"Vårdö","93",2,1,1
"Vårdö","94",0,0,0
"Vårdö","95",1,0,1
"Vårdö","96",0,0,0
"Vårdö","97",0,0,0
"Vårdö","98",1,0,1
"Vårdö","99",0,0,0
"Vårdö","100 -",0,0,0
"Vöyri","0",64,37,27
"Vöyri","1",63,23,40
"Vöyri","2",58,24,34
"Vöyri","3",70,29,41
"Vöyri","4",59,36,23
"Vöyri","5",82,45,37
"Vöyri","6",84,36,48
"Vöyri","7",69,34,35
"Vöyri","8",80,41,39
"Vöyri","9",80,39,41
"Vöyri","10",84,40,44
"Vöyri","11",92,48,44
"Vöyri","12",81,42,39
"Vöyri","13",71,39,32
"Vöyri","14",72,43,29
"Vöyri","15",67,37,30
"Vöyri","16",68,35,33
"Vöyri","17",83,51,32
"Vöyri","18",63,37,26
"Vöyri","19",48,27,21
"Vöyri","20",42,23,19
"Vöyri","21",39,22,17
"Vöyri","22",38,26,12
"Vöyri","23",57,37,20
"Vöyri","24",64,32,32
"Vöyri","25",47,28,19
"Vöyri","26",52,26,26
"Vöyri","27",63,33,30
"Vöyri","28",51,30,21
"Vöyri","29",78,36,42
"Vöyri","30",67,39,28
"Vöyri","31",80,45,35
"Vöyri","32",73,36,37
"Vöyri","33",69,32,37
"Vöyri","34",76,42,34
"Vöyri","35",66,33,33
"Vöyri","36",81,38,43
"Vöyri","37",71,42,29
"Vöyri","38",72,42,30
"Vöyri","39",67,39,28
"Vöyri","40",85,46,39
"Vöyri","41",76,39,37
"Vöyri","42",63,40,23
"Vöyri","43",63,35,28
"Vöyri","44",80,41,39
"Vöyri","45",75,43,32
"Vöyri","46",77,42,35
"Vöyri","47",67,29,38
"Vöyri","48",64,37,27
"Vöyri","49",70,34,36
"Vöyri","50",81,41,40
"Vöyri","51",86,49,37
"Vöyri","52",74,36,38
"Vöyri","53",77,40,37
"Vöyri","54",71,37,34
"Vöyri","55",72,38,34
"Vöyri","56",83,46,37
"Vöyri","57",82,35,47
"Vöyri","58",85,35,50
"Vöyri","59",106,49,57
"Vöyri","60",75,35,40
"Vöyri","61",88,51,37
"Vöyri","62",82,38,44
"Vöyri","63",109,65,44
"Vöyri","64",89,47,42
"Vöyri","65",93,43,50
"Vöyri","66",96,43,53
"Vöyri","67",70,36,34
"Vöyri","68",95,52,43
"Vöyri","69",101,47,54
"Vöyri","70",86,43,43
"Vöyri","71",90,47,43
"Vöyri","72",89,57,32
"Vöyri","73",84,42,42
"Vöyri","74",83,43,40
"Vöyri","75",81,41,40
"Vöyri","76",74,34,40
"Vöyri","77",58,31,27
"Vöyri","78",46,24,22
"Vöyri","79",70,32,38
"Vöyri","80",48,20,28
"Vöyri","81",48,24,24
"Vöyri","82",45,21,24
"Vöyri","83",46,18,28
"Vöyri","84",28,13,15
"Vöyri","85",42,17,25
"Vöyri","86",34,13,21
"Vöyri","87",42,16,26
"Vöyri","88",39,16,23
"Vöyri","89",21,11,10
"Vöyri","90",19,4,15
"Vöyri","91",14,3,11
"Vöyri","92",17,4,13
"Vöyri","93",18,6,12
"Vöyri","94",15,7,8
"Vöyri","95",7,3,4
"Vöyri","96",5,1,4
"Vöyri","97",3,2,1
"Vöyri","98",3,1,2
"Vöyri","99",1,0,1
"Vöyri","100 -",6,1,5
"Ylitornio","0",18,11,7
"Ylitornio","1",14,8,6
"Ylitornio","2",22,11,11
"Ylitornio","3",12,7,5
"Ylitornio","4",21,12,9
"Ylitornio","5",21,9,12
"Ylitornio","6",26,6,20
"Ylitornio","7",31,17,14
"Ylitornio","8",24,12,12
"Ylitornio","9",32,18,14
"Ylitornio","10",39,19,20
"Ylitornio","11",35,16,19
"Ylitornio","12",31,19,12
"Ylitornio","13",23,11,12
"Ylitornio","14",34,24,10
"Ylitornio","15",29,15,14
"Ylitornio","16",35,21,14
"Ylitornio","17",33,14,19
"Ylitornio","18",36,17,19
"Ylitornio","19",33,22,11
"Ylitornio","20",36,19,17
"Ylitornio","21",21,12,9
"Ylitornio","22",17,9,8
"Ylitornio","23",23,13,10
"Ylitornio","24",32,15,17
"Ylitornio","25",20,15,5
"Ylitornio","26",28,12,16
"Ylitornio","27",16,8,8
"Ylitornio","28",32,19,13
"Ylitornio","29",25,14,11
"Ylitornio","30",26,16,10
"Ylitornio","31",30,20,10
"Ylitornio","32",28,15,13
"Ylitornio","33",19,8,11
"Ylitornio","34",22,10,12
"Ylitornio","35",35,18,17
"Ylitornio","36",27,18,9
"Ylitornio","37",31,14,17
"Ylitornio","38",35,23,12
"Ylitornio","39",34,16,18
"Ylitornio","40",37,16,21
"Ylitornio","41",35,19,16
"Ylitornio","42",25,12,13
"Ylitornio","43",26,12,14
"Ylitornio","44",36,26,10
"Ylitornio","45",34,18,16
"Ylitornio","46",37,19,18
"Ylitornio","47",24,11,13
"Ylitornio","48",44,26,18
"Ylitornio","49",31,18,13
"Ylitornio","50",35,17,18
"Ylitornio","51",34,16,18
"Ylitornio","52",38,20,18
"Ylitornio","53",49,22,27
"Ylitornio","54",63,25,38
"Ylitornio","55",58,38,20
"Ylitornio","56",66,38,28
"Ylitornio","57",75,40,35
"Ylitornio","58",71,36,35
"Ylitornio","59",90,42,48
"Ylitornio","60",68,32,36
"Ylitornio","61",84,41,43
"Ylitornio","62",71,37,34
"Ylitornio","63",81,44,37
"Ylitornio","64",93,51,42
"Ylitornio","65",84,43,41
"Ylitornio","66",83,38,45
"Ylitornio","67",85,42,43
"Ylitornio","68",78,39,39
"Ylitornio","69",71,43,28
"Ylitornio","70",81,44,37
"Ylitornio","71",97,57,40
"Ylitornio","72",67,34,33
"Ylitornio","73",75,45,30
"Ylitornio","74",51,25,26
"Ylitornio","75",68,39,29
"Ylitornio","76",42,20,22
"Ylitornio","77",43,21,22
"Ylitornio","78",59,26,33
"Ylitornio","79",50,20,30
"Ylitornio","80",45,27,18
"Ylitornio","81",48,18,30
"Ylitornio","82",50,25,25
"Ylitornio","83",53,20,33
"Ylitornio","84",25,13,12
"Ylitornio","85",39,15,24
"Ylitornio","86",42,19,23
"Ylitornio","87",33,13,20
"Ylitornio","88",18,9,9
"Ylitornio","89",33,8,25
"Ylitornio","90",18,3,15
"Ylitornio","91",13,3,10
"Ylitornio","92",13,6,7
"Ylitornio","93",4,1,3
"Ylitornio","94",7,1,6
"Ylitornio","95",10,3,7
"Ylitornio","96",3,2,1
"Ylitornio","97",6,0,6
"Ylitornio","98",2,0,2
"Ylitornio","99",3,2,1
"Ylitornio","100 -",0,0,0
"Ylivieska","0",180,89,91
"Ylivieska","1",165,83,82
"Ylivieska","2",185,96,89
"Ylivieska","3",210,100,110
"Ylivieska","4",206,97,109
"Ylivieska","5",217,124,93
"Ylivieska","6",261,131,130
"Ylivieska","7",226,120,106
"Ylivieska","8",237,135,102
"Ylivieska","9",230,113,117
"Ylivieska","10",239,117,122
"Ylivieska","11",218,98,120
"Ylivieska","12",234,119,115
"Ylivieska","13",210,117,93
"Ylivieska","14",191,107,84
"Ylivieska","15",214,104,110
"Ylivieska","16",212,97,115
"Ylivieska","17",200,109,91
"Ylivieska","18",227,124,103
"Ylivieska","19",168,98,70
"Ylivieska","20",180,96,84
"Ylivieska","21",153,82,71
"Ylivieska","22",161,82,79
"Ylivieska","23",134,74,60
"Ylivieska","24",148,74,74
"Ylivieska","25",167,91,76
"Ylivieska","26",186,99,87
"Ylivieska","27",165,79,86
"Ylivieska","28",214,107,107
"Ylivieska","29",172,94,78
"Ylivieska","30",227,111,116
"Ylivieska","31",206,104,102
"Ylivieska","32",213,108,105
"Ylivieska","33",220,116,104
"Ylivieska","34",197,110,87
"Ylivieska","35",197,102,95
"Ylivieska","36",220,107,113
"Ylivieska","37",212,112,100
"Ylivieska","38",227,123,104
"Ylivieska","39",232,118,114
"Ylivieska","40",183,110,73
"Ylivieska","41",187,96,91
"Ylivieska","42",180,109,71
"Ylivieska","43",160,76,84
"Ylivieska","44",179,88,91
"Ylivieska","45",139,70,69
"Ylivieska","46",162,92,70
"Ylivieska","47",141,75,66
"Ylivieska","48",135,71,64
"Ylivieska","49",147,76,71
"Ylivieska","50",145,79,66
"Ylivieska","51",137,75,62
"Ylivieska","52",138,70,68
"Ylivieska","53",155,68,87
"Ylivieska","54",143,74,69
"Ylivieska","55",173,85,88
"Ylivieska","56",130,64,66
"Ylivieska","57",170,82,88
"Ylivieska","58",162,78,84
"Ylivieska","59",187,108,79
"Ylivieska","60",189,88,101
"Ylivieska","61",165,80,85
"Ylivieska","62",208,94,114
"Ylivieska","63",205,90,115
"Ylivieska","64",190,87,103
"Ylivieska","65",198,101,97
"Ylivieska","66",190,91,99
"Ylivieska","67",175,86,89
"Ylivieska","68",195,86,109
"Ylivieska","69",182,89,93
"Ylivieska","70",186,93,93
"Ylivieska","71",199,104,95
"Ylivieska","72",173,84,89
"Ylivieska","73",166,72,94
"Ylivieska","74",135,58,77
"Ylivieska","75",147,69,78
"Ylivieska","76",106,50,56
"Ylivieska","77",96,47,49
"Ylivieska","78",82,44,38
"Ylivieska","79",111,58,53
"Ylivieska","80",63,24,39
"Ylivieska","81",97,37,60
"Ylivieska","82",87,27,60
"Ylivieska","83",72,26,46
"Ylivieska","84",69,23,46
"Ylivieska","85",68,29,39
"Ylivieska","86",53,19,34
"Ylivieska","87",41,12,29
"Ylivieska","88",56,20,36
"Ylivieska","89",40,10,30
"Ylivieska","90",36,11,25
"Ylivieska","91",27,9,18
"Ylivieska","92",17,5,12
"Ylivieska","93",18,6,12
"Ylivieska","94",15,5,10
"Ylivieska","95",13,0,13
"Ylivieska","96",8,2,6
"Ylivieska","97",7,1,6
"Ylivieska","98",2,0,2
"Ylivieska","99",0,0,0
"Ylivieska","100 -",3,0,3
"Ylöjärvi","0",317,162,155
"Ylöjärvi","1",368,191,177
"Ylöjärvi","2",377,198,179
"Ylöjärvi","3",381,192,189
"Ylöjärvi","4",438,240,198
"Ylöjärvi","5",487,238,249
"Ylöjärvi","6",453,234,219
"Ylöjärvi","7",500,251,249
"Ylöjärvi","8",560,284,276
"Ylöjärvi","9",525,249,276
"Ylöjärvi","10",501,242,259
"Ylöjärvi","11",557,286,271
"Ylöjärvi","12",492,249,243
"Ylöjärvi","13",493,261,232
"Ylöjärvi","14",480,259,221
"Ylöjärvi","15",458,234,224
"Ylöjärvi","16",504,254,250
"Ylöjärvi","17",444,237,207
"Ylöjärvi","18",422,232,190
"Ylöjärvi","19",327,212,115
"Ylöjärvi","20",245,158,87
"Ylöjärvi","21",185,106,79
"Ylöjärvi","22",163,95,68
"Ylöjärvi","23",225,128,97
"Ylöjärvi","24",211,101,110
"Ylöjärvi","25",244,126,118
"Ylöjärvi","26",258,128,130
"Ylöjärvi","27",311,138,173
"Ylöjärvi","28",313,167,146
"Ylöjärvi","29",389,201,188
"Ylöjärvi","30",408,192,216
"Ylöjärvi","31",435,210,225
"Ylöjärvi","32",394,197,197
"Ylöjärvi","33",414,220,194
"Ylöjärvi","34",407,207,200
"Ylöjärvi","35",459,223,236
"Ylöjärvi","36",430,226,204
"Ylöjärvi","37",495,237,258
"Ylöjärvi","38",500,252,248
"Ylöjärvi","39",494,266,228
"Ylöjärvi","40",439,225,214
"Ylöjärvi","41",488,266,222
"Ylöjärvi","42",470,226,244
"Ylöjärvi","43",517,254,263
"Ylöjärvi","44",472,225,247
"Ylöjärvi","45",496,267,229
"Ylöjärvi","46",483,251,232
"Ylöjärvi","47",385,194,191
"Ylöjärvi","48",448,226,222
"Ylöjärvi","49",390,192,198
"Ylöjärvi","50",413,202,211
"Ylöjärvi","51",434,210,224
"Ylöjärvi","52",480,255,225
"Ylöjärvi","53",458,237,221
"Ylöjärvi","54",463,226,237
"Ylöjärvi","55",459,230,229
"Ylöjärvi","56",421,216,205
"Ylöjärvi","57",444,229,215
"Ylöjärvi","58",420,213,207
"Ylöjärvi","59",453,244,209
"Ylöjärvi","60",423,197,226
"Ylöjärvi","61",419,223,196
"Ylöjärvi","62",420,202,218
"Ylöjärvi","63",414,213,201
"Ylöjärvi","64",395,188,207
"Ylöjärvi","65",379,205,174
"Ylöjärvi","66",374,173,201
"Ylöjärvi","67",358,185,173
"Ylöjärvi","68",356,180,176
"Ylöjärvi","69",354,174,180
"Ylöjärvi","70",315,159,156
"Ylöjärvi","71",389,192,197
"Ylöjärvi","72",342,166,176
"Ylöjärvi","73",395,180,215
"Ylöjärvi","74",360,154,206
"Ylöjärvi","75",289,150,139
"Ylöjärvi","76",237,122,115
"Ylöjärvi","77",239,115,124
"Ylöjärvi","78",181,73,108
"Ylöjärvi","79",240,119,121
"Ylöjärvi","80",149,75,74
"Ylöjärvi","81",160,62,98
"Ylöjärvi","82",152,75,77
"Ylöjärvi","83",130,53,77
"Ylöjärvi","84",133,55,78
"Ylöjärvi","85",105,37,68
"Ylöjärvi","86",106,35,71
"Ylöjärvi","87",84,32,52
"Ylöjärvi","88",78,24,54
"Ylöjärvi","89",61,22,39
"Ylöjärvi","90",62,21,41
"Ylöjärvi","91",40,12,28
"Ylöjärvi","92",37,13,24
"Ylöjärvi","93",23,6,17
"Ylöjärvi","94",16,4,12
"Ylöjärvi","95",7,3,4
"Ylöjärvi","96",14,2,12
"Ylöjärvi","97",5,2,3
"Ylöjärvi","98",8,2,6
"Ylöjärvi","99",3,0,3
"Ylöjärvi","100 -",3,0,3
"Ypäjä","0",12,6,6
"Ypäjä","1",11,7,4
"Ypäjä","2",13,8,5
"Ypäjä","3",14,12,2
"Ypäjä","4",16,5,11
"Ypäjä","5",21,15,6
"Ypäjä","6",15,11,4
"Ypäjä","7",21,12,9
"Ypäjä","8",18,11,7
"Ypäjä","9",24,12,12
"Ypäjä","10",21,7,14
"Ypäjä","11",13,5,8
"Ypäjä","12",33,18,15
"Ypäjä","13",20,12,8
"Ypäjä","14",36,19,17
"Ypäjä","15",21,10,11
"Ypäjä","16",24,12,12
"Ypäjä","17",25,11,14
"Ypäjä","18",28,11,17
"Ypäjä","19",14,10,4
"Ypäjä","20",25,15,10
"Ypäjä","21",15,4,11
"Ypäjä","22",12,8,4
"Ypäjä","23",21,11,10
"Ypäjä","24",22,12,10
"Ypäjä","25",18,9,9
"Ypäjä","26",25,10,15
"Ypäjä","27",16,9,7
"Ypäjä","28",12,5,7
"Ypäjä","29",32,16,16
"Ypäjä","30",19,8,11
"Ypäjä","31",26,13,13
"Ypäjä","32",21,15,6
"Ypäjä","33",19,12,7
"Ypäjä","34",20,13,7
"Ypäjä","35",21,14,7
"Ypäjä","36",27,15,12
"Ypäjä","37",29,12,17
"Ypäjä","38",20,7,13
"Ypäjä","39",25,14,11
"Ypäjä","40",27,13,14
"Ypäjä","41",27,11,16
"Ypäjä","42",24,13,11
"Ypäjä","43",25,11,14
"Ypäjä","44",43,22,21
"Ypäjä","45",24,12,12
"Ypäjä","46",22,14,8
"Ypäjä","47",29,14,15
"Ypäjä","48",26,15,11
"Ypäjä","49",29,14,15
"Ypäjä","50",35,18,17
"Ypäjä","51",23,10,13
"Ypäjä","52",44,22,22
"Ypäjä","53",30,19,11
"Ypäjä","54",31,14,17
"Ypäjä","55",36,15,21
"Ypäjä","56",36,18,18
"Ypäjä","57",39,21,18
"Ypäjä","58",36,19,17
"Ypäjä","59",38,23,15
"Ypäjä","60",43,19,24
"Ypäjä","61",43,20,23
"Ypäjä","62",33,17,16
"Ypäjä","63",35,14,21
"Ypäjä","64",37,20,17
"Ypäjä","65",42,15,27
"Ypäjä","66",39,16,23
"Ypäjä","67",39,22,17
"Ypäjä","68",41,30,11
"Ypäjä","69",42,23,19
"Ypäjä","70",52,26,26
"Ypäjä","71",41,26,15
"Ypäjä","72",30,19,11
"Ypäjä","73",42,22,20
"Ypäjä","74",33,17,16
"Ypäjä","75",24,13,11
"Ypäjä","76",22,10,12
"Ypäjä","77",22,10,12
"Ypäjä","78",19,8,11
"Ypäjä","79",20,8,12
"Ypäjä","80",10,3,7
"Ypäjä","81",21,8,13
"Ypäjä","82",20,11,9
"Ypäjä","83",11,6,5
"Ypäjä","84",14,6,8
"Ypäjä","85",17,8,9
"Ypäjä","86",9,5,4
"Ypäjä","87",9,4,5
"Ypäjä","88",8,1,7
"Ypäjä","89",7,1,6
"Ypäjä","90",9,4,5
"Ypäjä","91",8,1,7
"Ypäjä","92",7,2,5
"Ypäjä","93",5,1,4
"Ypäjä","94",3,0,3
"Ypäjä","95",2,0,2
"Ypäjä","96",2,0,2
"Ypäjä","97",1,0,1
"Ypäjä","98",1,0,1
"Ypäjä","99",1,0,1
"Ypäjä","100 -",1,0,1
"Ähtäri","0",27,11,16
"Ähtäri","1",41,25,16
"Ähtäri","2",29,18,11
"Ähtäri","3",47,22,25
"Ähtäri","4",47,23,24
"Ähtäri","5",38,19,19
"Ähtäri","6",47,26,21
"Ähtäri","7",53,33,20
"Ähtäri","8",47,31,16
"Ähtäri","9",51,26,25
"Ähtäri","10",48,29,19
"Ähtäri","11",61,35,26
"Ähtäri","12",78,38,40
"Ähtäri","13",68,30,38
"Ähtäri","14",60,30,30
"Ähtäri","15",52,22,30
"Ähtäri","16",61,35,26
"Ähtäri","17",61,36,25
"Ähtäri","18",58,31,27
"Ähtäri","19",55,35,20
"Ähtäri","20",35,25,10
"Ähtäri","21",41,20,21
"Ähtäri","22",31,24,7
"Ähtäri","23",29,23,6
"Ähtäri","24",33,17,16
"Ähtäri","25",31,15,16
"Ähtäri","26",37,18,19
"Ähtäri","27",21,12,9
"Ähtäri","28",43,23,20
"Ähtäri","29",50,26,24
"Ähtäri","30",53,22,31
"Ähtäri","31",48,25,23
"Ähtäri","32",42,18,24
"Ähtäri","33",42,27,15
"Ähtäri","34",51,28,23
"Ähtäri","35",58,33,25
"Ähtäri","36",59,35,24
"Ähtäri","37",59,31,28
"Ähtäri","38",47,29,18
"Ähtäri","39",61,37,24
"Ähtäri","40",47,22,25
"Ähtäri","41",41,19,22
"Ähtäri","42",63,33,30
"Ähtäri","43",61,30,31
"Ähtäri","44",52,24,28
"Ähtäri","45",57,29,28
"Ähtäri","46",49,26,23
"Ähtäri","47",46,27,19
"Ähtäri","48",47,28,19
"Ähtäri","49",53,25,28
"Ähtäri","50",55,25,30
"Ähtäri","51",80,47,33
"Ähtäri","52",73,45,28
"Ähtäri","53",61,29,32
"Ähtäri","54",74,43,31
"Ähtäri","55",81,37,44
"Ähtäri","56",100,53,47
"Ähtäri","57",80,35,45
"Ähtäri","58",76,40,36
"Ähtäri","59",81,40,41
"Ähtäri","60",99,52,47
"Ähtäri","61",84,32,52
"Ähtäri","62",110,61,49
"Ähtäri","63",99,54,45
"Ähtäri","64",94,58,36
"Ähtäri","65",129,68,61
"Ähtäri","66",103,49,54
"Ähtäri","67",108,58,50
"Ähtäri","68",85,43,42
"Ähtäri","69",106,48,58
"Ähtäri","70",103,49,54
"Ähtäri","71",131,62,69
"Ähtäri","72",110,55,55
"Ähtäri","73",97,49,48
"Ähtäri","74",120,60,60
"Ähtäri","75",87,47,40
"Ähtäri","76",60,34,26
"Ähtäri","77",44,21,23
"Ähtäri","78",41,24,17
"Ähtäri","79",69,27,42
"Ähtäri","80",51,15,36
"Ähtäri","81",56,26,30
"Ähtäri","82",56,25,31
"Ähtäri","83",53,27,26
"Ähtäri","84",33,13,20
"Ähtäri","85",35,12,23
"Ähtäri","86",29,11,18
"Ähtäri","87",25,12,13
"Ähtäri","88",26,9,17
"Ähtäri","89",21,5,16
"Ähtäri","90",19,3,16
"Ähtäri","91",15,4,11
"Ähtäri","92",14,3,11
"Ähtäri","93",11,2,9
"Ähtäri","94",5,0,5
"Ähtäri","95",6,2,4
"Ähtäri","96",2,0,2
"Ähtäri","97",4,1,3
"Ähtäri","98",3,1,2
"Ähtäri","99",1,0,1
"Ähtäri","100 -",1,0,1
"Äänekoski","0",118,58,60
"Äänekoski","1",134,82,52
"Äänekoski","2",139,81,58
"Äänekoski","3",164,83,81
"Äänekoski","4",157,77,80
"Äänekoski","5",178,72,106
"Äänekoski","6",183,98,85
"Äänekoski","7",199,100,99
"Äänekoski","8",216,107,109
"Äänekoski","9",226,121,105
"Äänekoski","10",216,111,105
"Äänekoski","11",208,110,98
"Äänekoski","12",226,114,112
"Äänekoski","13",229,115,114
"Äänekoski","14",239,110,129
"Äänekoski","15",245,131,114
"Äänekoski","16",207,105,102
"Äänekoski","17",238,128,110
"Äänekoski","18",219,115,104
"Äänekoski","19",180,112,68
"Äänekoski","20",178,104,74
"Äänekoski","21",155,94,61
"Äänekoski","22",144,80,64
"Äänekoski","23",134,73,61
"Äänekoski","24",152,92,60
"Äänekoski","25",114,67,47
"Äänekoski","26",157,90,67
"Äänekoski","27",155,82,73
"Äänekoski","28",166,92,74
"Äänekoski","29",138,85,53
"Äänekoski","30",139,81,58
"Äänekoski","31",163,96,67
"Äänekoski","32",168,88,80
"Äänekoski","33",183,91,92
"Äänekoski","34",147,79,68
"Äänekoski","35",184,97,87
"Äänekoski","36",182,99,83
"Äänekoski","37",186,90,96
"Äänekoski","38",213,116,97
"Äänekoski","39",168,75,93
"Äänekoski","40",194,95,99
"Äänekoski","41",201,101,100
"Äänekoski","42",232,106,126
"Äänekoski","43",233,132,101
"Äänekoski","44",232,110,122
"Äänekoski","45",220,113,107
"Äänekoski","46",212,106,106
"Äänekoski","47",224,126,98
"Äänekoski","48",191,103,88
"Äänekoski","49",224,120,104
"Äänekoski","50",228,117,111
"Äänekoski","51",219,123,96
"Äänekoski","52",276,135,141
"Äänekoski","53",236,115,121
"Äänekoski","54",236,129,107
"Äänekoski","55",246,126,120
"Äänekoski","56",268,137,131
"Äänekoski","57",287,131,156
"Äänekoski","58",300,164,136
"Äänekoski","59",311,164,147
"Äänekoski","60",302,152,150
"Äänekoski","61",320,145,175
"Äänekoski","62",282,140,142
"Äänekoski","63",294,136,158
"Äänekoski","64",276,131,145
"Äänekoski","65",300,161,139
"Äänekoski","66",295,145,150
"Äänekoski","67",253,134,119
"Äänekoski","68",321,160,161
"Äänekoski","69",277,144,133
"Äänekoski","70",298,151,147
"Äänekoski","71",288,133,155
"Äänekoski","72",289,135,154
"Äänekoski","73",327,153,174
"Äänekoski","74",297,152,145
"Äänekoski","75",247,124,123
"Äänekoski","76",189,89,100
"Äänekoski","77",196,100,96
"Äänekoski","78",138,63,75
"Äänekoski","79",196,89,107
"Äänekoski","80",128,55,73
"Äänekoski","81",143,55,88
"Äänekoski","82",146,60,86
"Äänekoski","83",143,59,84
"Äänekoski","84",129,42,87
"Äänekoski","85",104,27,77
"Äänekoski","86",86,29,57
"Äänekoski","87",72,30,42
"Äänekoski","88",76,26,50
"Äänekoski","89",61,25,36
"Äänekoski","90",49,18,31
"Äänekoski","91",43,10,33
"Äänekoski","92",28,7,21
"Äänekoski","93",15,2,13
"Äänekoski","94",22,6,16
"Äänekoski","95",16,3,13
"Äänekoski","96",6,2,4
"Äänekoski","97",5,1,4
"Äänekoski","98",1,0,1
"Äänekoski","99",1,0,1
"Äänekoski","100 -",1,0,1
